#n   age/yr      logL   logTef grav    logTc  logrho Xc     Yc     Xc_C   Xc_O   Q_conv Q_disc L_H/L Q1_H Q2_H L_He/L Q1_He Q2_He L_C/L L_nu/L Q_Tmax phase
#(1) (2)         (3)    (4)    (5)     (6)    (7)    (8)    (9)    (10)   (11)   (12)   (13)   (14) (15)  (16) (17)   (18)  (19)  (20)  (21)   (22)   (23) 
  1 0.000000e+00 1.7625 4.1946 4.7009  7.4387 1.9794 0.5974 0.4022 0.0000 0.0001 0.287 0.293  1.010 0.000 0.619 0.000 0.000 0.000 0.000 0.000 0.000 bms
  2 3.729406e+07 1.7898 4.1897 4.6540  7.4373 1.9584 0.5583 0.4413 0.0000 0.0000 0.282 0.494  1.001 0.000 0.605 0.000 0.000 0.000 0.000 0.000 0.000 
  3 8.384309e+07 1.8264 4.1890 4.6146  7.4459 1.9631 0.5085 0.4912 0.0000 0.0000 0.275 0.574  1.001 0.000 0.574 0.000 0.000 0.000 0.000 0.000 0.000 
  4 1.239454e+08 1.8695 4.1871 4.5639  7.4557 1.9706 0.4499 0.5497 0.0000 0.0000 0.254 0.612  1.001 0.000 0.542 0.000 0.000 0.000 0.000 0.000 0.000 
  5 1.600472e+08 1.9082 4.1835 4.5108  7.4653 1.9767 0.3919 0.6077 0.0000 0.0000 0.245 0.633  1.002 0.000 0.508 0.000 0.000 0.000 0.000 0.000 0.000 
  6 1.900490e+08 1.9457 4.1789 4.4549  7.4744 1.9853 0.3361 0.6635 0.0000 0.0000 0.226 0.646  1.002 0.000 0.467 0.000 0.000 0.000 0.000 0.000 0.000 
  7 2.155714e+08 1.9779 4.1732 4.3999  7.4833 1.9943 0.2840 0.7156 0.0000 0.0000 0.214 0.652  1.002 0.000 0.430 0.000 0.000 0.000 0.000 0.000 0.000 
  8 2.367669e+08 2.0087 4.1664 4.3419  7.4926 2.0061 0.2329 0.7667 0.0000 0.0000 0.201 0.661  1.002 0.000 0.402 0.000 0.000 0.000 0.000 0.000 0.000 
  9 2.545801e+08 2.0378 4.1588 4.2824  7.5028 2.0228 0.1825 0.8171 0.0000 0.0000 0.187 0.661  1.002 0.000 0.360 0.000 0.000 0.000 0.000 0.000 0.000 
 10 2.695119e+08 2.0639 4.1508 4.2243  7.5142 2.0448 0.1346 0.8650 0.0000 0.0000 0.173 0.669  1.002 0.000 0.335 0.000 0.000 0.000 0.000 0.000 0.000 
 11 2.827200e+08 2.0896 4.1427 4.1662  7.5289 2.0782 0.0862 0.9135 0.0000 0.0000 0.159 0.669  1.002 0.161 0.309 0.000 0.000 0.000 0.000 0.000 0.000 
 12 2.934403e+08 2.1134 4.1383 4.1248  7.5494 2.1316 0.0427 0.9569 0.0000 0.0000 0.146 0.669  1.001 0.149 0.296 0.000 0.000 0.000 0.000 0.000 0.000 tminms
 13 2.996320e+08 2.1360 4.1460 4.1330  7.5825 2.2274 0.0121 0.9875 0.0000 0.0000 0.137 0.669  0.993 0.000 0.315 0.000 0.000 0.000 0.000 0.000 0.000 
 14 3.009417e+08 2.1457 4.1549 4.1589  7.6009 2.2845 0.0058 0.9938 0.0000 0.0000 0.133 0.669  0.981 0.000 0.335 0.000 0.000 0.000 0.000 0.000 0.000 
 15 3.014927e+08 2.1572 4.1653 4.1890  7.6196 2.3469 0.0026 0.9970 0.0000 0.0000 0.128 0.669  0.956 0.000 0.366 0.000 0.000 0.000 0.000 0.000 0.000 
 16 3.017668e+08 2.1700 4.1751 4.2154  7.6367 2.4114 0.0012 0.9984 0.0000 0.0000 0.120 0.669  0.911 0.000 0.412 0.000 0.000 0.000 0.000 0.000 0.000 
 17 3.019211e+08 2.1873 4.1850 4.2377  7.6547 2.4992 0.0004 0.9992 0.0000 0.0000 0.101 0.669  0.839 0.000 0.533 0.000 0.000 0.000 0.000 0.000 0.000 
 18 3.020370e+08 2.1995 4.1908 4.2487  7.6633 2.6659 0.0001 0.9996 0.0000 0.0000 0.031 0.669  0.900 0.000 0.639 0.000 0.000 0.000 0.000 0.000 0.000 tmaxlms
 19 3.021031e+08 2.1818 4.1816 4.2296  7.6294 2.8427 0.0000 0.9996 0.0000 0.0000 0.000 0.669  1.157 0.001 0.597 0.000 0.000 0.000 0.000 0.000 0.000 
 20 3.021160e+08 2.1806 4.1796 4.2228  7.6267 2.8635 0.0000 0.9996 0.0000 0.0000 0.000 0.669  1.153 0.003 0.590 0.000 0.000 0.000 0.000 0.000 0.000 lminsgb
 21 3.021820e+08 2.2005 4.1711 4.1689  7.6193 2.9607 0.0000 0.9996 0.0000 0.0000 0.000 0.669  1.111 0.014 0.521 0.000 0.000 0.000 0.000 0.000 0.000 
 22 3.022723e+08 2.2294 4.1638 4.1108  7.6147 3.0529 0.0000 0.9996 0.0000 0.0000 0.000 0.669  1.075 0.026 0.445 0.000 0.000 0.000 0.000 0.000 0.000 
 23 3.024071e+08 2.2496 4.1552 4.0562  7.6114 3.1483 0.0000 0.9996 0.0000 0.0000 0.000 0.669  1.051 0.038 0.422 0.000 0.000 0.000 0.000 0.000 0.000 
 24 3.025925e+08 2.2652 4.1458 4.0030  7.6105 3.2458 0.0000 0.9996 0.0000 0.0000 0.000 0.669  1.036 0.053 0.402 0.000 0.000 0.000 0.000 0.000 0.000 
 25 3.028274e+08 2.2769 4.1364 3.9537  7.6127 3.3369 0.0000 0.9996 0.0000 0.0000 0.000 0.669  1.027 0.064 0.385 0.000 0.000 0.000 0.000 0.000 0.000 
 26 3.030989e+08 2.2858 4.1278 3.9104  7.6177 3.4157 0.0000 0.9996 0.0000 0.0000 0.000 0.669  1.022 0.075 0.373 0.000 0.000 0.000 0.000 0.000 0.000 
 27 3.033818e+08 2.2948 4.1175 3.8602  7.6268 3.5022 0.0000 0.9996 0.0000 0.0000 0.000 0.669  1.020 0.086 0.354 0.000 0.000 0.000 0.000 0.000 0.000 
 28 3.036557e+08 2.3036 4.1058 3.8046  7.6403 3.5904 0.0000 0.9996 0.0000 0.0000 0.000 0.669  1.018 0.096 0.335 0.000 0.000 0.000 0.000 0.000 0.000 
 29 3.039101e+08 2.3093 4.0971 3.7641  7.6518 3.6500 0.0000 0.9996 0.0000 0.0000 0.000 0.669  1.018 0.104 0.328 0.000 0.000 0.000 0.000 0.000 0.000 
 30 3.041384e+08 2.3151 4.0873 3.7191  7.6651 3.7100 0.0000 0.9996 0.0000 0.0000 0.000 0.669  1.018 0.110 0.315 0.000 0.000 0.000 0.000 0.000 0.000 
 31 3.043407e+08 2.3207 4.0763 3.6695  7.6802 3.7705 0.0000 0.9996 0.0000 0.0000 0.000 0.669  1.019 0.118 0.299 0.000 0.000 0.000 0.000 0.000 0.000 
 32 3.045194e+08 2.3234 4.0703 3.6428  7.6884 3.8009 0.0000 0.9996 0.0000 0.0000 0.000 0.669  1.020 0.120 0.296 0.000 0.000 0.000 0.000 0.000 0.000 
 33 3.046774e+08 2.3286 4.0569 3.5840  7.7057 3.8617 0.0000 0.9996 0.0000 0.0000 0.000 0.669  1.022 0.126 0.281 0.000 0.000 0.000 0.000 0.000 0.000 
 34 3.048183e+08 2.3311 4.0496 3.5523  7.7149 3.8921 0.0000 0.9996 0.0000 0.0000 0.000 0.669  1.023 0.128 0.272 0.000 0.000 0.000 0.000 0.000 0.000 
 35 3.049440e+08 2.3333 4.0416 3.5181  7.7243 3.9226 0.0000 0.9996 0.0000 0.0000 0.000 0.669  1.024 0.130 0.267 0.000 0.000 0.000 0.000 0.000 0.000 
 36 3.050581e+08 2.3355 4.0330 3.4815  7.7340 3.9530 0.0000 0.9996 0.0000 0.0000 0.000 0.665  1.025 0.132 0.262 0.000 0.000 0.000 0.000 0.000 0.000 
 37 3.051604e+08 2.3392 4.0138 3.4010  7.7539 4.0139 0.0000 0.9996 0.0000 0.0000 0.000 0.665  1.028 0.136 0.248 0.000 0.000 0.000 0.000 0.000 0.000 
 38 3.052542e+08 2.3392 4.0138 3.4010  7.7539 4.0139 0.0000 0.9996 0.0000 0.0000 0.000 0.665  1.028 0.136 0.248 0.000 0.000 0.000 0.000 0.000 0.000 
 39 3.053413e+08 2.3413 3.9948 3.3229  7.7716 4.0660 0.0000 0.9996 0.0000 0.0000 0.000 0.665  1.032 0.140 0.241 0.000 0.000 0.000 0.000 0.000 0.000 
 40 3.054205e+08 2.3419 3.9853 3.2843  7.7797 4.0895 0.0000 0.9996 0.0000 0.0000 0.000 0.665  1.034 0.141 0.237 0.000 0.000 0.000 0.000 0.000 0.000 
 41 3.054928e+08 2.3423 3.9744 3.2403  7.7882 4.1142 0.0000 0.9996 0.0000 0.0000 0.000 0.665  1.036 0.143 0.235 0.000 0.000 0.000 0.000 0.000 0.000 
 42 3.055599e+08 2.3425 3.9645 3.2005  7.7956 4.1352 0.0000 0.9996 0.0000 0.0000 0.000 0.665  1.038 0.144 0.232 0.000 0.000 0.000 0.000 0.000 0.000 
 43 3.055630e+08 2.3425 3.9645 3.2005  7.7956 4.1352 0.0000 0.9996 0.0000 0.0000 0.000 0.665  1.038 0.144 0.232 0.000 0.000 0.000 0.000 0.000 0.000 lmaxsgb
 44 3.056252e+08 2.3425 3.9584 3.1761  7.7999 4.1474 0.0000 0.9996 0.0000 0.0000 0.000 0.665  1.038 0.146 0.230 0.000 0.000 0.000 0.000 0.000 0.000 
 45 3.056822e+08 2.3420 3.9432 3.1158  7.8098 4.1756 0.0000 0.9996 0.0000 0.0000 0.000 0.665  1.041 0.148 0.227 0.000 0.000 0.000 0.000 0.000 0.000 
 46 3.057359e+08 2.3415 3.9337 3.0783  7.8156 4.1920 0.0000 0.9996 0.0000 0.0000 0.000 0.665  1.042 0.150 0.224 0.000 0.000 0.000 0.000 0.000 0.000 
 47 3.057868e+08 2.3404 3.9215 3.0306  7.8226 4.2116 0.0000 0.9996 0.0000 0.0000 0.000 0.665  1.045 0.151 0.222 0.000 0.000 0.000 0.000 0.000 0.000 
 48 3.058342e+08 2.3392 3.9125 2.9958  7.8275 4.2253 0.0000 0.9996 0.0000 0.0000 0.000 0.665  1.047 0.152 0.221 0.000 0.000 0.000 0.000 0.000 0.000 
 49 3.058782e+08 2.3378 3.9023 2.9564  7.8327 4.2398 0.0000 0.9996 0.0000 0.0000 0.000 0.665  1.050 0.153 0.220 0.000 0.000 0.000 0.000 0.000 0.000 
 50 3.059185e+08 2.3360 3.8908 2.9122  7.8381 4.2551 0.0000 0.9996 0.0000 0.0000 0.000 0.665  1.053 0.154 0.218 0.000 0.000 0.000 0.000 0.000 0.000 
 51 3.059573e+08 2.3342 3.8804 2.8724  7.8427 4.2680 0.0000 0.9996 0.0000 0.0000 0.000 0.665  1.055 0.155 0.216 0.000 0.000 0.000 0.000 0.000 0.000 
 52 3.059927e+08 2.3330 3.8741 2.8484  7.8453 4.2754 0.0000 0.9996 0.0000 0.0000 0.000 0.665  1.056 0.156 0.216 0.000 0.000 0.000 0.000 0.000 0.000 
 53 3.060268e+08 2.3316 3.8669 2.8210  7.8483 4.2836 0.0000 0.9996 0.0000 0.0000 0.000 0.665  1.058 0.156 0.215 0.000 0.000 0.000 0.000 0.000 0.000 
 54 3.060589e+08 2.3298 3.8585 2.7892  7.8515 4.2926 0.0000 0.9996 0.0000 0.0000 0.000 0.665  1.060 0.157 0.215 0.000 0.000 0.000 0.000 0.000 0.000 
 55 3.060892e+08 2.3276 3.8488 2.7526  7.8550 4.3026 0.0000 0.9996 0.0000 0.0000 0.000 0.665  1.063 0.158 0.214 0.000 0.000 0.000 0.000 0.000 0.000 
 56 3.061186e+08 2.3227 3.8296 2.6807  7.8616 4.3209 0.0000 0.9996 0.0000 0.0000 0.000 0.665  1.069 0.158 0.213 0.000 0.000 0.000 0.000 0.000 0.000 
 57 3.061461e+08 2.3201 3.8207 2.6477  7.8644 4.3288 0.0000 0.9996 0.0000 0.0000 0.000 0.665  1.072 0.159 0.212 0.000 0.000 0.000 0.000 0.000 0.000 
 58 3.061722e+08 2.3171 3.8109 2.6115  7.8673 4.3371 0.0000 0.9996 0.0000 0.0000 0.000 0.665  1.075 0.160 0.212 0.000 0.000 0.000 0.000 0.000 0.000 
 59 3.061973e+08 2.3143 3.8024 2.5803  7.8698 4.3441 0.0000 0.9996 0.0000 0.0000 0.000 0.665  1.079 0.161 0.212 0.000 0.000 0.000 0.000 0.000 0.000 
 60 3.062229e+08 2.3105 3.7918 2.5417  7.8728 4.3525 0.0000 0.9996 0.0000 0.0000 0.000 0.665  1.083 0.161 0.211 0.000 0.000 0.000 0.000 0.000 0.000 
 61 3.062535e+08 2.3053 3.7808 2.5029  7.8765 4.3627 0.0000 0.9996 0.0000 0.0000 0.000 0.665  1.089 0.161 0.210 0.000 0.000 0.000 0.000 0.000 0.000 
 62 3.062952e+08 2.2985 3.7712 2.4713  7.8806 4.3743 0.0000 0.9996 0.0000 0.0000 0.000 0.665  1.096 0.162 0.209 0.000 0.000 0.000 0.000 0.000 0.000 
 63 3.063568e+08 2.2788 3.7591 2.4426  7.8894 4.3990 0.0000 0.9996 0.0000 0.0000 0.000 0.665  1.119 0.164 0.208 0.000 0.000 0.000 0.000 0.000 0.000 
 64 3.064219e+08 2.2601 3.7519 2.4325  7.8958 4.4171 0.0000 0.9996 0.0000 0.0000 0.000 0.665  1.141 0.166 0.207 0.000 0.000 0.000 0.000 0.000 0.000 
 65 3.065116e+08 2.2331 3.7426 2.4223  7.9069 4.4481 0.0000 0.9996 0.0000 0.0000 0.000 0.665  1.155 0.167 0.205 0.000 0.000 0.000 0.000 0.000 0.000 
 66 3.065242e+08 2.2321 3.7415 2.4189  7.9085 4.4526 0.0000 0.9996 0.0000 0.0000 0.000 0.665  1.150 0.167 0.205 0.000 0.000 0.000 0.000 0.000 0.000 brgb
 67 3.066240e+08 2.2583 3.7337 2.3615  7.9204 4.4867 0.0000 0.9996 0.0000 0.0000 0.000 0.661  1.059 0.170 0.203 0.000 0.000 0.000 0.000 0.000 0.000 
 68 3.067254e+08 2.2906 3.7299 2.3140  7.9294 4.5134 0.0000 0.9996 0.0000 0.0000 0.000 0.652  1.007 0.171 0.203 0.000 0.000 0.000 0.000 0.000 0.000 
 69 3.068735e+08 2.3325 3.7267 2.2593  7.9439 4.5581 0.0000 0.9996 0.0000 0.0000 0.000 0.598  0.982 0.174 0.202 0.000 0.000 0.000 0.000 0.000 0.000 
 70 3.070378e+08 2.3731 3.7240 2.2079  7.9588 4.6054 0.0000 0.9996 0.0000 0.0000 0.000 0.523  0.975 0.177 0.202 0.000 0.000 0.001 0.000 0.000 0.000 
 71 3.072124e+08 2.4094 3.7215 2.1616  7.9726 4.6484 0.0000 0.9996 0.0000 0.0000 0.000 0.471  0.974 0.179 0.202 0.000 0.000 0.005 0.000 0.000 0.000 
 72 3.073882e+08 2.4524 3.7187 2.1074  7.9910 4.6951 0.0000 0.9993 0.0003 0.0000 0.000 0.419  0.973 0.183 0.202 0.000 0.000 0.013 0.000 0.000 0.000 
 73 3.075707e+08 2.4915 3.7166 2.0599  8.0195 4.7245 0.0000 0.9988 0.0008 0.0000 0.007 0.381  0.972 0.185 0.203 0.004 0.000 0.018 0.000 0.000 0.000 
 74 3.076642e+08 2.5085 3.7156 2.0389  8.0430 4.7124 0.0000 0.9983 0.0013 0.0000 0.026 0.370  0.966 0.187 0.203 0.033 0.000 0.017 0.000 0.000 0.000 trgb
 75 3.079311e+08 2.4737 3.7177 2.0821  8.0547 4.5529 0.0000 0.9951 0.0045 0.0000 0.070 0.366  0.963 0.189 0.207 0.049 0.000 0.020 0.000 0.000 0.000 
 76 3.085882e+08 2.4322 3.7204 2.1344  8.0489 4.5086 0.0000 0.9894 0.0102 0.0000 0.044 0.366  0.967 0.193 0.212 0.027 0.000 0.020 0.000 0.000 0.000 
 77 3.106759e+08 2.3947 3.7237 2.1851  8.0562 4.4484 0.0000 0.9701 0.0292 0.0003 0.049 0.366  0.955 0.204 0.225 0.041 0.000 0.022 0.000 0.000 0.000 
 78 3.143592e+08 2.3696 3.7287 2.2302  8.0645 4.3691 0.0000 0.9466 0.0519 0.0011 0.074 0.366  0.936 0.218 0.241 0.060 0.000 0.024 0.000 0.000 0.000 lmincheb
 79 3.178734e+08 2.3957 3.7353 2.2305  8.0711 4.3185 0.0000 0.9128 0.0842 0.0026 0.082 0.366  0.920 0.230 0.255 0.072 0.000 0.026 0.000 0.000 0.000 
 80 3.193896e+08 2.4279 3.7416 2.2235  8.0739 4.2985 0.0000 0.8970 0.0991 0.0036 0.085 0.366  0.917 0.235 0.262 0.074 0.000 0.027 0.000 0.000 0.000 
 81 3.207708e+08 2.4550 3.7492 2.2268  8.0762 4.2819 0.0000 0.8826 0.1124 0.0045 0.088 0.366  0.918 0.239 0.268 0.076 0.000 0.028 0.000 0.000 0.000 
 82 3.223205e+08 2.4806 3.7584 2.2380  8.0792 4.2615 0.0000 0.8638 0.1298 0.0060 0.091 0.366  0.916 0.245 0.275 0.080 0.000 0.029 0.000 0.000 0.000 
 83 3.234209e+08 2.4917 3.7649 2.2529  8.0807 4.2515 0.0000 0.8546 0.1382 0.0068 0.093 0.366  0.914 0.247 0.278 0.082 0.000 0.030 0.000 0.000 0.000 
 84 3.241838e+08 2.5021 3.7750 2.2829  8.0821 4.2416 0.0000 0.8453 0.1466 0.0077 0.095 0.366  0.912 0.250 0.281 0.084 0.000 0.030 0.000 0.000 0.000 
 85 3.248205e+08 2.5119 3.7879 2.3247  8.0837 4.2319 0.0000 0.8349 0.1559 0.0087 0.097 0.366  0.910 0.252 0.285 0.086 0.000 0.030 0.000 0.000 0.000 
 86 3.254473e+08 2.5184 3.7971 2.3550  8.0847 4.2252 0.0000 0.8285 0.1617 0.0094 0.098 0.366  0.909 0.254 0.287 0.088 0.000 0.031 0.000 0.000 0.000 
 87 3.260667e+08 2.5251 3.8068 2.3871  8.0858 4.2182 0.0000 0.8211 0.1683 0.0102 0.099 0.366  0.907 0.256 0.289 0.090 0.000 0.032 0.000 0.000 0.000 
 88 3.267407e+08 2.5315 3.8159 2.4171  8.0869 4.2114 0.0000 0.8138 0.1748 0.0110 0.101 0.366  0.905 0.258 0.291 0.092 0.000 0.032 0.000 0.000 0.000 
 89 3.274873e+08 2.5407 3.8280 2.4563  8.0885 4.2014 0.0000 0.8023 0.1850 0.0123 0.103 0.366  0.903 0.261 0.295 0.095 0.000 0.033 0.000 0.000 0.000 
 90 3.283283e+08 2.5489 3.8379 2.4877  8.0900 4.1919 0.0000 0.7924 0.1936 0.0136 0.105 0.366  0.900 0.264 0.298 0.098 0.000 0.034 0.000 0.000 0.000 
 91 3.293208e+08 2.5580 3.8476 2.5174  8.0917 4.1815 0.0000 0.7797 0.2046 0.0152 0.108 0.366  0.897 0.267 0.302 0.101 0.000 0.034 0.000 0.000 0.000 
 92 3.307100e+08 2.5712 3.8581 2.5462  8.0944 4.1661 0.0000 0.7594 0.2222 0.0180 0.111 0.366  0.893 0.271 0.307 0.107 0.000 0.035 0.000 0.000 0.000 
 93 3.332140e+08 2.5921 3.8667 2.5597  8.0991 4.1415 0.0000 0.7225 0.2534 0.0236 0.118 0.366  0.884 0.279 0.317 0.116 0.000 0.038 0.000 0.000 0.000 
 94 3.363182e+08 2.6190 3.8746 2.5644  8.1052 4.1107 0.0000 0.6748 0.2922 0.0324 0.124 0.366  0.871 0.288 0.328 0.129 0.000 0.044 0.000 0.000 0.000 
 95 3.391992e+08 2.6442 3.8828 2.5720  8.1113 4.0829 0.0000 0.6281 0.3288 0.0426 0.130 0.366  0.857 0.297 0.339 0.143 0.000 0.044 0.000 0.000 0.000 
 96 3.420179e+08 2.6687 3.8910 2.5803  8.1175 4.0571 0.0000 0.5798 0.3648 0.0549 0.134 0.366  0.842 0.306 0.351 0.159 0.000 0.049 0.000 0.000 0.000 
 97 3.446243e+08 2.6910 3.8994 2.5916  8.1241 4.0359 0.0000 0.5279 0.4020 0.0696 0.138 0.366  0.825 0.315 0.361 0.175 0.000 0.050 0.000 0.000 0.000 
 98 3.472866e+08 2.7141 3.9078 2.6021  8.1314 4.0143 0.0000 0.4740 0.4375 0.0880 0.144 0.367  0.807 0.324 0.372 0.194 0.000 0.058 0.000 0.000 0.000 
 99 3.500118e+08 2.7379 3.9162 2.6119  8.1397 3.9940 0.0000 0.4150 0.4724 0.1121 0.150 0.377  0.785 0.334 0.385 0.215 0.000 0.058 0.000 0.000 0.000 
100 3.528291e+08 2.7624 3.9244 2.6202  8.1494 3.9755 0.0000 0.3497 0.5053 0.1446 0.154 0.390  0.760 0.344 0.397 0.241 0.000 0.065 0.000 0.000 0.000 
101 3.562335e+08 2.7922 3.9289 2.6084  8.1643 3.9628 0.0000 0.2602 0.5379 0.2013 0.158 0.405  0.725 0.356 0.412 0.276 0.000 0.069 0.000 0.000 0.000 tmaxcheb
102 3.597823e+08 2.8260 3.9239 2.5546  8.1846 3.9655 0.0000 0.1679 0.5404 0.2911 0.166 0.421  0.684 0.371 0.426 0.316 0.000 0.075 0.000 0.000 0.000 
103 3.615492e+08 2.8443 3.9148 2.4999  8.1979 3.9778 0.0000 0.1225 0.5230 0.3540 0.167 0.426  0.664 0.377 0.432 0.337 0.000 0.080 0.000 0.000 0.000 
104 3.626473e+08 2.8560 3.9057 2.4518  8.2069 3.9905 0.0000 0.0976 0.5033 0.3986 0.170 0.431  0.653 0.382 0.436 0.348 0.000 0.084 0.000 0.000 0.000 
105 3.633374e+08 2.8638 3.8967 2.4080  8.2141 4.0030 0.0000 0.0807 0.4875 0.4313 0.172 0.433  0.646 0.385 0.438 0.354 0.000 0.086 0.000 0.000 0.000 
106 3.638494e+08 2.8710 3.8866 2.3604  8.2209 4.0163 0.0000 0.0667 0.4708 0.4619 0.173 0.435  0.641 0.387 0.438 0.359 0.000 0.088 0.000 0.000 0.000 
107 3.642767e+08 2.8777 3.8754 2.3089  8.2276 4.0301 0.0000 0.0552 0.4527 0.4916 0.173 0.437  0.637 0.389 0.439 0.363 0.000 0.090 0.000 0.000 0.000 
108 3.645852e+08 2.8825 3.8649 2.2621  8.2334 4.0442 0.0000 0.0461 0.4386 0.5148 0.173 0.438  0.635 0.391 0.439 0.364 0.000 0.092 0.000 0.001 0.000 
109 3.647522e+08 2.8856 3.8549 2.2190  8.2380 4.0569 0.0000 0.0396 0.4304 0.5295 0.173 0.438  0.635 0.391 0.439 0.364 0.000 0.093 0.000 0.001 0.000 
110 3.648945e+08 2.8887 3.8445 2.1743  8.2425 4.0694 0.0000 0.0340 0.4224 0.5431 0.173 0.438  0.635 0.392 0.439 0.364 0.000 0.094 0.000 0.001 0.000 
111 3.650152e+08 2.8908 3.8363 2.1394  8.2457 4.0786 0.0000 0.0303 0.4165 0.5526 0.173 0.438  0.635 0.392 0.439 0.363 0.000 0.095 0.000 0.001 0.000 
112 3.651208e+08 2.8935 3.8251 2.0919  8.2499 4.0908 0.0000 0.0261 0.4090 0.5644 0.173 0.439  0.636 0.393 0.439 0.362 0.000 0.096 0.000 0.001 0.000 
113 3.652129e+08 2.8960 3.8135 2.0430  8.2540 4.1029 0.0000 0.0224 0.4019 0.5752 0.173 0.439  0.636 0.394 0.439 0.361 0.000 0.096 0.000 0.001 0.000 
114 3.652934e+08 2.8977 3.8046 2.0057  8.2570 4.1119 0.0000 0.0200 0.3969 0.5826 0.173 0.439  0.637 0.394 0.439 0.360 0.000 0.097 0.000 0.001 0.000 
115 3.653647e+08 2.8993 3.7956 1.9681  8.2599 4.1207 0.0000 0.0178 0.3922 0.5894 0.173 0.439  0.638 0.395 0.438 0.359 0.000 0.098 0.000 0.001 0.000 
116 3.654277e+08 2.9013 3.7833 1.9169  8.2637 4.1324 0.0000 0.0153 0.3865 0.5977 0.173 0.439  0.639 0.395 0.438 0.357 0.000 0.098 0.000 0.001 0.000 
117 3.654848e+08 2.9027 3.7742 1.8791  8.2665 4.1411 0.0000 0.0137 0.3825 0.6033 0.173 0.440  0.640 0.395 0.438 0.356 0.000 0.099 0.000 0.001 0.000 
118 3.655380e+08 2.9043 3.7624 1.8303  8.2701 4.1524 0.0000 0.0117 0.3777 0.6101 0.173 0.440  0.642 0.395 0.438 0.354 0.000 0.099 0.000 0.001 0.000 
119 3.655933e+08 2.9057 3.7524 1.7889  8.2737 4.1637 0.0000 0.0101 0.3734 0.6160 0.173 0.440  0.643 0.396 0.438 0.351 0.000 0.100 0.000 0.001 0.000 
120 3.656637e+08 2.9071 3.7440 1.7539  8.2779 4.1774 0.0000 0.0083 0.3688 0.6223 0.173 0.440  0.646 0.396 0.438 0.348 0.000 0.100 0.000 0.001 0.000 
121 3.657671e+08 2.9095 3.7328 1.7067  8.2876 4.2088 0.0000 0.0054 0.3606 0.6335 0.168 0.440  0.652 0.397 0.437 0.339 0.000 0.101 0.000 0.001 0.000 
122 3.658092e+08 2.9101 3.7283 1.6881  8.2938 4.2296 0.0000 0.0040 0.3565 0.6390 0.159 0.440  0.657 0.397 0.436 0.331 0.000 0.101 0.000 0.001 0.000 lmaxcheb
123 3.659109e+08 2.9071 3.7180 1.6499  8.3182 4.3184 0.0000 0.0010 0.3475 0.6510 0.127 0.440  0.690 0.398 0.433 0.246 0.000 0.102 0.000 0.002 0.000 
124 3.659401e+08 2.9053 3.7136 1.6341  8.3360 4.3945 0.0000 0.0002 0.3453 0.6540 0.086 0.440  0.720 0.398 0.430 0.119 0.173 0.204 0.000 0.003 0.000 lmin1cheb
125 3.659761e+08 2.9243 3.7061 1.5851  8.3551 4.5622 0.0000 0.0000 0.3447 0.6548 0.000 0.440  0.722 0.399 0.427 0.022 0.035 0.247 0.000 0.004 0.000 
126 3.659965e+08 2.9582 3.7015 1.5328  8.3674 4.6489 0.0000 0.0000 0.3447 0.6548 0.000 0.440  0.691 0.399 0.425 0.065 0.055 0.258 0.000 0.004 0.000 
127 3.660214e+08 2.9981 3.6976 1.4773  8.3755 4.7305 0.0000 0.0000 0.3447 0.6548 0.000 0.440  0.635 0.399 0.424 0.263 0.070 0.258 0.000 0.005 0.000 
128 3.660333e+08 3.0060 3.6971 1.4674  8.3716 4.7560 0.0000 0.0000 0.3447 0.6548 0.000 0.440  0.579 0.400 0.424 0.422 0.086 0.258 0.000 0.004 0.000 lmaxeagb
129 3.660857e+08 2.9736 3.7015 1.5174  8.3571 4.8238 0.0000 0.0000 0.3447 0.6548 0.000 0.440  0.416 0.400 0.428 0.555 0.104 0.258 0.000 0.006 0.000 
130 3.662027e+08 2.9349 3.7071 1.5785  8.3403 4.9501 0.0000 0.0000 0.3447 0.6548 0.000 0.440  0.164 0.401 0.431 0.838 0.119 0.258 0.000 0.006 0.000 
131 3.663034e+08 2.9286 3.7068 1.5836  8.3339 5.0123 0.0000 0.0000 0.3447 0.6548 0.000 0.440  0.074 0.401 0.432 0.942 0.121 0.260 0.000 0.006 0.000 lmineagb
132 3.664673e+08 2.9510 3.7017 1.5408  8.3278 5.1044 0.0000 0.0000 0.3447 0.6548 0.000 0.440  0.011 0.401 0.430 1.006 0.125 0.261 0.000 0.005 0.000 
133 3.665911e+08 2.9978 3.6963 1.4724  8.3260 5.1832 0.0000 0.0000 0.3447 0.6548 0.000 0.440  0.002 0.402 0.425 1.002 0.133 0.264 0.000 0.005 0.000 
134 3.667178e+08 3.0369 3.6929 1.4197  8.3268 5.2410 0.0000 0.0000 0.3447 0.6548 0.000 0.440  0.000 0.402 0.421 0.998 0.140 0.267 0.000 0.005 0.000 
135 3.668422e+08 3.0579 3.6910 1.3911  8.3279 5.2703 0.0000 0.0000 0.3447 0.6548 0.000 0.440  0.000 0.403 0.419 0.996 0.146 0.267 0.000 0.005 0.000 
136 3.669618e+08 3.1020 3.6878 1.3342  8.3313 5.3290 0.0000 0.0000 0.3447 0.6548 0.000 0.440  0.000 0.404 0.416 0.993 0.156 0.271 0.000 0.006 0.000 
137 3.670732e+08 3.1431 3.6844 1.2795  8.3345 5.3819 0.0000 0.0000 0.3447 0.6548 0.000 0.440  0.000 0.405 0.414 0.991 0.169 0.275 0.000 0.006 0.000 
138 3.671762e+08 3.1824 3.6820 1.2306  8.3386 5.4303 0.0000 0.0000 0.3447 0.6548 0.000 0.440  0.000 0.000 0.000 0.988 0.173 0.276 0.000 0.007 0.000 
139 3.672696e+08 3.2199 3.6790 1.1811  8.3429 5.4751 0.0000 0.0000 0.3447 0.6548 0.000 0.440  0.000 0.000 0.000 0.986 0.175 0.279 0.000 0.007 0.000 
140 3.673533e+08 3.2704 3.6754 1.1162  8.3493 5.5340 0.0000 0.0000 0.3447 0.6548 0.000 0.440  0.000 0.000 0.000 0.981 0.187 0.284 0.000 0.008 0.000 
141 3.674278e+08 3.3116 3.6725 1.0634  8.3548 5.5809 0.0000 0.0000 0.3447 0.6548 0.000 0.440  0.000 0.000 0.000 0.977 0.196 0.287 0.000 0.009 0.000 
142 3.674934e+08 3.3505 3.6692 1.0113  8.3599 5.6249 0.0000 0.0000 0.3447 0.6548 0.000 0.440  0.000 0.000 0.000 0.973 0.205 0.290 0.000 0.010 0.000 
143 3.675532e+08 3.3900 3.6661 0.9594  8.3646 5.6692 0.0000 0.0000 0.3447 0.6548 0.000 0.440  0.000 0.000 0.000 0.970 0.220 0.295 0.000 0.011 0.005 
144 3.676080e+08 3.4222 3.6637 0.9176  8.3677 5.7051 0.0000 0.0000 0.3447 0.6548 0.000 0.440  0.000 0.000 0.000 0.970 0.226 0.297 0.000 0.012 0.011 
145 3.676592e+08 3.4644 3.6604 0.8622  8.3703 5.7523 0.0000 0.0000 0.3447 0.6548 0.000 0.440  0.000 0.000 0.000 0.970 0.235 0.300 0.000 0.013 0.021 
146 3.677073e+08 3.5010 3.6578 0.8152  8.3712 5.7938 0.0000 0.0000 0.3447 0.6548 0.000 0.440  0.000 0.000 0.000 0.968 0.242 0.304 0.000 0.014 0.031 
147 3.677516e+08 3.5445 3.6539 0.7561  8.3707 5.8442 0.0000 0.0000 0.3447 0.6548 0.000 0.435  0.000 0.000 0.000 0.966 0.251 0.307 0.000 0.016 0.042 
148 3.677938e+08 3.5844 3.6512 0.7054  8.3688 5.8907 0.0000 0.0000 0.3447 0.6548 0.000 0.431  0.000 0.000 0.000 0.963 0.259 0.311 0.000 0.018 0.052 
149 3.678320e+08 3.6207 3.6478 0.6555  8.3657 5.9333 0.0000 0.0000 0.3447 0.6548 0.000 0.428  0.000 0.000 0.000 0.960 0.266 0.314 0.000 0.019 0.062 
150 3.678676e+08 3.6628 3.6443 0.5994  8.3600 5.9832 0.0000 0.0000 0.3447 0.6548 0.000 0.425  0.000 0.000 0.000 0.957 0.274 0.318 0.000 0.021 0.076 
151 3.679009e+08 3.7009 3.6412 0.5489  8.3519 6.0287 0.0000 0.0000 0.3447 0.6548 0.000 0.422  0.000 0.000 0.000 0.954 0.281 0.322 0.000 0.023 0.086 
152 3.679319e+08 3.7353 3.6385 0.5037  8.3427 6.0702 0.0000 0.0000 0.3447 0.6548 0.000 0.420  0.000 0.000 0.000 0.952 0.288 0.326 0.000 0.025 0.097 
153 3.679604e+08 3.7789 3.6347 0.4449  8.3298 6.1232 0.0000 0.0000 0.3447 0.6548 0.000 0.418  0.000 0.000 0.000 0.948 0.296 0.330 0.000 0.027 0.110 
154 3.679870e+08 3.8180 3.6312 0.3918  8.3175 6.1711 0.0000 0.0000 0.3447 0.6548 0.000 0.416  0.000 0.000 0.000 0.945 0.304 0.335 0.000 0.030 0.122 
155 3.680115e+08 3.8528 3.6277 0.3430  8.3052 6.2141 0.0000 0.0000 0.3447 0.6548 0.000 0.414  0.000 0.000 0.000 0.942 0.310 0.339 0.000 0.032 0.131 
156 3.680347e+08 3.8932 3.6241 0.2882  8.2898 6.2643 0.0000 0.0000 0.3447 0.6548 0.000 0.413  0.000 0.000 0.000 0.938 0.318 0.344 0.000 0.034 0.146 
157 3.680567e+08 3.9331 3.6211 0.2363  8.2734 6.3144 0.0000 0.0000 0.3447 0.6548 0.000 0.411  0.000 0.000 0.000 0.935 0.325 0.349 0.000 0.037 0.156 
158 3.680774e+08 3.9718 3.6179 0.1848  8.2569 6.3635 0.0000 0.0000 0.3447 0.6548 0.000 0.409  0.000 0.000 0.000 0.931 0.333 0.354 0.000 0.039 0.171 
159 3.680972e+08 4.0095 3.6147 0.1343  8.2407 6.4145 0.0000 0.0000 0.3447 0.6548 0.000 0.407  0.000 0.000 0.000 0.923 0.341 0.360 0.000 0.042 0.185 
160 3.681153e+08 4.0469 3.6120 0.0861  8.2253 6.4645 0.0000 0.0000 0.3447 0.6548 0.000 0.404  0.000 0.000 0.000 0.922 0.349 0.366 0.000 0.045 0.201 
161 3.681322e+08 4.0869 3.6078 0.0293  8.2089 6.5170 0.0000 0.0000 0.3447 0.6548 0.000 0.403  0.000 0.000 0.000 0.918 0.356 0.371 0.000 0.047 0.215 
162 3.681503e+08 4.1224 3.6043 -0.0202  8.1929 6.5730 0.0000 0.0000 0.3447 0.6548 0.000 0.400  0.000 0.000 0.000 0.912 0.365 0.378 0.000 0.050 0.231 
163 3.681696e+08 4.1617 3.6018 -0.0695  8.1746 6.6404 0.0000 0.0000 0.3447 0.6548 0.000 0.400  0.000 0.000 0.000 0.907 0.375 0.386 0.000 0.053 0.246 
164 3.681908e+08 4.1436 3.6021 -0.0502  8.1563 6.7170 0.0000 0.0000 0.3447 0.6548 0.000 0.400  0.000 0.400 0.400 0.892 0.386 0.395 0.000 0.065 0.267 
165 3.681946e+08 4.1064 3.6061 0.0030  8.1529 6.7317 0.0000 0.0000 0.3447 0.6548 0.000 0.400  0.000 0.400 0.400 0.883 0.388 0.396 0.000 0.072 0.271 
166 3.681968e+08 4.0746 3.6097 0.0492  8.1512 6.7393 0.0000 0.0000 0.3447 0.6548 0.000 0.400  0.000 0.400 0.400 0.874 0.389 0.397 0.000 0.079 0.271 
167 3.681986e+08 4.0289 3.6141 0.1125  8.1493 6.7473 0.0000 0.0000 0.3447 0.6548 0.000 0.400  0.001 0.400 0.400 0.859 0.389 0.397 0.000 0.088 0.275 
168 3.682011e+08 3.9915 3.6170 0.1615  8.1474 6.7555 0.0000 0.0000 0.3447 0.6548 0.000 0.400  0.100 0.400 0.400 0.745 0.390 0.398 0.000 0.097 0.275 
169 3.682027e+08 4.0275 3.6139 0.1131  8.1460 6.7621 0.0000 0.0000 0.3447 0.6548 0.000 0.400  0.336 0.400 0.400 0.495 0.391 0.398 0.000 0.090 0.279 
170 3.682047e+08 4.0703 3.6098 0.0539  8.1441 6.7701 0.0000 0.0000 0.3447 0.6548 0.000 0.400  0.542 0.400 0.400 0.300 0.391 0.398 0.000 0.083 0.279 
171 3.682106e+08 4.1076 3.6059 0.0010  8.1376 6.7891 0.0000 0.0000 0.3447 0.6548 0.000 0.400  0.628 0.400 0.400 0.239 0.392 0.399 0.000 0.075 0.287 
172 3.682142e+08 4.1159 3.6051 -0.0105  8.1333 6.7996 0.0000 0.0000 0.3447 0.6548 0.000 0.401  0.676 0.400 0.401 0.351 0.393 0.399 0.000 0.071 0.287 
173 3.682156e+08 4.1278 3.6039 -0.0272  8.1316 6.8038 0.0000 0.0000 0.3447 0.6548 0.000 0.401  0.742 0.401 0.401 0.153 0.393 0.399 0.000 0.069 0.287 
174 3.682169e+08 4.1534 3.6016 -0.0620  8.1305 6.8083 0.0000 0.0000 0.3447 0.6548 0.000 0.401  0.846 0.401 0.401 0.070 0.393 0.400 0.000 0.065 0.290 1sttp
