#n   age/yr      logL   logTef grav    logTc  logrho Xc     Yc     Xc_C   Xc_O   Q_conv Q_disc L_H/L Q1_H Q2_H L_He/L Q1_He Q2_He L_C/L L_nu/L Q_Tmax phase
#(1) (2)         (3)    (4)    (5)     (6)    (7)    (8)    (9)    (10)   (11)   (12)   (13)   (14) (15)  (16) (17)   (18)  (19)  (20)  (21)   (22)   (23) 
  1 0.000000e+00 1.2290 4.0083 4.4186  7.3410 1.9228 0.6513 0.3405 0.0000 0.0038 0.230 0.000  0.966 0.000 0.523 0.000 0.000 0.000 0.000 0.000 0.000 bms
  2 8.095640e+07 1.2211 4.0027 4.4041  7.3437 1.9150 0.6222 0.3696 0.0000 0.0029 0.237 0.471  1.001 0.000 0.570 0.000 0.000 0.000 0.000 0.000 0.000 
  3 2.137891e+08 1.2486 3.9959 4.3494  7.3465 1.9075 0.5707 0.4212 0.0000 0.0019 0.231 0.580  1.001 0.000 0.550 0.000 0.000 0.000 0.000 0.000 0.000 
  4 3.343007e+08 1.2776 3.9895 4.2948  7.3513 1.9061 0.5180 0.4741 0.0000 0.0013 0.224 0.617  1.001 0.000 0.523 0.000 0.000 0.000 0.000 0.000 0.000 
  5 4.397363e+08 1.3086 3.9820 4.2338  7.3577 1.9094 0.4607 0.5314 0.0000 0.0009 0.214 0.646  1.001 0.000 0.508 0.000 0.000 0.000 0.000 0.000 0.000 
  6 5.284299e+08 1.3359 3.9741 4.1749  7.3642 1.9152 0.4076 0.5846 0.0000 0.0007 0.204 0.655  1.001 0.000 0.463 0.000 0.000 0.000 0.000 0.000 0.000 
  7 6.028390e+08 1.3588 3.9661 4.1200  7.3704 1.9227 0.3605 0.6316 0.0000 0.0005 0.194 0.665  1.001 0.000 0.430 0.000 0.000 0.000 0.000 0.000 0.000 
  8 6.647268e+08 1.3798 3.9571 4.0630  7.3768 1.9320 0.3142 0.6780 0.0000 0.0004 0.184 0.674  1.002 0.000 0.404 0.000 0.000 0.000 0.000 0.000 0.000 
  9 7.165575e+08 1.3982 3.9473 4.0054  7.3833 1.9434 0.2697 0.7225 0.0000 0.0004 0.173 0.674  1.002 0.000 0.364 0.000 0.000 0.000 0.000 0.000 0.000 
 10 7.603532e+08 1.4123 3.9380 3.9541  7.3893 1.9552 0.2315 0.7607 0.0000 0.0003 0.164 0.674  1.002 0.000 0.335 0.000 0.000 0.000 0.000 0.000 0.000 
 11 7.975641e+08 1.4241 3.9284 3.9039  7.3954 1.9685 0.1958 0.7964 0.0000 0.0003 0.156 0.674  1.002 0.000 0.310 0.000 0.000 0.000 0.000 0.000 0.000 
 12 8.298852e+08 1.4346 3.9182 3.8526  7.4020 1.9848 0.1607 0.8316 0.0000 0.0003 0.146 0.682  1.002 0.149 0.291 0.000 0.000 0.000 0.000 0.000 0.000 
 13 8.582262e+08 1.4434 3.9082 3.8038  7.4091 2.0031 0.1279 0.8643 0.0000 0.0003 0.138 0.682  1.002 0.140 0.271 0.000 0.000 0.000 0.000 0.000 0.000 
 14 8.842127e+08 1.4516 3.8981 3.7552  7.4177 2.0269 0.0953 0.8969 0.0000 0.0003 0.130 0.678  1.002 0.136 0.254 0.000 0.000 0.000 0.000 0.000 0.000 
 15 9.104099e+08 1.4618 3.8878 3.7038  7.4309 2.0646 0.0583 0.9339 0.0000 0.0003 0.121 0.678  1.001 0.183 0.184 0.000 0.000 0.000 0.000 0.000 0.000 
 16 9.288779e+08 1.4737 3.8844 3.6783  7.4465 2.1099 0.0316 0.9607 0.0000 0.0002 0.113 0.678  1.000 0.185 0.186 0.000 0.000 0.000 0.000 0.000 0.000 tminms
 17 9.406648e+08 1.4958 3.8926 3.6890  7.4712 2.1820 0.0114 0.9808 0.0001 0.0002 0.107 0.678  0.992 0.000 0.249 0.000 0.000 0.000 0.000 0.000 0.000 
 18 9.436529e+08 1.5091 3.9009 3.7089  7.4844 2.2210 0.0065 0.9857 0.0001 0.0002 0.105 0.678  0.984 0.000 0.265 0.000 0.000 0.000 0.000 0.000 0.000 
 19 9.451121e+08 1.5263 3.9118 3.7353  7.4997 2.2687 0.0034 0.9889 0.0001 0.0002 0.102 0.678  0.965 0.000 0.297 0.000 0.000 0.000 0.000 0.000 0.000 
 20 9.459072e+08 1.5411 3.9207 3.7561  7.5114 2.3077 0.0020 0.9902 0.0001 0.0002 0.099 0.678  0.942 0.000 0.329 0.000 0.000 0.000 0.000 0.000 0.000 
 21 9.463948e+08 1.5597 3.9306 3.7771  7.5249 2.3590 0.0010 0.9912 0.0001 0.0002 0.093 0.678  0.900 0.000 0.404 0.000 0.000 0.000 0.000 0.000 0.000 
 22 9.466993e+08 1.5786 3.9394 3.7934  7.5372 2.4176 0.0005 0.9917 0.0001 0.0002 0.083 0.678  0.846 0.000 0.447 0.000 0.000 0.000 0.000 0.000 0.000 
 23 9.469327e+08 1.5996 3.9479 3.8064  7.5496 2.5167 0.0002 0.9921 0.0001 0.0002 0.060 0.678  0.784 0.000 0.501 0.000 0.000 0.000 0.000 0.000 0.000 
 24 9.470487e+08 1.6012 3.9498 3.8124  7.5439 2.6376 0.0000 0.9922 0.0001 0.0002 0.012 0.678  0.941 0.000 0.530 0.000 0.000 0.000 0.000 0.000 0.000 tmaxlms
 25 9.471679e+08 1.5721 3.9424 3.8119  7.5101 2.7720 0.0000 0.9922 0.0001 0.0002 0.000 0.678  1.191 0.000 0.516 0.000 0.000 0.000 0.000 0.000 0.000 
 26 9.472579e+08 1.5528 3.9340 3.7976  7.5014 2.8324 0.0000 0.9922 0.0001 0.0002 0.000 0.678  1.196 0.003 0.501 0.000 0.000 0.000 0.000 0.000 0.000 
 27 9.472975e+08 1.5503 3.9302 3.7849  7.4991 2.8573 0.0000 0.9922 0.0001 0.0002 0.000 0.678  1.192 0.004 0.494 0.000 0.000 0.000 0.000 0.000 0.000 lminsgb
 28 9.474312e+08 1.5626 3.9209 3.7354  7.4945 2.9227 0.0000 0.9922 0.0001 0.0002 0.000 0.678  1.160 0.011 0.478 0.000 0.000 0.000 0.000 0.000 0.000 
 29 9.476065e+08 1.5797 3.9126 3.6851  7.4903 2.9823 0.0000 0.9922 0.0001 0.0002 0.000 0.678  1.123 0.015 0.447 0.000 0.000 0.000 0.000 0.000 0.000 
 30 9.478390e+08 1.5916 3.9031 3.6352  7.4865 3.0469 0.0000 0.9922 0.0001 0.0002 0.000 0.678  1.092 0.022 0.411 0.000 0.000 0.000 0.000 0.000 0.000 
 31 9.481318e+08 1.5986 3.8936 3.5902  7.4837 3.1081 0.0000 0.9922 0.0001 0.0002 0.000 0.678  1.071 0.030 0.364 0.000 0.000 0.000 0.000 0.000 0.000 
 32 9.484783e+08 1.6031 3.8821 3.5397  7.4817 3.1776 0.0000 0.9922 0.0001 0.0002 0.000 0.678  1.055 0.038 0.335 0.000 0.000 0.000 0.000 0.000 0.000 
 33 9.488986e+08 1.6045 3.8721 3.4983  7.4814 3.2358 0.0000 0.9922 0.0001 0.0002 0.000 0.678  1.046 0.044 0.316 0.000 0.000 0.000 0.000 0.000 0.000 
 34 9.490542e+08 1.6047 3.8684 3.4833  7.4817 3.2566 0.0000 0.9922 0.0001 0.0002 0.000 0.678  1.043 0.044 0.316 0.000 0.000 0.000 0.000 0.000 0.000 lmaxsgb
 35 9.495230e+08 1.6044 3.8603 3.4512  7.4829 3.3005 0.0000 0.9922 0.0001 0.0002 0.000 0.678  1.039 0.050 0.310 0.000 0.000 0.000 0.000 0.000 0.000 
 36 9.500275e+08 1.6031 3.8510 3.4153  7.4855 3.3485 0.0000 0.9922 0.0001 0.0002 0.000 0.678  1.036 0.057 0.297 0.000 0.000 0.000 0.000 0.000 0.000 
 37 9.505343e+08 1.6006 3.8399 3.3734  7.4899 3.4015 0.0000 0.9922 0.0001 0.0002 0.000 0.678  1.035 0.063 0.291 0.000 0.000 0.000 0.000 0.000 0.000 
 38 9.510349e+08 1.5961 3.8268 3.3255  7.4968 3.4598 0.0000 0.9922 0.0001 0.0002 0.000 0.678  1.035 0.067 0.278 0.000 0.000 0.000 0.000 0.000 0.000 
 39 9.515229e+08 1.5933 3.8199 3.3007  7.5010 3.4893 0.0000 0.9922 0.0001 0.0002 0.000 0.678  1.036 0.072 0.271 0.000 0.000 0.000 0.000 0.000 0.000 
 40 9.520450e+08 1.5898 3.8131 3.2770  7.5057 3.5190 0.0000 0.9922 0.0001 0.0002 0.000 0.678  1.037 0.075 0.268 0.000 0.000 0.000 0.000 0.000 0.000 
 41 9.526413e+08 1.5806 3.8005 3.2358  7.5168 3.5789 0.0000 0.9922 0.0001 0.0002 0.000 0.678  1.042 0.079 0.257 0.000 0.000 0.000 0.000 0.000 0.000 
 42 9.533122e+08 1.5683 3.7901 3.2065  7.5298 3.6391 0.0000 0.9922 0.0001 0.0002 0.000 0.678  1.048 0.085 0.243 0.000 0.000 0.000 0.000 0.000 0.000 
 43 9.539688e+08 1.5511 3.7806 3.1857  7.5446 3.7001 0.0000 0.9922 0.0001 0.0002 0.000 0.678  1.058 0.091 0.227 0.000 0.000 0.000 0.000 0.000 0.000 
 44 9.545778e+08 1.5276 3.7716 3.1732  7.5610 3.7611 0.0000 0.9922 0.0001 0.0002 0.000 0.678  1.073 0.094 0.213 0.000 0.000 0.000 0.000 0.000 0.000 
 45 9.551096e+08 1.4959 3.7626 3.1689  7.5786 3.8223 0.0000 0.9922 0.0001 0.0002 0.000 0.678  1.094 0.100 0.201 0.000 0.000 0.000 0.000 0.000 0.000 
 46 9.555827e+08 1.4768 3.7582 3.1704  7.5878 3.8529 0.0000 0.9922 0.0001 0.0002 0.000 0.678  1.107 0.101 0.195 0.000 0.000 0.000 0.000 0.000 0.000 
 47 9.560093e+08 1.4341 3.7493 3.1775  7.6067 3.9137 0.0000 0.9922 0.0001 0.0002 0.000 0.678  1.134 0.104 0.186 0.000 0.000 0.000 0.000 0.000 0.000 
 48 9.564667e+08 1.4128 3.7450 3.1816  7.6162 3.9439 0.0000 0.9922 0.0001 0.0002 0.000 0.678  1.145 0.104 0.183 0.000 0.000 0.000 0.000 0.000 0.000 
 49 9.570864e+08 1.3808 3.7375 3.1836  7.6351 4.0039 0.0000 0.9922 0.0001 0.0002 0.000 0.678  1.147 0.107 0.175 0.000 0.000 0.000 0.000 0.000 0.000 
 50 9.573974e+08 1.3726 3.7340 3.1778  7.6443 4.0336 0.0000 0.9922 0.0001 0.0002 0.000 0.678  1.137 0.109 0.173 0.000 0.000 0.000 0.000 0.000 0.000 brgb
 51 9.582508e+08 1.3835 3.7245 3.1289  7.6707 4.1216 0.0000 0.9922 0.0001 0.0002 0.000 0.665  1.083 0.114 0.167 0.000 0.000 0.000 0.000 0.000 0.000 
 52 9.589508e+08 1.4128 3.7192 3.0784  7.6872 4.1799 0.0000 0.9922 0.0001 0.0002 0.000 0.615  1.047 0.118 0.163 0.000 0.000 0.000 0.000 0.000 0.000 
 53 9.596065e+08 1.4515 3.7152 3.0237  7.7030 4.2382 0.0000 0.9922 0.0001 0.0002 0.000 0.519  1.022 0.121 0.161 0.000 0.000 0.000 0.000 0.000 0.000 
 54 9.602399e+08 1.4949 3.7119 2.9671  7.7182 4.2966 0.0000 0.9922 0.0001 0.0002 0.000 0.442  1.008 0.125 0.160 0.000 0.000 0.000 0.000 0.000 0.000 
 55 9.608648e+08 1.5412 3.7082 2.9060  7.7331 4.3551 0.0000 0.9922 0.0001 0.0002 0.000 0.381  1.000 0.128 0.159 0.000 0.000 0.000 0.000 0.000 0.000 
 56 9.614993e+08 1.5656 3.7064 2.8744  7.7405 4.3844 0.0000 0.9922 0.0001 0.0002 0.000 0.350  0.997 0.130 0.158 0.000 0.000 0.000 0.000 0.000 0.000 
 57 9.621279e+08 1.6169 3.7028 2.8087  7.7552 4.4429 0.0000 0.9922 0.0001 0.0002 0.000 0.307  0.993 0.134 0.158 0.000 0.000 0.000 0.000 0.000 0.000 
 58 9.627521e+08 1.6431 3.7005 2.7733  7.7625 4.4722 0.0000 0.9922 0.0001 0.0002 0.000 0.291  0.992 0.135 0.158 0.000 0.000 0.000 0.000 0.000 0.000 
 59 9.633606e+08 1.6709 3.6987 2.7383  7.7698 4.5015 0.0000 0.9922 0.0001 0.0002 0.000 0.276  0.990 0.137 0.158 0.000 0.000 0.000 0.000 0.000 0.000 
 60 9.639846e+08 1.7252 3.6953 2.6704  7.7834 4.5570 0.0000 0.9922 0.0001 0.0002 0.000 0.255  0.988 0.140 0.159 0.000 0.000 0.000 0.000 0.000 0.000 
 61 9.645964e+08 1.7682 3.6927 2.6170  7.7937 4.5993 0.0000 0.9922 0.0001 0.0002 0.000 0.241  0.987 0.142 0.159 0.000 0.000 0.000 0.000 0.000 0.000 
 62 9.652298e+08 1.8039 3.6901 2.5709  7.8021 4.6345 0.0000 0.9922 0.0001 0.0002 0.000 0.232  0.987 0.145 0.160 0.000 0.000 0.000 0.000 0.000 0.000 
 63 9.658727e+08 1.8529 3.6871 2.5099  7.8133 4.6815 0.0000 0.9922 0.0001 0.0002 0.000 0.221  0.986 0.147 0.161 0.000 0.000 0.000 0.000 0.000 0.000 
 64 9.665118e+08 1.8940 3.6840 2.4564  7.8224 4.7204 0.0000 0.9922 0.0001 0.0002 0.000 0.214  0.986 0.150 0.162 0.000 0.000 0.000 0.000 0.000 0.000 
 65 9.671541e+08 1.9298 3.6815 2.4106  7.8301 4.7536 0.0000 0.9922 0.0001 0.0002 0.000 0.209  0.986 0.152 0.163 0.000 0.000 0.000 0.000 0.000 0.000 
 66 9.677888e+08 1.9731 3.6785 2.3553  7.8389 4.7927 0.0000 0.9922 0.0001 0.0002 0.000 0.205  0.986 0.154 0.164 0.000 0.000 0.000 0.000 0.000 0.000 
 67 9.683969e+08 2.0108 3.6752 2.3044  7.8464 4.8264 0.0000 0.9922 0.0001 0.0002 0.000 0.202  0.986 0.156 0.166 0.000 0.000 0.000 0.000 0.000 0.000 
 68 9.690116e+08 2.0501 3.6731 2.2567  7.8537 4.8600 0.0000 0.9922 0.0001 0.0002 0.000 0.199  0.985 0.159 0.167 0.000 0.000 0.000 0.000 0.000 0.000 
 69 9.696317e+08 2.0856 3.6706 2.2112  7.8603 4.8904 0.0000 0.9922 0.0001 0.0002 0.000 0.198  0.986 0.161 0.169 0.000 0.000 0.000 0.000 0.000 0.000 
 70 9.702451e+08 2.1239 3.6677 2.1613  7.8672 4.9227 0.0000 0.9922 0.0001 0.0002 0.000 0.197  0.986 0.163 0.170 0.000 0.000 0.000 0.000 0.000 0.000 
 71 9.708469e+08 2.1652 3.6645 2.1072  7.8743 4.9565 0.0000 0.9922 0.0001 0.0002 0.000 0.196  0.986 0.166 0.172 0.000 0.000 0.000 0.000 0.000 0.000 
 72 9.714372e+08 2.2066 3.6616 2.0542  7.8813 4.9898 0.0000 0.9922 0.0001 0.0002 0.000 0.196  0.987 0.168 0.174 0.000 0.000 0.000 0.000 0.000 0.000 
 73 9.720205e+08 2.2468 3.6585 2.0016  7.8879 5.0218 0.0000 0.9922 0.0001 0.0002 0.000 0.196  0.987 0.171 0.176 0.000 0.000 0.000 0.000 0.000 0.000 
 74 9.726171e+08 2.2844 3.6558 1.9532  7.8942 5.0523 0.0000 0.9922 0.0001 0.0002 0.000 0.196  0.987 0.173 0.179 0.000 0.000 0.000 0.000 0.000 0.000 
 75 9.732134e+08 2.3237 3.6529 1.9023  7.9008 5.0845 0.0000 0.9922 0.0001 0.0002 0.000 0.196  0.987 0.176 0.181 0.000 0.000 0.000 0.000 0.000 0.000 
 76 9.738140e+08 2.3641 3.6498 1.8495  7.9076 5.1181 0.0000 0.9922 0.0001 0.0002 0.000 0.196  0.987 0.179 0.184 0.000 0.000 0.000 0.000 0.000 0.000 
 77 9.744739e+08 2.4026 3.6465 1.7978  7.9149 5.1537 0.0000 0.9922 0.0001 0.0002 0.000 0.196  0.987 0.183 0.187 0.000 0.000 0.000 0.000 0.000 0.000 
 78 9.753628e+08 2.4296 3.6444 1.7624  7.9249 5.2028 0.0000 0.9922 0.0001 0.0002 0.000 0.196  0.986 0.187 0.191 0.000 0.000 0.000 0.000 0.000 0.000 trgb
 79 9.759593e+08 2.3908 3.6475 1.8136  7.9319 5.2361 0.0000 0.9921 0.0002 0.0002 0.000 0.196  0.983 0.191 0.193 0.000 0.000 0.004 0.000 0.000 0.000 
 80 9.761940e+08 2.3567 3.6505 1.8597  7.9344 5.2472 0.0000 0.9921 0.0002 0.0002 0.000 0.196  0.981 0.191 0.194 0.000 0.000 0.007 0.000 0.000 0.000 
 81 9.763785e+08 2.3163 3.6539 1.9137  7.9367 5.2571 0.0000 0.9921 0.0002 0.0002 0.000 0.196  0.979 0.192 0.195 0.000 0.000 0.009 0.000 0.000 0.000 
 82 9.765452e+08 2.2748 3.6572 1.9684  7.9389 5.2658 0.0000 0.9920 0.0003 0.0002 0.000 0.196  0.976 0.193 0.195 0.000 0.000 0.012 0.000 0.000 0.000 
 83 9.767154e+08 2.2382 3.6598 2.0154  7.9408 5.2732 0.0000 0.9920 0.0004 0.0002 0.000 0.196  0.975 0.193 0.196 0.000 0.000 0.012 0.000 0.000 0.000 
 84 9.769014e+08 2.2014 3.6626 2.0634  7.9429 5.2808 0.0000 0.9919 0.0004 0.0002 0.000 0.196  0.974 0.194 0.196 0.000 0.000 0.015 0.000 0.000 0.000 
 85 9.772584e+08 2.1764 3.6645 2.0960  7.9473 5.2941 0.0000 0.9916 0.0007 0.0002 0.000 0.197  0.987 0.195 0.197 0.000 0.000 0.015 0.000 0.000 0.000 
 86 9.777577e+08 2.2199 3.6613 2.0397  7.9577 5.3101 0.0000 0.9907 0.0016 0.0002 0.000 0.197  0.989 0.196 0.198 0.001 0.000 0.018 0.000 0.000 0.000 
 87 9.781744e+08 2.2260 3.6610 2.0324  8.0851 4.8947 0.0000 0.9865 0.0058 0.0002 0.155 0.198  0.179 0.197 0.201 5.156 0.000 0.023 0.000 0.000 0.000 
 88 9.781785e+08 2.1952 3.6634 2.0728  8.0790 4.8392 0.0000 0.9858 0.0064 0.0002 0.159 0.198  0.274 0.197 0.202 2.550 0.000 0.023 0.000 0.000 0.000 
 89 9.781819e+08 2.1499 3.6671 2.1329  8.0740 4.8029 0.0000 0.9854 0.0069 0.0002 0.163 0.198  0.531 0.197 0.202 1.578 0.000 0.023 0.000 0.000 0.000 
 90 9.781854e+08 2.1190 3.6695 2.1734  8.0714 4.7866 0.0000 0.9852 0.0071 0.0002 0.164 0.198  0.578 0.197 0.203 1.266 0.000 0.023 0.000 0.000 0.000 
 91 9.781893e+08 2.0851 3.6723 2.2185  8.0691 4.7719 0.0000 0.9850 0.0073 0.0002 0.165 0.198  0.494 0.197 0.203 1.055 0.000 0.023 0.000 0.000 0.000 
 92 9.781943e+08 2.0320 3.6758 2.2856  8.0659 4.7512 0.0000 0.9848 0.0075 0.0002 0.166 0.198  0.529 0.197 0.203 0.828 0.000 0.023 0.000 0.000 0.000 
 93 9.782010e+08 1.9996 3.6784 2.3284  8.0637 4.7381 0.0000 0.9846 0.0077 0.0002 0.167 0.198  0.596 0.197 0.203 0.697 0.000 0.023 0.000 0.000 0.000 
 94 9.782092e+08 1.9674 3.6810 2.3710  8.0615 4.7255 0.0000 0.9845 0.0078 0.0002 0.167 0.198  0.630 0.197 0.204 0.588 0.000 0.023 0.000 0.000 0.000 
 95 9.782199e+08 1.9196 3.6843 2.4320  8.0583 4.7076 0.0000 0.9843 0.0080 0.0002 0.167 0.199  0.685 0.197 0.204 0.460 0.000 0.023 0.000 0.000 0.000 
 96 9.782351e+08 1.8764 3.6877 2.4888  8.0552 4.6905 0.0000 0.9840 0.0082 0.0002 0.167 0.199  0.742 0.197 0.204 0.358 0.000 0.023 0.000 0.000 0.000 
 97 9.782571e+08 1.8367 3.6907 2.5405  8.0520 4.6744 0.0000 0.9838 0.0084 0.0002 0.164 0.199  0.796 0.197 0.205 0.278 0.000 0.023 0.000 0.000 0.000 
 98 9.782909e+08 1.8014 3.6932 2.5858  8.0489 4.6590 0.0000 0.9837 0.0086 0.0002 0.140 0.199  0.843 0.197 0.205 0.214 0.000 0.023 0.000 0.000 0.000 
 99 9.783476e+08 1.7617 3.6960 2.6367  8.0447 4.6403 0.0000 0.9834 0.0089 0.0002 0.113 0.199  0.890 0.197 0.205 0.148 0.000 0.023 0.000 0.000 0.000 
100 9.784527e+08 1.7213 3.6989 2.6887  8.0387 4.6221 0.0000 0.9829 0.0094 0.0002 0.064 0.200  0.927 0.205 0.206 0.087 0.000 0.020 0.000 0.000 0.000 
101 9.786755e+08 1.6823 3.7019 2.7397  8.0296 4.6172 0.0000 0.9820 0.0102 0.0002 0.035 0.201  0.943 0.197 0.204 0.041 0.000 0.020 0.000 0.000 0.000 
102 9.792564e+08 1.6504 3.7041 2.7804  8.0155 4.6612 0.0000 0.9804 0.0118 0.0003 0.015 0.201  0.954 0.197 0.203 0.015 0.000 0.016 0.000 0.000 0.000 lmincheb
103 9.802790e+08 1.6883 3.7013 2.7313  8.0253 4.7249 0.0000 0.9784 0.0138 0.0003 0.031 0.202  0.954 0.197 0.203 0.044 0.000 0.019 0.000 0.000 0.000 
104 9.809127e+08 1.6971 3.7006 2.7197  8.0323 4.6983 0.0000 0.9775 0.0147 0.0003 0.044 0.202  0.946 0.197 0.203 0.073 0.000 0.019 0.000 0.000 0.000 
105 9.864705e+08 1.6902 3.7016 2.7306  8.0315 4.6677 0.0000 0.9534 0.0380 0.0011 0.036 0.205  0.944 0.198 0.206 0.057 0.000 0.020 0.000 0.000 0.000 
106 1.029629e+09 1.7258 3.7019 2.6962  8.0500 4.5280 0.0000 0.8243 0.1528 0.0149 0.074 0.226  0.898 0.216 0.228 0.102 0.000 0.026 0.000 0.000 0.000 
107 1.062152e+09 1.7659 3.7014 2.6541  8.0648 4.4364 0.0000 0.7065 0.2450 0.0399 0.091 0.243  0.852 0.231 0.245 0.149 0.000 0.031 0.000 0.000 0.000 
108 1.089102e+09 1.8052 3.7006 2.6116  8.0780 4.3681 0.0000 0.5988 0.3194 0.0727 0.099 0.257  0.806 0.243 0.259 0.194 0.000 0.034 0.000 0.000 0.000 
109 1.114231e+09 1.8454 3.6997 2.5678  8.0935 4.3139 0.0000 0.4683 0.3971 0.1250 0.105 0.272  0.750 0.255 0.274 0.250 0.000 0.039 0.000 0.000 0.000 
110 1.137063e+09 1.8848 3.6983 2.5228  8.1102 4.2759 0.0000 0.3439 0.4496 0.1968 0.109 0.285  0.692 0.266 0.287 0.309 0.000 0.044 0.000 0.000 0.000 
111 1.157027e+09 1.9237 3.6967 2.4775  8.1303 4.2603 0.0000 0.2228 0.4708 0.2965 0.108 0.295  0.632 0.276 0.298 0.369 0.000 0.050 0.000 0.001 0.000 
112 1.172954e+09 1.9624 3.6938 2.4272  8.1533 4.2740 0.0000 0.1268 0.4423 0.4209 0.110 0.304  0.587 0.284 0.306 0.414 0.000 0.056 0.000 0.001 0.000 
113 1.183001e+09 2.0003 3.6908 2.3773  8.1770 4.3117 0.0000 0.0657 0.3896 0.5346 0.117 0.309  0.569 0.290 0.310 0.431 0.000 0.060 0.000 0.002 0.000 
114 1.190781e+09 2.0384 3.6875 2.3260  8.1988 4.3568 0.0000 0.0346 0.3018 0.6533 0.141 0.312  0.559 0.294 0.313 0.445 0.000 0.065 0.000 0.002 0.000 
115 1.197165e+09 2.0761 3.6839 2.2739  8.2151 4.3897 0.0000 0.0225 0.2336 0.7335 0.111 0.315  0.573 0.298 0.316 0.421 0.000 0.067 0.000 0.003 0.000 
116 1.198194e+09 2.1124 3.6801 2.2224  8.2333 4.4513 0.0000 0.0109 0.2132 0.7655 0.111 0.316  0.607 0.299 0.315 0.380 0.000 0.070 0.000 0.004 0.000 
117 1.198772e+09 2.1480 3.6769 2.1740  8.2487 4.5063 0.0000 0.0055 0.2000 0.7841 0.109 0.316  0.640 0.300 0.314 0.336 0.000 0.071 0.000 0.005 0.000 
118 1.199091e+09 2.1906 3.6729 2.1154  8.2659 4.5722 0.0000 0.0022 0.1909 0.7964 0.100 0.316  0.678 0.300 0.313 0.269 0.000 0.072 0.000 0.005 0.000 
119 1.199259e+09 2.2274 3.6694 2.0646  8.2797 4.6316 0.0000 0.0009 0.1870 0.8017 0.086 0.316  0.709 0.301 0.312 0.193 0.112 0.129 0.000 0.006 0.000 
120 1.199355e+09 2.2650 3.6659 2.0130  8.2922 4.6976 0.0000 0.0002 0.1851 0.8042 0.060 0.316  0.734 0.301 0.312 0.094 0.108 0.150 0.000 0.007 0.000 
121 1.199417e+09 2.3055 3.6625 1.9589  8.2980 4.7778 0.0000 0.0000 0.1844 0.8052 0.000 0.316  0.751 0.301 0.311 0.016 0.000 0.170 0.000 0.007 0.000 
122 1.199467e+09 2.3426 3.6593 1.9090  8.2969 4.8451 0.0000 0.0000 0.1844 0.8052 0.000 0.316  0.760 0.301 0.311 0.023 0.015 0.176 0.000 0.007 0.000 
123 1.199517e+09 2.3817 3.6560 1.8567  8.3000 4.9056 0.0000 0.0000 0.1844 0.8052 0.000 0.316  0.768 0.301 0.310 0.048 0.026 0.181 0.000 0.008 0.000 
124 1.199582e+09 2.4207 3.6526 1.8041  8.3009 4.9638 0.0000 0.0000 0.1844 0.8052 0.000 0.316  0.771 0.302 0.310 0.129 0.034 0.186 0.000 0.008 0.000 
125 1.199618e+09 2.4282 3.6522 1.7950  8.2966 4.9837 0.0000 0.0000 0.1844 0.8052 0.000 0.316  0.764 0.302 0.310 0.207 0.038 0.186 0.000 0.007 0.000 lmaxeagb
126 1.199727e+09 2.3965 3.6548 1.8371  8.2776 5.0114 0.0000 0.0000 0.1844 0.8052 0.000 0.316  0.718 0.302 0.311 0.291 0.048 0.186 0.000 0.006 0.000 
127 1.199883e+09 2.3578 3.6582 1.8894  8.2616 5.0507 0.0000 0.0000 0.1844 0.8052 0.000 0.316  0.648 0.303 0.311 0.342 0.057 0.190 0.000 0.006 0.000 
128 1.200413e+09 2.3143 3.6620 1.9481  8.2262 5.1377 0.0000 0.0000 0.1844 0.8052 0.000 0.316  0.506 0.304 0.313 0.485 0.068 0.195 0.000 0.006 0.000 
129 1.200991e+09 2.3087 3.6625 1.9557  8.2066 5.2002 0.0000 0.0000 0.1844 0.8052 0.000 0.316  0.425 0.304 0.313 0.567 0.075 0.199 0.000 0.006 0.000 lmineagb
130 1.203516e+09 2.3448 3.6593 1.9068  8.1841 5.3872 0.0000 0.0000 0.1844 0.8052 0.000 0.316  0.116 0.306 0.314 0.886 0.109 0.218 0.000 0.007 0.000 
131 1.204533e+09 2.3789 3.6565 1.8615  8.1725 5.4411 0.0000 0.0000 0.1844 0.8052 0.000 0.316  0.059 0.307 0.314 0.939 0.111 0.223 0.000 0.008 0.017 
132 1.205257e+09 2.4137 3.6533 1.8139  8.1659 5.4814 0.0000 0.0000 0.1844 0.8052 0.000 0.316  0.034 0.307 0.314 0.963 0.113 0.229 0.000 0.008 0.050 
133 1.205840e+09 2.4637 3.6490 1.7467  8.1604 5.5305 0.0000 0.0000 0.1844 0.8052 0.000 0.316  0.017 0.307 0.314 0.978 0.124 0.235 0.000 0.008 0.065 
134 1.206325e+09 2.4896 3.6467 1.7116  8.1583 5.5540 0.0000 0.0000 0.1844 0.8052 0.000 0.316  0.013 0.307 0.313 0.982 0.132 0.237 0.000 0.009 0.072 
135 1.206763e+09 2.5403 3.6425 1.6441  8.1549 5.5982 0.0000 0.0000 0.1844 0.8052 0.000 0.316  0.007 0.307 0.313 0.984 0.143 0.242 0.000 0.009 0.078 
136 1.207150e+09 2.5780 3.6392 1.5932  8.1522 5.6300 0.0000 0.0000 0.1844 0.8052 0.000 0.316  0.005 0.307 0.313 0.985 0.154 0.246 0.000 0.009 0.082 
137 1.207480e+09 2.6157 3.6362 1.5435  8.1496 5.6606 0.0000 0.0000 0.1844 0.8052 0.000 0.316  0.004 0.307 0.312 0.985 0.165 0.251 0.000 0.009 0.086 
138 1.207785e+09 2.6502 3.6332 1.4970  8.1472 5.6893 0.0000 0.0000 0.1844 0.8052 0.000 0.316  0.003 0.307 0.312 0.983 0.172 0.254 0.000 0.009 0.088 
139 1.208087e+09 2.6921 3.6296 1.4407  8.1437 5.7271 0.0000 0.0000 0.1844 0.8052 0.000 0.316  0.003 0.307 0.312 0.979 0.190 0.258 0.000 0.010 0.094 
140 1.208355e+09 2.7301 3.6265 1.3903  8.1399 5.7620 0.0000 0.0000 0.1844 0.8052 0.000 0.316  0.004 0.307 0.311 0.977 0.198 0.263 0.000 0.010 0.101 
141 1.208609e+09 2.7653 3.6234 1.3427  8.1351 5.7950 0.0000 0.0000 0.1844 0.8052 0.000 0.316  0.005 0.307 0.311 0.974 0.205 0.267 0.000 0.011 0.105 
142 1.208876e+09 2.8037 3.6203 1.2919  8.1282 5.8349 0.0000 0.0000 0.1844 0.8052 0.000 0.316  0.008 0.307 0.311 0.968 0.214 0.271 0.000 0.011 0.112 
143 1.209138e+09 2.8436 3.6174 1.2404  8.1189 5.8803 0.0000 0.0000 0.1844 0.8052 0.000 0.316  0.021 0.307 0.311 0.951 0.224 0.277 0.000 0.012 0.123 
144 1.209357e+09 2.8835 3.6137 1.1857  8.1088 5.9236 0.0000 0.0000 0.1844 0.8052 0.000 0.316  0.061 0.308 0.311 0.909 0.234 0.282 0.000 0.013 0.130 
145 1.209521e+09 2.9235 3.6104 1.1325  8.0999 5.9581 0.0000 0.0000 0.1844 0.8052 0.000 0.316  0.130 0.308 0.311 0.839 0.241 0.286 0.000 0.014 0.136 
146 1.209651e+09 2.9609 3.6073 1.0827  8.0924 5.9848 0.0000 0.0000 0.1844 0.8052 0.000 0.316  0.199 0.309 0.311 0.771 0.246 0.289 0.000 0.014 0.140 
147 1.209750e+09 2.9934 3.6041 1.0374  8.0865 6.0040 0.0000 0.0000 0.1844 0.8052 0.000 0.316  0.265 0.309 0.311 0.704 0.250 0.290 0.000 0.013 0.143 
148 1.209822e+09 3.0349 3.6002 0.9803  8.0806 6.0228 0.0000 0.0000 0.1844 0.8052 0.000 0.316  0.356 0.309 0.311 0.609 0.253 0.293 0.000 0.013 0.148 
149 1.209888e+09 3.0751 3.5968 0.9265  8.0755 6.0391 0.0000 0.0000 0.1844 0.8052 0.000 0.316  0.434 0.310 0.311 0.529 0.256 0.294 0.000 0.012 0.151 
150 1.209950e+09 3.1125 3.5933 0.8751  8.0708 6.0536 0.0000 0.0000 0.1844 0.8052 0.000 0.316  0.495 0.310 0.312 0.465 0.258 0.295 0.000 0.012 0.154 
151 1.210012e+09 3.1543 3.5892 0.8169  8.0651 6.0696 0.0000 0.0000 0.1844 0.8052 0.000 0.316  0.550 0.311 0.312 0.405 0.260 0.297 0.000 0.011 0.157 
152 1.210073e+09 3.1914 3.5860 0.7670  8.0599 6.0836 0.0000 0.0000 0.1844 0.8052 0.000 0.316  0.600 0.311 0.312 0.356 0.263 0.298 0.000 0.011 0.160 
153 1.210143e+09 3.2314 3.5822 0.7118  8.0529 6.1002 0.0000 0.0000 0.1844 0.8052 0.000 0.316  0.635 0.312 0.313 0.319 0.265 0.300 0.000 0.010 0.162 
154 1.210217e+09 3.2701 3.5784 0.6579  8.0453 6.1172 0.0000 0.0000 0.1844 0.8052 0.000 0.316  0.670 0.313 0.314 0.288 0.268 0.302 0.000 0.009 0.168 
155 1.210303e+09 3.3078 3.5747 0.6054  8.0365 6.1354 0.0000 0.0000 0.1844 0.8052 0.000 0.316  0.692 0.314 0.315 0.265 0.271 0.303 0.000 0.009 0.171 
156 1.210380e+09 3.3342 3.5725 0.5702  8.0279 6.1518 0.0000 0.0000 0.1844 0.8052 0.000 0.316  0.697 0.315 0.316 0.256 0.274 0.305 0.000 0.008 0.177 
157 1.210411e+09 3.3518 3.5707 0.5454  8.0248 6.1586 0.0000 0.0000 0.1844 0.8052 0.000 0.316  0.718 0.316 0.316 0.263 0.276 0.306 0.000 0.008 0.177 
158 1.210432e+09 3.3635 3.5694 0.5285  8.0227 6.1627 0.0000 0.0000 0.1844 0.8052 0.000 0.317  0.726 0.316 0.317 0.216 0.276 0.306 0.000 0.008 0.180 
159 1.210447e+09 3.3941 3.5665 0.4863  8.0216 6.1677 0.0000 0.0000 0.1844 0.8052 0.000 0.317  0.768 0.316 0.317 0.193 0.276 0.307 0.000 0.007 0.182 1sttp
