 
   Teff    log g   log L/Lo     Age(Gyr)      Y       F220W   F250W   F330W   F344N   F435W   F475W   F502N   F550M   F555W   F606W   F625W   F658N   F660N   F775W   F814W  F850LP   F892N   BC(V)    M_U     M_B     M_V     M_R      M_I    M_J     M_H     M_K      M_L	G	BP	RP
   60541.  7.91160  0.429110   0.743237800 0.10E+01   5.489   6.056   6.737   6.827   8.451   8.594   8.732   8.828   8.758   8.793   8.910   8.870   8.948   9.087   9.119   9.287   9.312  -5.113   7.246   8.486   8.807   8.955   9.152   9.576   9.704   9.875   9.977	 8.793	 8.607	 9.112
   57795.  7.92384  0.336221   0.743409900 0.10E+01   5.575   6.139   6.818   6.908   8.527   8.668   8.806   8.900   8.832   8.866   8.982   8.946   9.022   9.158   9.190   9.358   9.383  -4.954   7.326   8.562   8.879   9.027   9.223   9.646   9.773   9.944  10.046	 8.866	 8.681	 9.184
   55192.  7.93518  0.244845   0.743602300 0.10E+01   5.661   6.222   6.897   6.986   8.601   8.741   8.877   8.970   8.903   8.937   9.053   9.019   9.094   9.227   9.259   9.428   9.452  -4.796   7.405   8.636   8.950   9.097   9.292   9.714   9.840  10.011  10.113	 8.938	 8.754	 9.253
   52721.  7.94551  0.154946   0.743816900 0.10E+01   5.744   6.303   6.975   7.064   8.674   8.813   8.946   9.039   8.973   9.007   9.121   9.091   9.165   9.295   9.326   9.495   9.519  -4.640   7.482   8.709   9.019   9.165   9.359   9.780   9.905  10.076  10.178	 9.008	 8.826	 9.321
   50399.  7.95511  0.067081   0.744056700 0.10E+01   5.828   6.383   7.051   7.140   8.745   8.882   9.015   9.106   9.041   9.074   9.188   9.162   9.234   9.360   9.392   9.561   9.585  -4.488   7.558   8.780   9.087   9.232   9.425   9.844   9.969  10.140  10.242	 9.077	 8.896	 9.387
   48211.  7.96409 -0.018989   0.744325800 0.10E+01   5.911   6.463   7.128   7.216   8.816   8.952   9.082   9.173   9.109   9.142   9.254   9.232   9.303   9.425   9.457   9.626   9.649  -4.340   7.634   8.851   9.154   9.298   9.490   9.907  10.031  10.202  10.305	 9.145	 8.965	 9.452
   46162.  7.97244 -0.102808   0.744627700 0.10E+01   5.994   6.543   7.204   7.292   8.886   9.020   9.149   9.238   9.175   9.208   9.320   9.302   9.370   9.489   9.521   9.690   9.713  -4.196   7.709   8.921   9.220   9.364   9.554   9.969  10.093  10.263  10.366	 9.212	 9.034	 9.517
   43610.  7.98251 -0.211650   0.745086900 0.10E+01   6.106   6.650   7.307   7.394   8.980   9.111   9.237   9.325   9.264   9.296   9.406   9.395   9.461   9.574   9.606   9.774   9.798  -4.012   7.810   9.014   9.307   9.450   9.638  10.052  10.174  10.344  10.448	 9.301	 9.125	 9.602
   41254.  7.99178 -0.317399   0.745625100 0.10E+01   6.221   6.761   7.412   7.499   9.075   9.204   9.326   9.413   9.354   9.385   9.494   9.490   9.552   9.659   9.691   9.860   9.883  -3.836   7.914   9.110   9.395   9.537   9.723  10.134  10.255  10.425  10.530	 9.391	 9.218	 9.688
   39069.  8.00029 -0.420454   0.746261600 0.10E+01   6.340   6.876   7.521   7.607   9.173   9.299   9.418   9.502   9.445   9.476   9.583   9.587   9.646   9.746   9.778   9.947   9.970  -3.668   8.022   9.207   9.486   9.626   9.810  10.218  10.337  10.507  10.612	 9.483	 9.313	 9.775
   37026.  8.00799 -0.521440   0.747022500 0.10E+01   6.470   7.000   7.640   7.725   9.278   9.400   9.515   9.598   9.543   9.573   9.678   9.692   9.747   9.838   9.871  10.040  10.063  -3.512   8.139   9.312   9.582   9.721   9.902  10.306  10.423  10.593  10.699	 9.582	 9.415	 9.869
   34669.  8.01687 -0.644604   0.748215000 0.10E+01   6.649   7.173   7.804   7.888   9.422   9.538   9.647   9.726   9.675   9.704   9.807   9.835   9.884   9.963   9.995  10.164  10.188  -3.334   8.301   9.455   9.712   9.849  10.026  10.424  10.538  10.707  10.814	 9.715	 9.553	 9.994
   32496.  8.02501 -0.765166   0.749797200 0.10E+01   6.853   7.371   7.992   8.075   9.583   9.692   9.794   9.869   9.823   9.850   9.950   9.996  10.037  10.100  10.133  10.302  10.326  -3.177   8.486   9.616   9.856   9.991  10.163  10.553  10.663  10.829  10.937	 9.864	 9.708	10.133
   30115.  8.03381 -0.906156   0.752506000 0.10E+01   7.128   7.635   8.241   8.322   9.792   9.891   9.983  10.052  10.011  10.036  10.131  10.198  10.232  10.274  10.306  10.474  10.499  -3.009   8.730   9.824  10.040  10.171  10.335  10.711  10.814  10.976  11.082	10.054	 9.907	10.309
   27939.  8.04189 -1.044512   0.756735800 0.10E+01   7.409   7.901   8.485   8.563   9.992  10.080  10.163  10.224  10.190  10.212  10.301  10.380  10.411  10.434  10.466  10.630  10.656  -2.838   8.968  10.023  10.215  10.340  10.494  10.852  10.947  11.103  11.203	10.233	10.096	10.471
   25640.  8.05046 -1.202273   0.765061300 0.10E+01   7.719   8.187   8.741   8.815  10.200  10.276  10.349  10.401  10.373  10.391  10.474  10.558  10.589  10.596  10.626  10.785  10.813  -2.622   9.215  10.229  10.394  10.511  10.654  10.991  11.078  11.225  11.316	10.417	10.291	10.635
   23582.  8.05820 -1.355410   0.778780400 0.10E+01   8.012   8.455   8.979   9.050  10.389  10.455  10.518  10.560  10.539  10.553  10.630  10.719  10.752  10.741  10.770  10.923  10.953  -2.402   9.445  10.417  10.556  10.666  10.797  11.115  11.194  11.334  11.416	10.583	10.468	10.782
   21521.  8.06582 -1.521900   0.801143400 0.10E+01   8.332   8.746   9.238   9.304  10.592  10.645  10.696  10.729  10.714  10.724  10.794  10.890  10.925  10.894  10.921  11.070  11.101  -2.157   9.693  10.618  10.728  10.828  10.948  11.244  11.316  11.449  11.521	10.759	10.656	10.937
   19442.  8.07334 -1.705903   0.835337100 0.10E+01   8.697   9.080   9.533   9.594  10.818  10.855  10.894  10.914  10.908  10.914  10.976  11.082  11.119  11.061  11.088  11.231  11.265  -1.885   9.977  10.842  10.916  11.008  11.113  11.386  11.448  11.573  11.637	10.953	10.863	11.107
   18392.  8.07709 -1.806064   0.858733300 0.10E+01   8.903   9.268   9.699   9.757  10.943  10.971  11.003  11.015  11.014  11.017  11.075  11.188  11.227  11.153  11.178  11.319  11.354  -1.738  10.136  10.967  11.019  11.106  11.203  11.462  11.519  11.640  11.700	11.059	10.978	11.200
   17213.  8.08124 -1.925261   0.891429500 0.10E+01   9.154   9.498   9.901   9.957  11.094  11.111  11.133  11.135  11.141  11.141  11.193  11.317  11.356  11.261  11.286  11.423  11.460  -1.563  10.330  11.117  11.142  11.223  11.310  11.552  11.603  11.719  11.774	11.186	11.116	11.310
   16105.  8.08508 -2.044686   0.929949500 0.10E+01   9.414   9.734  10.109  10.161  11.248  11.254  11.266  11.256  11.270  11.266  11.312  11.448  11.487  11.369  11.393  11.527  11.565  -1.388  10.529  11.270  11.266  11.340  11.417  11.641  11.685  11.796  11.846	11.315	11.255	11.421
   15054.  8.08866 -2.165559   0.975338800 0.10E+01   9.685   9.979  10.321  10.369  11.409  11.401  11.403  11.379  11.401  11.394  11.433  11.580  11.618  11.477  11.500  11.629  11.669  -1.213  10.731  11.429  11.393  11.459  11.523  11.728  11.765  11.871  11.917	11.445	11.398	11.531
   13896.  8.09253 -2.308429   1.038757800 0.10E+01  10.021  10.268  10.560  10.603  11.598  11.578  11.568  11.526  11.557  11.542  11.572  11.730  11.765  11.597  11.619  11.743  11.782  -1.007  10.958  11.617  11.544  11.595  11.640  11.823  11.851  11.952  11.995	11.597	11.566	11.654
   12813.  8.09609 -2.453030   1.116211400 0.10E+01  10.357  10.518  10.755  10.793  11.764  11.733  11.712  11.658  11.694  11.672  11.691  11.862  11.891  11.696  11.716  11.836  11.874  -0.780  11.143  11.781  11.679  11.711  11.736  11.902  11.921  12.019  12.062	11.728	11.712	11.755
   11797.  8.09956 -2.600021   1.211591700 0.10E+01  10.746  10.812  10.983  11.015  11.962  11.922  11.888  11.823  11.864  11.830  11.837  12.008  12.030  11.817  11.834  11.944  11.979  -0.581  11.357  11.977  11.847  11.854  11.852  11.993  11.998  12.092  12.135	11.887	11.889	11.877
   10705.  8.10343 -2.772586   1.349417000 0.10E+01  11.286  11.245  11.325  11.348  12.267  12.215  12.168  12.088  12.133  12.082  12.070  12.215  12.228  12.012  12.023  12.109  12.139  -0.417  11.679  12.279  12.115  12.083  12.040  12.135  12.113  12.201  12.240	12.138	12.166	12.073
    9682.  8.10698 -2.950526   1.528798900 0.10E+01  11.905  11.742  11.714  11.726  12.641  12.578  12.520  12.424  12.470  12.397  12.365  12.452  12.452  12.264  12.263  12.312  12.334  -0.311  12.045  12.648  12.453  12.372  12.280  12.309  12.248  12.331  12.367	12.450	12.509	12.321
    8624.  8.11069 -3.155342   1.800080600 0.10E+01  12.708  12.376  12.208  12.207  13.119  13.040  12.972  12.853  12.900  12.800  12.744  12.734  12.735  12.592  12.577  12.581  12.606  -0.230  12.510  13.121  12.885  12.745  12.596  12.529  12.418  12.491  12.519	12.848	12.948	12.646
    7599.  8.11432 -3.378735   2.208580200 0.10E+01  13.783  13.184  12.832  12.814  13.677  13.571  13.487  13.330  13.386  13.255  13.170  13.061  13.086  12.962  12.934  12.898  12.930  -0.155  13.092  13.671  13.368  13.164  12.952  12.776  12.607  12.662  12.672	13.296	13.447	13.012
    6589.  8.11857 -3.630755   3.011271400 0.10E+01  15.468  14.371  13.717  13.676  14.384  14.226  14.111  13.897  13.972  13.799  13.676  13.482  13.542  13.391  13.350  13.274  13.308  -0.102  13.910  14.366  13.945  13.658  13.365  13.071  12.841  12.859  12.832	13.827	14.054	13.439
    6070.  8.12123 -3.775977   3.803455000 0.10E+01  16.675  15.244  14.346  14.287  14.853  14.652  14.511  14.255  14.346  14.142  13.992  13.764  13.839  13.654  13.605  13.504  13.539  -0.104  14.485  14.826  14.310  13.966  13.619  13.256  12.996  12.986  12.929	14.159	14.442	13.702
    5555.  8.12489 -3.933533   4.811052700 0.10E+01  18.286  16.449  15.143  15.054  15.409  15.154  14.981  14.678  14.788  14.547  14.369  14.111  14.196  13.968  13.909  13.778  13.814  -0.141  15.194  15.371  14.741  14.332  13.921  13.475  13.179  13.139  13.049	14.548	14.898	14.016
    5044.  8.12952 -4.106030   7.062219100 0.10E+01  20.335  18.146  16.286  16.159  16.083  15.750  15.535  15.177  15.309  15.025  14.815  14.532  14.622  14.342  14.271  14.105  14.143  -0.218  16.157  16.029  15.249  14.766  14.281  13.734  13.402  13.351  13.210	15.003	15.436	14.390
    4536.  8.13327 -4.294185  10.308972100 0.10E+01  22.656  20.218  17.840  17.704  16.900  16.434  16.153  15.729  15.886  15.551  15.306  14.998  15.091  14.753  14.668  14.464  14.504  -0.309  17.464  16.818  15.811  15.242  14.676  14.033  13.784  13.799  13.526	15.501	16.036	14.801
    4279.  8.13454 -4.396761  11.670905400 0.10E+01  23.581  21.203  18.633  18.501  17.334  16.783  16.461  15.999  16.170  15.807  15.544  15.226  15.318  14.954  14.862  14.642  14.681  -0.328  18.154  17.233  16.086  15.473  14.869  14.215  14.119  14.167  13.786	15.742	16.330	15.001
    4016.  8.13551 -4.507620  12.838257400 0.10E+01  24.184  22.127  19.404  19.277  17.777  17.137  16.774  16.269  16.457  16.062  15.781  15.452  15.544  15.158  15.060  14.830  14.866  -0.326  18.829  17.653  16.362  15.703  15.067  14.482  14.571  14.701  14.118	15.981	16.621	15.204
    3746.  8.13628 -4.629665  13.900012600 0.10E+01  24.627  22.945  20.101  19.983  18.174  17.459  17.066  16.518  16.720  16.297  15.998  15.659  15.751  15.359  15.260  15.034  15.056  -0.276  19.425  18.029  16.616  15.917  15.266  14.854  15.102  15.329  14.481	16.206	16.882	15.404
    3470.  8.13688 -4.763106  14.954072700 0.10E+01  24.998  23.660  20.750  20.644  18.546  17.764  17.348  16.760  16.976  16.526  16.212  15.864  15.955  15.593  15.497  15.294  15.291  -0.189  19.983  18.382  16.863  16.135  15.504  15.340  15.698  16.007  14.850	16.442	17.133	15.635
    3219.  8.13730 -4.894146  15.904630800 0.10E+01  25.321  24.232  21.293  21.198  18.864  18.028  17.597  16.975  17.202  16.735  16.409  16.053  16.145  15.862  15.775  15.602  15.573  -0.082  20.453  18.683  17.083  16.348  15.787  15.850  16.249  16.620  15.164	16.684	17.355	15.898
    2950.  8.13768 -5.045610  16.948011300 0.10E+01  25.679  24.816  21.839  21.760  19.185  18.301  17.857  17.203  17.441  16.965  16.630  16.267  16.358  16.240  16.163  16.019  15.961   0.066  20.920  18.988  17.315  16.598  16.188  16.453  16.842  17.295  15.488	16.982	17.589	16.256
    2695.  8.13798 -5.203086  17.966547500 0.10E+01  26.038  25.303  22.320  22.253  19.468  18.551  18.100  17.424  17.668  17.199  16.859  16.491  16.584  16.714  16.648  16.517  16.432   0.236  21.335  19.261  17.539  16.869  16.695  17.097  17.419  18.010  15.806	17.312	17.817	16.692
    2596.  8.13808 -5.268470  18.364631900 0.10E+01  26.187  25.498  22.498  22.442  19.579  18.653  18.200  17.516  17.762  17.300  16.959  16.590  16.683  16.936  16.873  16.742  16.645   0.305  21.476  19.369  17.632  16.986  16.932  17.379  17.660  18.306  15.938	17.456	17.912	16.891
    2501.  8.13818 -5.333433  18.756235800 0.10E+01  26.335  25.657  22.628  22.573  19.694  18.758  18.303  17.610  17.860  17.405  17.064  16.695  16.789  17.169  17.108  16.973  16.865   0.371  21.602  19.481  17.728  17.108  17.180  17.635  17.866  18.578  16.053	17.603	18.012	17.098
