mass	ms		hb
0.15	2.57563E+10	-
0.20	2.48810E+10	-
0.25	2.48810E+10	-
0.30	2.53203E+10	-
0.35	2.55400E+10	-
0.40	2.39422E+10	-
0.45	2.36147E+10	-
0.50	2.36235E+10	1.51584E+08
0.55	2.43897E+10	1.33783E+08
0.60	4.36133E+10	1.24777E+08
0.65	-		1.21686E+08
0.70	2.48701E+10	1.22133E+08
0.80	1.49122E+10	1.19180E+08
0.90	9.63005E+09	1.20747E+08
1.00	6.55801E+09	1.24010E+08
1.10	4.65356E+09	1.21575E+08
1.20	3.45298E+09	1.19634E+08
1.30	2.62874E+09	1.20656E+08
1.40	2.09441E+09	1.17832E+08
1.50	1.70176E+09	1.26352E+08
1.60	1.39626E+09	1.37406E+08
1.65	1.27440E+09	1.61372E+08
1.70	1.15102E+09	2.41702E+08
1.75	1.29159E+09	0.0
1.80	1.20297E+09	0.0
1.90	1.03341E+09	0.0
2.00	8.93750E+08	0.0
2.20	6.87388E+08	0.0
2.50	4.93728E+08	0.0
3.00	3.17771E+08	0.0
3.50	2.23812E+08	0.0
4.00	1.67431E+08	0.0
4.50	1.31097E+08	0.0
5.00	1.05419E+08	0.0
6.00	7.35508E+07	0.0
7.00	5.50455E+07	0.0
