 age/yr       logL   logTef grav   logTc  logrho Xc,Yc Xc_C    Xc_O    Q_conv Q_disc  logL_H Q1_H  Q2_H    logL_He Q1_He Q2_He  logL_C logL_nu Q_Tmax stage
 0.00000E+00  1.912  4.089  4.307  7.381  1.610  0.706 3.61E-5 8.99E-3 0.1649 0.1649  1.911 0.0000 0.4667  0.000 0.0000 0.0000  0.000  0.000  0.0000  ZAMS                
 2.32127E+06  1.909  4.089  4.307  7.382  1.608  0.700 3.72E-5 8.51E-3 0.1816 0.2149  1.910 0.0000 0.4807  0.000 0.0000 0.0000  0.000  0.000  0.0000          
 6.62693E+07  1.935  4.071  4.211  7.380  1.582  0.600 6.36E-5 4.36E-3 0.1649 0.4375  1.936 0.0000 0.4121  0.000 0.0000 0.0000  0.000  0.000  0.0000          
 1.19711E+08  1.964  4.057  4.126  7.386  1.584  0.498 7.77E-5 2.70E-3 0.1478 0.4807  1.965 0.0000 0.3354  0.000 0.0000 0.0000  0.000  0.000  0.0000          
 1.63657E+08  1.988  4.043  4.045  7.394  1.597  0.399 8.68E-5 1.84E-3 0.1304 0.4944  1.989 0.0000 0.2817  0.000 0.0000 0.0000  0.000  0.000  0.0000          
 1.99519E+08  2.007  4.027  3.960  7.404  1.622  0.297 9.39E-5 1.31E-3 0.1126 0.5077  2.008 0.0000 0.2322  0.000 0.0000 0.0000  0.000  0.000  0.0000          
 2.28486E+08  2.019  4.009  3.876  7.417  1.659  0.199 1.01E-4 9.99E-4 0.0945 0.5077  2.020 0.0000 0.1878  0.000 0.0000 0.0000  0.000  0.000  0.0000          
 2.52315E+08  2.028  3.991  3.796  7.437  1.722  0.099 1.10E-4 7.98E-4 0.0800 0.5077  2.029 0.0000 0.1478  0.000 0.0000 0.0000  0.000  0.000  0.0000          
 2.62655E+08  2.038  3.986  3.768  7.455  1.778  0.049 1.18E-4 7.21E-4 0.0728 0.5142  2.038 0.0000 0.1478  0.000 0.0000 0.0000  0.000  0.000  0.0000  Te-m    
 2.69783E+08  2.071  4.000  3.793  7.493  1.897  0.010 1.36E-4 6.61E-4 0.0583 0.5142  2.062 0.0000 0.1816  0.000 0.0000 0.0000  0.000  0.000  0.0000          
 2.71284E+08  2.125  4.029  3.852  7.528  2.088  0.001 1.56E-4 6.44E-4 0.0254 0.5142  2.079 0.0000 0.3354  0.000 0.0000 0.0000  0.000  0.000  0.0000          
 2.71374E+08  2.129  4.031  3.857  7.523  2.161  0.001 1.58E-4 6.42E-4 0.0112 0.5142  2.099 0.0000 0.4223  0.000 0.0000 0.0000  0.000  0.000  0.0000  Te-M    
 2.71453E+08  2.122  4.029  3.858  7.496  2.262  0.000 1.56E-4 6.41E-4 0.0000 0.5142  2.138 0.0000 0.4223  0.000 0.0000 0.0000  0.000  0.000  0.0000          
 2.73210E+08  2.142  4.012  3.769  7.426  2.595  0.000 1.33E-4 6.41E-4 0.0000 0.5142  2.144 0.0000 0.2975  0.000 0.0000 0.0000  0.000  0.000  0.0000  Xc=0    
 2.78405E+08  2.156  3.997  3.692  7.431  2.847  0.982 1.33E-4 6.41E-4 0.0000 0.5142  2.158 0.0254 0.2655  0.000 0.0000 0.0000  0.000  0.000  0.0000          
 2.81152E+08  2.160  3.981  3.624  7.451  3.042  0.982 1.33E-4 6.41E-4 0.0000 0.5142  2.164 0.0416 0.2406  0.000 0.0000 0.0000  0.000  0.000  0.0000  L-M     
 2.82673E+08  2.157  3.964  3.560  7.479  3.202  0.982 1.33E-4 6.41E-4 0.0000 0.5142  2.164 0.0528 0.2192  0.000 0.0000 0.0000  0.000  0.000  0.0000          
 2.83604E+08  2.149  3.947  3.499  7.510  3.328  0.982 1.33E-4 6.41E-4 0.0000 0.5142  2.160 0.0583 0.2021  0.000 0.0000 0.0000  0.000  0.000  0.0000          
 2.84191E+08  2.140  3.931  3.447  7.537  3.422  0.982 1.33E-4 6.41E-4 0.0000 0.5142  2.154 0.0619 0.1878  0.000 0.0000 0.0000  0.000  0.000  0.0000          
 2.84710E+08  2.127  3.913  3.388  7.566  3.515  0.982 1.33E-4 6.41E-4 0.0000 0.5142  2.145 0.0665 0.1775  0.000 0.0000 0.0000  0.000  0.000  0.0000          
 2.85174E+08  2.108  3.891  3.319  7.597  3.608  0.982 1.33E-4 6.41E-4 0.0000 0.5142  2.132 0.0710 0.1649  0.000 0.0000 0.0000  0.000  0.000  0.0000          
 2.85459E+08  2.092  3.874  3.267  7.619  3.670  0.982 1.33E-4 6.41E-4 0.0000 0.5142  2.121 0.0737 0.1564  0.000 0.0000 0.0000  0.000  0.000  0.0000          
 2.85728E+08  2.071  3.855  3.210  7.640  3.732  0.982 1.33E-4 6.41E-4 0.0000 0.5142  2.106 0.0764 0.1500  0.000 0.0000 0.0000  0.000  0.000  0.0000          
 2.85984E+08  2.043  3.831  3.144  7.662  3.793  0.982 1.33E-4 6.41E-4 0.0000 0.5142  2.088 0.0791 0.1435  0.000 0.0000 0.0000  0.000  0.000  0.0000          
 2.86230E+08  2.007  3.805  3.074  7.684  3.854  0.982 1.33E-4 6.41E-4 0.0000 0.5142  2.064 0.0818 0.1381  0.000 0.0000 0.0000  0.000  0.000  0.0000          
 2.86467E+08  1.961  3.780  3.022  7.707  3.915  0.982 1.33E-4 6.41E-4 0.0000 0.5142  2.034 0.0846 0.1337  0.000 0.0000 0.0000  0.000  0.000  0.0000          
 2.86698E+08  1.898  3.761  3.007  7.729  3.976  0.982 1.33E-4 6.41E-4 0.0000 0.5142  1.995 0.0873 0.1293  0.000 0.0000 0.0000  0.000  0.000  0.0000          
 2.86924E+08  1.816  3.743  3.019  7.751  4.036  0.982 1.33E-4 6.41E-4 0.0000 0.5142  1.946 0.0900 0.1254  0.000 0.0000 0.0000  0.000  0.000  0.0000          
 2.87150E+08  1.732  3.727  3.039  7.772  4.096  0.982 1.33E-4 6.41E-4 0.0000 0.5142  1.891 0.0927 0.1227  0.000 0.0000 0.0000  0.000  0.000  0.0000          
 2.87378E+08  1.702  3.714  3.014  7.793  4.155  0.982 1.33E-4 6.41E-4 0.0000 0.5142  1.845 0.0945 0.1202  0.000 0.0000 0.0000  0.000  0.000  0.0000  Brg     
 2.87745E+08  1.773  3.698  2.883  7.822  4.242  0.982 1.33E-4 6.41E-4 0.0000 0.5077  1.834 0.0973 0.1179  0.000 0.0000 0.0000  0.000  0.000  0.0000          
 2.88011E+08  1.842  3.692  2.788  7.840  4.300  0.982 1.33E-4 6.41E-4 0.0000 0.4738  1.864 0.0990 0.1171  0.000 0.0000 0.0000  0.000  0.000  0.0000          
 2.88294E+08  1.906  3.688  2.706  7.858  4.358  0.982 1.33E-4 6.41E-4 0.0000 0.3314  1.909 0.1010 0.1167  0.000 0.0000 0.0000  0.000  0.000  0.0000          
 2.88600E+08  1.964  3.683  2.631  7.876  4.417  0.982 1.33E-4 6.41E-4 0.0000 0.2458  1.962 0.1027 0.1164  0.000 0.0000 0.0000  0.000  0.000  0.0000          
 2.88945E+08  2.026  3.678  2.549  7.894  4.480  0.982 1.33E-4 6.41E-4 0.0000 0.2149  2.021 0.1047 0.1164  0.000 0.0000 0.0000  0.000  0.000  0.0000          
 2.89297E+08  2.088  3.674  2.471  7.912  4.541  0.982 1.33E-4 6.41E-4 0.0000 0.1755  2.080 0.1067 0.1167  0.000 0.0000 0.0000  0.000  0.000  0.0000          
 2.89649E+08  2.146  3.670  2.396  7.929  4.599  0.982 1.33E-4 6.41E-4 0.0000 0.1609  2.137 0.1084 0.1170  0.000 0.0000 0.0000  0.000  0.000  0.0000          
 2.90044E+08  2.208  3.665  2.315  7.947  4.660  0.982 1.38E-4 6.41E-4 0.0000 0.1500  2.200 0.1102 0.1175  0.000 0.0000 0.0000  0.000  0.000  0.0000          
 2.90442E+08  2.269  3.661  2.238  7.964  4.719  0.982 1.82E-4 6.41E-4 0.0000 0.1438  2.261 0.1119 0.1182  0.000 0.0000 0.0018  0.000  0.000  0.0000          
 2.90848E+08  2.329  3.657  2.162  7.986  4.772  0.981 5.92E-4 6.42E-4 0.0001 0.1393  2.320 0.1137 0.1191 -1.069 0.0000 0.0071  0.000  0.000  0.0000          
 2.91326E+08  2.387  3.653  2.088  8.036  4.780  0.980 1.72E-3 6.44E-4 0.0209 0.1364  2.376 0.1158 0.1204  0.858 0.0000 0.0112  0.000  0.000  0.0000  Tip     
 2.91758E+08  2.322  3.658  2.172  8.044  4.629  0.977 4.78E-3 6.51E-4 0.0472 0.1364  2.309 0.1171 0.1220  0.887 0.0000 0.0125  0.000  0.000  0.0000          
 2.92429E+08  2.259  3.662  2.253  8.038  4.585  0.974 7.60E-3 6.67E-4 0.0325 0.1364  2.247 0.1186 0.1239  0.564 0.0000 0.0125  0.000  0.000  0.0000          
 2.93893E+08  2.198  3.667  2.330  8.041  4.564  0.968 1.36E-2 7.31E-4 0.0325 0.1364  2.183 0.1214 0.1271  0.634 0.0000 0.0125  0.000  0.000  0.0000          
 2.95382E+08  2.135  3.671  2.412  8.043  4.539  0.961 2.06E-2 8.48E-4 0.0325 0.1364  2.118 0.1238 0.1296  0.671 0.0000 0.0125  0.000 -1.865  0.0000          
 2.96793E+08  2.071  3.676  2.495  8.045  4.520  0.953 2.78E-2 1.01E-3 0.0325 0.1364  2.048 0.1256 0.1314  0.705 0.0000 0.0137  0.000 -1.929  0.0000          
 2.97998E+08  2.012  3.681  2.571  8.047  4.506  0.947 3.42E-2 1.20E-3 0.0325 0.1364  1.985 0.1268 0.1328  0.730 0.0000 0.0137  0.000 -1.988  0.0000          
 2.99407E+08  1.953  3.685  2.649  8.048  4.494  0.938 4.22E-2 1.49E-3 0.0325 0.1364  1.919 0.1281 0.1342  0.755 0.0000 0.0137  0.000 -2.047  0.0000          
 3.01132E+08  1.893  3.690  2.727  8.050  4.480  0.931 4.90E-2 1.82E-3 0.0360 0.1366  1.852 0.1293 0.1356  0.782 0.0000 0.0137  0.000 -2.107  0.0000          
 3.03725E+08  1.834  3.695  2.809  8.052  4.465  0.917 6.21E-2 2.52E-3 0.0379 0.1366  1.783 0.1308 0.1386  0.816 0.0000 0.0158  0.000 -2.166  0.0000          
 3.09218E+08  1.797  3.705  2.884  8.055  4.442  0.886 9.09E-2 4.63E-3 0.0407 0.1400  1.740 0.1337 0.1425  0.869 0.0000 0.0158  0.000 -2.203  0.0000  Bhe     
 3.49564E+08  1.855  3.705  2.826  8.077  4.336  0.664 2.72E-1 4.31E-2 0.0528 0.1530  1.767 0.1446 0.1533  1.123 0.0000 0.0199  0.000 -1.844  0.0000  LpT     
 3.87222E+08  1.915  3.703  2.760  8.097  4.256  0.498 3.72E-1 1.08E-1 0.0556 0.1652  1.780 0.1551 0.1654  1.339 0.0000 0.0237  0.000 -1.607  0.0000          
 4.25028E+08  1.975  3.701  2.690  8.123  4.199  0.311 4.44E-1 2.21E-1 0.0666 0.1776  1.770 0.1660 0.1778  1.548 0.0000 0.0290  0.000 -1.326  0.0000          
 4.61862E+08  2.027  3.693  2.609  8.176  4.220  0.084 4.07E-1 4.84E-1 0.0744 0.1879  1.703 0.1761 0.1877  1.749 0.0000 0.0388  0.000 -0.827  0.0000          
 4.72185E+08  2.077  3.685  2.524  8.225  4.343  0.016 2.91E-1 6.68E-1 0.0600 0.1899  1.774 0.1790 0.1882  1.773 0.0000 0.0444  0.000 -0.431  0.0000          
 4.73096E+08  2.134  3.678  2.441  8.259  4.463  0.003 2.59E-1 7.13E-1 0.0388 0.1900  1.900 0.1795 0.1871  1.685 0.0000 0.0486  0.000 -0.150  0.0000          
 4.73294E+08  2.188  3.673  2.366  8.277  4.613  0.000 2.50E-1 7.24E-1 0.0000 0.1900  2.013 0.1796 0.1862  1.056 0.0000 0.0951  0.000  0.046  0.0000  Yc=0    
 4.73376E+08  2.247  3.668  2.287  8.274  4.735  0.000 2.51E-1 7.24E-1 0.0000 0.1900  2.086 0.1798 0.1856  1.205 0.0099 0.1039  0.000  0.139  0.0000          
 4.73449E+08  2.304  3.664  2.212  8.278  4.817  0.000 2.51E-1 7.24E-1 0.0000 0.1900  2.150 0.1799 0.1854  1.459 0.0158 0.1092  0.000  0.213  0.0000          
 4.73600E+08  2.364  3.659  2.135  8.274  4.919  0.000 2.51E-1 7.24E-1 0.0000 0.1900  2.201 0.1802 0.1852  1.771 0.0254 0.1137  0.000  0.256  0.0000          
 4.76721E+08  2.449  3.653  2.024  8.234  5.437  0.000 2.51E-1 7.24E-1 0.0000 0.1900  0.637 0.1824 0.1857  2.442 0.0728 0.1367  0.000  0.449  0.0000          
 4.77226E+08  2.524  3.646  1.920  8.231  5.499  0.000 2.51E-1 7.24E-1 0.0000 0.1900  0.081 0.1824 0.1855  2.519 0.0787 0.1398  0.000  0.507  0.0000          
 4.77653E+08  2.591  3.641  1.835  8.229  5.555  0.000 2.51E-1 7.24E-1 0.0000 0.1900 -0.263 0.1825 0.1851  2.584 0.0848 0.1432  0.000  0.577  0.0029          
 4.78012E+08  2.653  3.636  1.753  8.228  5.609  0.000 2.51E-1 7.24E-1 0.0000 0.1900 -0.444 0.1825 0.1848  2.644 0.0931 0.1469  0.000  0.657  0.0125          
 4.78303E+08  2.711  3.631  1.676  8.226  5.657  0.000 2.51E-1 7.24E-1 0.0000 0.1900 -0.590 0.1825 0.1846  2.701 0.1001 0.1500  0.000  0.728  0.0199          
 4.78601E+08  2.776  3.626  1.592  8.225  5.714  0.000 2.51E-1 7.24E-1 0.0000 0.1900 -0.622 0.1825 0.1845  2.763 0.1097 0.1542  0.000  0.825  0.0281          
 4.78876E+08  2.839  3.622  1.511  8.222  5.774  0.000 2.51E-1 7.24E-1 0.0000 0.1900 -0.316 0.1825 0.1844  2.825 0.1168 0.1582  0.000  0.929  0.0360          
 4.79124E+08  2.899  3.617  1.432  8.216  5.836  0.000 2.51E-1 7.24E-1 0.0000 0.1900  0.103 0.1825 0.1844  2.882 0.1303 0.1623  0.000  1.036  0.0444          
 4.79414E+08  2.962  3.613  1.352  8.202  5.922  0.000 2.51E-1 7.24E-1 0.0000 0.1900  1.269 0.1827 0.1843  2.931 0.1393 0.1677  0.000  1.179  0.0546          
 4.79585E+08  3.020  3.608  1.276  8.190  5.984  0.000 2.51E-1 7.24E-1 0.0000 0.1897  2.177 0.1833 0.1843  2.923 0.1470 0.1717  0.000  1.287  0.0645          
 4.79683E+08  3.079  3.603  1.195  8.180  6.022  0.000 2.51E-1 7.24E-1 0.0000 0.1889  2.534 0.1836 0.1844  2.898 0.1505 0.1737  0.000  1.344  0.0677          
 4.79779E+08  3.136  3.598  1.118  8.167  6.057  0.000 2.51E-1 7.24E-1 0.0000 0.1883  2.716 0.1839 0.1846  2.883 0.1535 0.1755  0.000  1.387  0.0719          
 4.79851E+08  3.193  3.593  1.041  8.156  6.084  0.000 2.51E-1 7.24E-1 0.0000 0.1878  2.830 0.1842 0.1848  2.857 0.1559 0.1766  0.000  1.416  0.0749          
 4.79914E+08  3.251  3.588  0.964  8.146  6.107  0.000 2.51E-1 7.24E-1 0.0000 0.1875  2.956 0.1845 0.1850  2.828 0.1578 0.1777  0.000  1.435  0.0780          
 4.79996E+08  3.309  3.583  0.886  8.131  6.136  0.000 2.51E-1 7.24E-1 0.0000 0.1874  3.128 0.1850 0.1854  2.805 0.1603 0.1789  0.000  1.455  0.0822          
 4.80083E+08  3.367  3.579  0.808  8.114  6.165  0.000 2.51E-1 7.24E-1 0.0000 0.1874  3.202 0.1856 0.1860  2.793 0.1626 0.1801  0.000  1.468  0.0867          
 4.80177E+08  3.423  3.572  0.728  8.096  6.195  0.000 2.51E-1 7.24E-1 0.0000 0.1874  3.273 0.1865 0.1868  2.791 0.1649 0.1815  0.000  1.472  0.0926          
 4.80280E+08  3.480  3.567  0.650  8.077  6.226  0.000 2.51E-1 7.24E-1 0.0000 0.1877  3.342 0.1875 0.1877  2.707 0.1673 0.1832  0.000  1.467  0.0982          
 4.80291E+08  3.534  3.560  0.566  8.076  6.231  0.000 2.51E-1 7.24E-1 0.0000 0.1878  3.460 0.1876 0.1879  2.531 0.1676 0.1833  0.000  1.479  0.0992          
 4.80305E+08  3.577  3.556  0.510  8.075  6.238  0.000 2.51E-1 7.24E-1 0.0000 0.1881  3.518 0.1879 0.1881  2.509 0.1681 0.1835  0.000  1.491  0.1009  1tp
