 age/yr       logL   logTef grav   logTc  logrho Xc,Yc Xc_C    Xc_O    Q_conv Q_disc  logL_H Q1_H  Q2_H    logL_He Q1_He Q2_He  logL_C logL_nu Q_Tmax stage
 0.00000E+00  1.722  3.662  2.389  8.069  4.326  0.929 5.24E-2 1.02E-3 0.1137 0.3845  1.571 0.3788 0.4089  1.205 0.0000 0.0439  0.000 -1.977  0.0000  ZAHB                
 2.45018E+06  1.701  3.663  2.415  8.068  4.325  0.899 8.01E-2 2.38E-3 0.1048 0.3924  1.564 0.3788 0.4001  1.137 0.0000 0.0439  0.000 -1.998  0.0000          
 1.28407E+07  1.703  3.663  2.414  8.074  4.309  0.797 1.72E-1 1.20E-2 0.1253 0.3990  1.542 0.3801 0.4053  1.195 0.0000 0.0491  0.000 -1.996  0.0000          
 2.44247E+07  1.697  3.665  2.428  8.081  4.287  0.697 2.53E-1 2.89E-2 0.1465 0.4054  1.499 0.3847 0.4118  1.258 0.0000 0.0544  0.000 -1.827  0.0000          
 3.76531E+07  1.692  3.666  2.436  8.090  4.262  0.598 3.25E-1 5.48E-2 0.1435 0.4113  1.451 0.3893 0.4184  1.320 0.0000 0.0598  0.000 -1.706  0.0000          
 5.10549E+07  1.691  3.667  2.439  8.099  4.243  0.496 3.90E-1 9.08E-2 0.1560 0.4173  1.403 0.3936 0.4238  1.380 0.0000 0.0679  0.000 -1.610  0.0000          
 6.43337E+07  1.691  3.667  2.442  8.109  4.228  0.400 4.40E-1 1.37E-1 0.1723 0.4223  1.339 0.3972 0.4286  1.438 0.0000 0.0679  0.000 -1.531  0.0000          
 7.07415E+07  1.694  3.667  2.440  8.114  4.224  0.353 4.60E-1 1.64E-1 0.1927 0.4243  1.310 0.3990 0.4304  1.464 0.0000 0.0679  0.000 -1.461  0.0000  Te-M    
 7.81835E+07  1.697  3.667  2.436  8.122  4.221  0.298 4.77E-1 2.03E-1 0.2026 0.4263  1.272 0.4010 0.4324  1.495 0.0000 0.0763  0.000 -1.399  0.0000          
 9.27512E+07  1.709  3.666  2.417  8.138  4.226  0.199 4.84E-1 2.92E-1 0.2139 0.4304  1.203 0.4041 0.4354  1.551 0.0000 0.0763  0.000 -1.211  0.0000          
 1.07566E+08  1.740  3.665  2.381  8.163  4.259  0.098 4.47E-1 4.31E-1 0.2164 0.4330  1.186 0.4071 0.4361  1.601 0.0000 0.0845  0.000 -0.937  0.0000          
 1.18112E+08  1.779  3.662  2.329  8.185  4.303  0.049 3.74E-1 5.53E-1 0.1589 0.4347  1.255 0.4093 0.4330  1.627 0.0000 0.0935  0.000 -0.728  0.0000          
 1.23962E+08  1.868  3.655  2.213  8.225  4.423  0.010 2.94E-1 6.71E-1 0.1325 0.4354  1.505 0.4113 0.4301  1.602 0.0000 0.1006  0.000 -0.391  0.0000          
 1.24811E+08  1.978  3.646  2.068  8.260  4.576  0.001 2.70E-1 7.04E-1 0.0519 0.4354  1.745 0.4118 0.4272  1.328 0.0000 0.1618  0.000 -0.146  0.0000          
 1.24886E+08  2.012  3.643  2.024  8.265  4.636  0.000 2.68E-1 7.07E-1 0.0089 0.4354  1.802 0.4118 0.4263  0.975 0.0000 0.2060  0.000 -0.096  0.0000          
 1.24909E+08  2.026  3.642  2.006  8.262  4.665  0.000 2.67E-1 7.08E-1 0.0000 0.4354  1.821 0.4118 0.4261  0.876 0.0002 0.2141  0.000 -0.082  0.0000  Yc=0    
 1.25009E+08  2.097  3.636  1.913  8.258  4.776  0.000 2.67E-1 7.08E-1 0.0000 0.4354  1.913 0.4121 0.4249  1.016 0.0203 0.2336  0.000  0.000  0.0000          
 1.25102E+08  2.159  3.632  1.832  8.261  4.853  0.000 2.67E-1 7.08E-1 0.0000 0.4354  1.997 0.4124 0.4243  1.242 0.0337 0.2469  0.000  0.068  0.0000          
 1.25238E+08  2.218  3.627  1.753  8.260  4.931  0.000 2.67E-1 7.08E-1 0.0000 0.4354  2.074 0.4129 0.4236  1.488 0.0506 0.2574  0.000  0.116  0.0000          
 1.25467E+08  2.237  3.626  1.731  8.249  5.006  0.000 2.67E-1 7.08E-1 0.0000 0.4354  2.085 0.4140 0.4239  1.642 0.0673 0.2624  0.000  0.118  0.0000  L-M     
 1.27255E+08  2.206  3.628  1.770  8.213  5.261  0.000 2.67E-1 7.08E-1 0.0000 0.4354  1.784 0.4181 0.4264  1.991 0.1242 0.2911  0.000  0.156  0.0000  L-m     
 1.29321E+08  2.270  3.624  1.687  8.196  5.432  0.000 2.67E-1 7.08E-1 0.0000 0.4354  1.147 0.4196 0.4268  2.235 0.1615 0.3127  0.000  0.253  0.0000          
 1.30392E+08  2.340  3.617  1.593  8.185  5.507  0.000 2.67E-1 7.08E-1 0.0000 0.4354  0.865 0.4199 0.4263  2.321 0.1771 0.3250  0.000  0.331  0.0223          
 1.31253E+08  2.411  3.611  1.498  8.180  5.575  0.000 2.67E-1 7.08E-1 0.0000 0.4354  0.762 0.4201 0.4257  2.395 0.1947 0.3370  0.000  0.424  0.0622          
 1.31886E+08  2.475  3.607  1.417  8.177  5.635  0.000 2.67E-1 7.08E-1 0.0000 0.4354  0.809 0.4202 0.4252  2.456 0.2160 0.3473  0.000  0.520  0.0847          
 1.32346E+08  2.529  3.600  1.336  8.175  5.685  0.000 2.67E-1 7.08E-1 0.0000 0.4354  0.890 0.4203 0.4249  2.508 0.2390 0.3560  0.000  0.597  0.0981          
 1.32863E+08  2.595  3.594  1.246  8.169  5.749  0.000 2.67E-1 7.08E-1 0.0000 0.4354  1.195 0.4206 0.4247  2.564 0.2603 0.3656  0.000  0.699  0.1098          
 1.33296E+08  2.664  3.589  1.156  8.161  5.814  0.000 2.67E-1 7.08E-1 0.0000 0.4354  1.685 0.4211 0.4246  2.600 0.2916 0.3760  0.000  0.804  0.1324          
 1.33589E+08  2.726  3.584  1.075  8.151  5.862  0.000 2.67E-1 7.08E-1 0.0000 0.4354  2.021 0.4217 0.4247  2.612 0.3047 0.3833  0.000  0.875  0.1439          
 1.33807E+08  2.789  3.578  0.988  8.142  5.900  0.000 2.67E-1 7.08E-1 0.0000 0.4354  2.273 0.4228 0.4249  2.610 0.3157 0.3890  0.000  0.929  0.1530          
 1.33963E+08  2.846  3.573  0.911  8.133  5.928  0.000 2.67E-1 7.08E-1 0.0000 0.4354  2.437 0.4230 0.4252  2.611 0.3229 0.3927  0.000  0.966  0.1604          
 1.34134E+08  2.906  3.567  0.827  8.122  5.959  0.000 2.67E-1 7.08E-1 0.0000 0.4354  2.579 0.4238 0.4257  2.608 0.3308 0.3963  0.000  1.000  0.1691          
 1.34267E+08  2.961  3.559  0.739  8.112  5.982  0.000 2.67E-1 7.08E-1 0.0000 0.4354  2.692 0.4247 0.4263  2.602 0.3364 0.3994  0.000  1.021  0.1792          
 1.34406E+08  3.018  3.554  0.662  8.101  6.007  0.000 2.67E-1 7.08E-1 0.0000 0.4354  2.797 0.4257 0.4272  2.596 0.3426 0.4026  0.000  1.044  0.1894          
 1.34551E+08  3.077  3.549  0.582  8.089  6.032  0.000 2.67E-1 7.08E-1 0.0000 0.4353  2.890 0.4270 0.4284  2.594 0.3486 0.4059  0.000  1.059  0.1982          
 1.34692E+08  3.128  3.541  0.499  8.077  6.056  0.000 2.67E-1 7.08E-1 0.0000 0.4353  2.969 0.4286 0.4298  2.594 0.3540 0.4091  0.000  1.073  0.2067          
 1.34850E+08  3.185  3.536  0.421  8.063  6.082  0.000 2.67E-1 7.08E-1 0.0000 0.4353  3.045 0.4306 0.4317  2.600 0.3603 0.4132  0.000  1.083  0.2223          
 1.35007E+08  3.239  3.528  0.339  8.049  6.107  0.000 2.67E-1 7.08E-1 0.0000 0.4353  3.114 0.4330 0.4340  2.601 0.3665 0.4169  0.000  1.090  0.2337          
 1.35168E+08  3.294  3.522  0.258  8.035  6.133  0.000 2.67E-1 7.08E-1 0.0000 0.4366  3.182 0.4358 0.4366  2.573 0.3727 0.4208  0.000  1.100  0.2500          
 1.35201E+08  3.228  3.530  0.358  8.031  6.135  0.000 2.67E-1 7.08E-1 0.0000 0.4372  3.041 0.4364 0.4380  2.842 0.3742 0.4216  0.000  1.086  0.2500          
 1.35214E+08  3.283  3.523  0.275  8.031  6.139  0.000 2.67E-1 7.08E-1 0.0000 0.4374  3.157 0.4366 0.4375  2.572 0.3745 0.4224  0.000  1.096  0.2500          
 1.35224E+08  3.335  3.515  0.190  8.031  6.143  0.000 2.67E-1 7.08E-1 0.0000 0.4376  3.250 0.4368 0.4376  2.453 0.3754 0.4228  0.000  1.106  0.2538          
 1.35246E+08  3.386  3.510  0.116  8.031  6.149  0.000 2.67E-1 7.08E-1 0.0000 0.4380  3.312 0.4374 0.4381  2.428 0.3762 0.4231  0.000  1.118  0.2612  1tp
