 age/yr       logL   logTef grav   logTc  logrho Xc,Yc Xc_C    Xc_O    Q_conv Q_disc  logL_H Q1_H  Q2_H    logL_He Q1_He Q2_He  logL_C logL_nu Q_Tmax stage
 0.00000E+00 -0.546  3.744  4.754  7.056  1.958  0.768 6.33E-5 1.92E-4 0.0849 0.1630 -0.540 0.0000 0.1905  0.000 0.0000 0.0000  0.000  0.000  0.0000  ZAMS                
 1.70961E+09 -0.505  3.748  4.726  7.058  1.996  0.699 5.31E-7 1.92E-4 0.0000 0.5724 -0.505 0.0000 0.2580  0.000 0.0000 0.0000  0.000  0.000  0.0000          
 4.02520E+09 -0.465  3.753  4.706  7.073  2.061  0.598 2.27E-7 1.92E-4 0.0000 0.6450 -0.465 0.0000 0.2729  0.000 0.0000 0.0000  0.000  0.000  0.0000          
 6.32869E+09 -0.422  3.758  4.683  7.091  2.135  0.497 2.49E-7 1.92E-4 0.0000 0.6783 -0.421 0.0000 0.2875  0.000 0.0000 0.0000  0.000  0.000  0.0000          
 8.62651E+09 -0.373  3.764  4.657  7.112  2.220  0.398 2.75E-7 1.92E-4 0.0000 0.7009 -0.372 0.0000 0.3018  0.000 0.0000 0.0000  0.000  0.000  0.0000          
 1.09287E+10 -0.317  3.769  4.623  7.136  2.318  0.299 3.09E-7 1.91E-4 0.0000 0.7168 -0.317 0.0000 0.3295  0.000 0.0000 0.0000  0.000  0.000  0.0000          
 1.32595E+10 -0.251  3.775  4.581  7.168  2.443  0.198 3.58E-7 1.88E-4 0.0000 0.7318 -0.249 0.0000 0.3562  0.000 0.0000 0.0000  0.000  0.000  0.0000          
 1.59576E+10 -0.153  3.783  4.514  7.208  2.629  0.099 4.41E-7 1.71E-4 0.0000 0.7461 -0.152 0.0000 0.3846  0.000 0.0000 0.0000  0.000  0.000  0.0000          
 1.80971E+10 -0.051  3.789  4.432  7.246  2.828  0.049 5.27E-7 1.14E-4 0.0000 0.7547 -0.046 0.0000 0.4051  0.000 0.0000 0.0000  0.000  0.000  0.0000          
 2.01922E+10  0.098  3.795  4.311  7.322  3.093  0.010 1.73E-6 1.64E-5 0.0000 0.7626  0.100 0.0000 0.4378  0.000 0.0000 0.0000  0.000  0.000  0.0000          
 2.07209E+10  0.148  3.796  4.265  7.334  3.200  0.001 1.84E-6 1.47E-5 0.0000 0.7626  0.148 0.0000 0.4441  0.000 0.0000 0.0000  0.000  0.000  0.0000  Te-M    
 2.07402E+10  0.150  3.796  4.263  7.334  3.205  0.001 1.84E-6 1.47E-5 0.0000 0.7626  0.150 0.0000 0.4441  0.000 0.0000 0.0000  0.000  0.000  0.0000          
 2.09828E+10  0.176  3.795  4.235  7.336  3.273  0.000 1.87E-6 1.46E-5 0.0000 0.7664  0.177 0.0000 0.4441  0.000 0.0000 0.0000  0.000  0.000  0.0000          
 2.14326E+10  0.234  3.794  4.172  7.344  3.432  0.000 1.94E-6 1.46E-5 0.0000 0.7664  0.234 0.0000 0.4441  0.000 0.0000 0.0000  0.000  0.000  0.0000  Xc=0    
 2.18186E+10  0.294  3.789  4.090  7.355  3.626  1.000 1.94E-6 1.46E-5 0.0000 0.7664  0.295 0.0161 0.4314  0.000 0.0000 0.0000  0.000  0.000  0.0000          
 2.20797E+10  0.348  3.782  4.009  7.373  3.820  1.000 1.94E-6 1.46E-5 0.0000 0.7664  0.349 0.0450 0.4051  0.000 0.0000 0.0000  0.000  0.000  0.0000          
 2.22811E+10  0.404  3.771  3.910  7.401  4.043  1.000 1.94E-6 1.46E-5 0.0000 0.7664  0.404 0.0873 0.3706  0.000 0.0000 0.0000  0.000  0.000  0.0000  Brg     
 2.24090E+10  0.449  3.760  3.820  7.429  4.229  1.000 1.94E-6 1.46E-5 0.0000 0.7664  0.450 0.1238 0.3363  0.000 0.0000 0.0000  0.000  0.000  0.0000          
 2.25046E+10  0.496  3.750  3.734  7.454  4.392  1.000 1.94E-6 1.46E-5 0.0000 0.7664  0.495 0.1542 0.3141  0.000 0.0000 0.0000  0.000  0.000  0.0000          
 2.25937E+10  0.558  3.741  3.637  7.472  4.543  1.000 1.94E-6 1.46E-5 0.0000 0.7626  0.558 0.1786 0.2964  0.000 0.0000 0.0000  0.000  0.000  0.0000          
 2.26613E+10  0.617  3.737  3.560  7.482  4.648  1.000 1.94E-6 1.46E-5 0.0000 0.7063  0.616 0.1972 0.2920  0.000 0.0000 0.0000  0.000  0.000  0.0000          
 2.27243E+10  0.684  3.734  3.481  7.490  4.741  1.000 1.94E-6 1.46E-5 0.0000 0.6338  0.683 0.2146 0.2911  0.000 0.0000 0.0000  0.000  0.000  0.0000          
 2.27794E+10  0.750  3.731  3.406  7.496  4.817  1.000 1.94E-6 1.46E-5 0.0000 0.5822  0.749 0.2300 0.2893  0.000 0.0000 0.0000  0.000  0.000  0.0000          
 2.28298E+10  0.817  3.730  3.332  7.504  4.885  1.000 1.94E-6 1.46E-5 0.0000 0.5407  0.816 0.2442 0.2915  0.000 0.0000 0.0000  0.000  0.000  0.0000          
 2.28723E+10  0.879  3.728  3.264  7.509  4.940  1.000 1.94E-6 1.46E-5 0.0000 0.5032  0.878 0.2547 0.2960  0.000 0.0000 0.0000  0.000  0.000  0.0000          
 2.29108E+10  0.942  3.727  3.194  7.515  4.990  1.000 1.94E-6 1.46E-5 0.0000 0.4770  0.941 0.2659 0.3009  0.000 0.0000 0.0000  0.000  0.000  0.0000          
 2.29440E+10  1.002  3.725  3.129  7.522  5.034  1.000 1.94E-6 1.46E-5 0.0000 0.4616  1.001 0.2761 0.3066  0.000 0.0000 0.0000  0.000  0.000  0.0000          
 2.29749E+10  1.066  3.724  3.059  7.529  5.075  1.000 1.94E-6 1.46E-5 0.0000 0.4485  1.065 0.2866 0.3127  0.000 0.0000 0.0000  0.000  0.000  0.0000          
 2.30007E+10  1.127  3.723  2.994  7.537  5.113  1.000 1.94E-6 1.46E-5 0.0000 0.4407  1.126 0.2964 0.3188  0.000 0.0000 0.0000  0.000  0.000  0.0000          
 2.30242E+10  1.188  3.721  2.927  7.544  5.148  1.000 1.94E-6 1.46E-5 0.0000 0.4309  1.187 0.3053 0.3257  0.000 0.0000 0.0000  0.000  0.000  0.0000          
 2.30461E+10  1.248  3.720  2.861  7.553  5.183  1.000 1.94E-6 1.46E-5 0.0000 0.4275  1.247 0.3151 0.3331  0.000 0.0000 0.0000  0.000  0.000  0.0000          
 2.30642E+10  1.312  3.718  2.791  7.562  5.214  1.000 1.94E-6 1.46E-5 0.0000 0.4247  1.311 0.3242 0.3403  0.000 0.0000 0.0000  0.000  0.000  0.0000          
 2.30801E+10  1.372  3.717  2.724  7.570  5.244  1.000 1.94E-6 1.46E-5 0.0000 0.4227  1.371 0.3329 0.3474  0.000 0.0000 0.0000  0.000  0.000  0.0000          
 2.30951E+10  1.434  3.715  2.655  7.579  5.274  1.000 1.94E-6 1.46E-5 0.0000 0.4232  1.433 0.3423 0.3550  0.000 0.0000 0.0000  0.000  0.000  0.0000          
 2.31080E+10  1.495  3.713  2.586  7.588  5.301  1.000 1.94E-6 1.46E-5 0.0000 0.4232  1.494 0.3510 0.3625  0.000 0.0000 0.0000  0.000  0.000  0.0000          
 2.31198E+10  1.557  3.711  2.518  7.598  5.329  1.000 1.94E-6 1.46E-5 0.0000 0.4232  1.555 0.3603 0.3707  0.000 0.0000 0.0000  0.000  0.000  0.0000          
 2.31297E+10  1.617  3.709  2.450  7.607  5.355  1.000 1.94E-6 1.46E-5 0.0000 0.4232  1.615 0.3691 0.3784  0.000 0.0000 0.0000  0.000  0.000  0.0000          
 2.31391E+10  1.679  3.707  2.380  7.618  5.382  1.000 1.94E-6 1.46E-5 0.0000 0.4232  1.677 0.3784 0.3869  0.000 0.0000 0.0000  0.000  0.000  0.0000          
 2.31474E+10  1.739  3.705  2.312  7.628  5.408  1.000 1.94E-6 1.46E-5 0.0000 0.4232  1.737 0.3879 0.3956  0.000 0.0000 0.0000  0.000  0.000  0.0000          
 2.31545E+10  1.799  3.703  2.243  7.639  5.433  1.000 1.94E-6 1.46E-5 0.0000 0.4232  1.798 0.3973 0.4041  0.000 0.0000 0.0000  0.000  0.000  0.0000          
 2.31617E+10  1.859  3.701  2.174  7.651  5.461  1.000 1.94E-6 1.46E-5 0.0000 0.4232  1.857 0.4076 0.4139  0.000 0.0000 0.0000  0.000  0.000  0.0000          
 2.31723E+10  1.922  3.699  2.103  7.671  5.506  1.000 1.94E-6 1.46E-5 0.0000 0.4295  1.921 0.4248 0.4302  0.000 0.0000 0.0000  0.000  0.000  0.0000          
 2.31770E+10  1.982  3.697  2.034  7.680  5.528  1.000 1.94E-6 1.46E-5 0.0000 0.4374  1.980 0.4332 0.4381  0.000 0.0000 0.0000  0.000  0.000  0.0000          
 2.31812E+10  2.042  3.694  1.964  7.689  5.549  1.000 1.94E-6 1.46E-5 0.0000 0.4457  2.040 0.4418 0.4464  0.000 0.0000 0.0000  0.000  0.000  0.0000          
 2.31850E+10  2.102  3.692  1.896  7.698  5.570  1.000 1.94E-6 1.46E-5 0.0000 0.4544  2.099 0.4507 0.4550  0.000 0.0000 0.0000  0.000  0.000  0.0000          
 2.31884E+10  2.161  3.690  1.827  7.704  5.591  1.000 1.94E-6 1.46E-5 0.0000 0.4632  2.159 0.4597 0.4637  0.000 0.0000 0.0000  0.000 -1.839  0.0000          
 2.31915E+10  2.222  3.687  1.756  7.711  5.613  1.000 1.94E-6 1.46E-5 0.0000 0.4723  2.220 0.4690 0.4729  0.000 0.0000 0.0000  0.000 -1.778  0.0007          
 2.31942E+10  2.282  3.684  1.685  7.719  5.635  1.000 1.94E-6 1.46E-5 0.0000 0.4815  2.280 0.4785 0.4820  0.000 0.0000 0.0000  0.000 -1.718  0.0262          
 2.31968E+10  2.345  3.682  1.612  7.727  5.658  1.000 1.94E-6 1.46E-5 0.0000 0.4915  2.342 0.4887 0.4920  0.000 0.0000 0.0000  0.000 -1.655  0.0627          
 2.31990E+10  2.405  3.679  1.539  7.735  5.680  1.000 1.94E-6 1.46E-5 0.0000 0.5015  2.403 0.4988 0.5019  0.000 0.0000 0.0000  0.000 -1.595  0.0943          
 2.32012E+10  2.469  3.676  1.463  7.745  5.704  1.000 1.94E-6 1.46E-5 0.0000 0.5124  2.467 0.5100 0.5128  0.000 0.0000 0.0000  0.000 -1.531  0.1238          
 2.32030E+10  2.532  3.672  1.388  7.754  5.727  1.000 1.94E-6 1.46E-5 0.0000 0.5232  2.530 0.5213 0.5236  0.000 0.0000 0.0000  0.000 -1.167  0.1525          
 2.32046E+10  2.593  3.669  1.312  7.764  5.751  1.000 1.94E-6 1.46E-5 0.0000 0.5347  2.591 0.5326 0.5350  0.000 0.0000 0.0000  0.000 -1.105  0.1803          
 2.32060E+10  2.656  3.666  1.239  7.774  5.773  1.000 1.94E-6 1.46E-5 0.0000 0.5459  2.653 0.5437 0.5461  0.000 0.0000 0.0000  0.000 -1.043  0.2005          
 2.32075E+10  2.724  3.663  1.157  7.785  5.800  1.000 1.94E-6 1.46E-5 0.0000 0.5592  2.721 0.5573 0.5594  0.000 0.0000 0.0000  0.000 -0.975  0.2268          
 2.32086E+10  2.782  3.659  1.082  7.796  5.824  1.000 1.94E-6 1.46E-5 0.0000 0.5714  2.780 0.5699 0.5717  0.000 0.0000 0.0000  0.000 -0.917  0.2504          
 2.32097E+10  2.846  3.655  1.005  7.807  5.849  1.000 1.94E-6 1.46E-5 0.0000 0.5846  2.843 0.5829 0.5849  0.000 0.0000 0.0000  0.000 -0.853  0.2729          
 2.32107E+10  2.909  3.652  0.929  7.818  5.876  1.000 1.94E-6 1.46E-5 0.0000 0.5989  2.906 0.5974 0.5991  0.000 0.0000 0.0000  0.000 -0.614  0.2975          
 2.32115E+10  2.969  3.649  0.855  7.829  5.900  1.000 1.94E-6 1.46E-5 0.0000 0.6122  2.966 0.6109 0.6124  0.000 0.0000 0.0000  0.000 -0.554  0.3186          
 2.32123E+10  3.029  3.645  0.783  7.839  5.926  1.000 1.94E-6 1.46E-5 0.0000 0.6265  3.026 0.6251 0.6267  0.000 0.0000 0.0000  0.000 -0.494  0.3361          
 2.32130E+10  3.087  3.641  0.709  7.851  5.953  1.000 1.94E-6 1.46E-5 0.0000 0.6418  3.084 0.6406 0.6420  0.000 0.0000 0.0000  0.000 -0.436  0.3522          
 2.32137E+10  3.151  3.638  0.633  7.862  5.982  1.000 1.94E-6 1.46E-5 0.0000 0.6583  3.147 0.6573 0.6584  0.000 0.0000 0.0000  0.000 -0.247  0.3773          
 2.32143E+10  3.211  3.635  0.560  7.873  6.011  1.000 1.94E-6 1.46E-5 0.0000 0.6753  3.207 0.6744 0.6755 -0.488 0.0000 0.4423  0.000 -0.187  0.3829          
 2.32147E+10  3.255  3.633  0.506  7.879  6.030  1.000 1.94E-6 1.46E-5 0.0000 0.6893  3.251 0.6884 0.6895  1.189 0.0000 0.5103  0.000 -0.046  0.2729  Cb      
