#n   age/yr      logL   logTef grav    logTc  logrho Xc     Yc     Xc_C   Xc_O   Q_conv Q_disc L_H/L Q1_H Q2_H L_He/L Q1_He Q2_He L_C/L L_nu/L Q_Tmax phase
#(1) (2)         (3)    (4)    (5)     (6)    (7)    (8)    (9)    (10)   (11)   (12)   (13)   (14) (15)  (16) (17)   (18)  (19)  (20)  (21)   (22)   (23) 
  1 0.000000e+00 1.7772 3.6866 2.0936  8.0642 4.3593 0.0000 0.9512 0.0319 0.0017 0.000 0.841  0.784 0.874 0.881 0.217 0.000 0.091 0.000 0.000 0.000 bcheb
  2 4.844554e+06 1.8060 3.6847 2.0572  8.0672 4.3453 0.0000 0.9052 0.0757 0.0035 0.259 0.851  0.782 0.862 0.866 0.219 0.000 0.091 0.000 0.000 0.000 
  3 9.714427e+06 1.7981 3.6949 2.1059  8.0704 4.3324 0.0000 0.8586 0.1187 0.0066 0.275 0.860  0.761 0.891 0.896 0.240 0.000 0.101 0.000 0.000 0.000 
  4 1.430557e+07 1.7912 3.7041 2.1496  8.0732 4.3212 0.0000 0.8205 0.1526 0.0104 0.288 0.867  0.742 0.899 0.904 0.261 0.000 0.101 0.000 0.000 0.000 
  5 1.764840e+07 1.7843 3.7149 2.1997  8.0754 4.3118 0.0000 0.7910 0.1781 0.0141 0.302 0.874  0.725 0.905 0.911 0.277 0.000 0.109 0.000 0.000 0.000 
  6 2.030357e+07 1.7782 3.7251 2.2466  8.0772 4.3054 0.0000 0.7669 0.1985 0.0175 0.310 0.878  0.710 0.910 0.916 0.292 0.000 0.109 0.000 0.000 0.000 
  7 2.272525e+07 1.7727 3.7340 2.2877  8.0786 4.2999 0.0000 0.7494 0.2130 0.0204 0.317 0.881  0.698 0.913 0.919 0.304 0.000 0.109 0.000 0.000 0.000 
  8 2.407093e+07 1.7685 3.7443 2.3331  8.0796 4.2966 0.0000 0.7364 0.2236 0.0226 0.321 0.884  0.689 0.915 0.922 0.313 0.000 0.109 0.000 0.000 0.000 
  9 2.513439e+07 1.7651 3.7551 2.3797  8.0804 4.2939 0.0000 0.7268 0.2314 0.0243 0.325 0.885  0.682 0.918 0.924 0.320 0.000 0.109 0.000 0.000 0.000 
 10 2.593003e+07 1.7626 3.7647 2.4206  8.0808 4.2919 0.0000 0.7212 0.2359 0.0254 0.328 0.886  0.677 0.919 0.925 0.325 0.000 0.109 0.000 0.000 0.000 
 11 2.666169e+07 1.7602 3.7760 2.4682  8.0814 4.2900 0.0000 0.7148 0.2410 0.0267 0.331 0.887  0.672 0.920 0.926 0.330 0.000 0.123 0.000 0.000 0.000 
 12 2.727474e+07 1.7587 3.7826 2.4961  8.0816 4.2890 0.0000 0.7115 0.2436 0.0273 0.332 0.888  0.669 0.920 0.926 0.333 0.000 0.123 0.000 0.000 0.000 
 13 2.789107e+07 1.7559 3.7961 2.5529  8.0821 4.2871 0.0000 0.7051 0.2487 0.0286 0.335 0.889  0.664 0.922 0.928 0.339 0.000 0.123 0.000 0.000 0.000 
 14 2.852544e+07 1.7544 3.8029 2.5816  8.0824 4.2862 0.0000 0.7017 0.2513 0.0294 0.336 0.889  0.661 0.922 0.929 0.342 0.000 0.123 0.000 0.000 0.000 
 15 2.917964e+07 1.7514 3.8163 2.6382  8.0830 4.2843 0.0000 0.6949 0.2566 0.0308 0.339 0.891  0.654 0.924 0.929 0.348 0.000 0.123 0.000 0.000 0.000 
 16 2.981735e+07 1.7496 3.8234 2.6684  8.0833 4.2832 0.0000 0.6911 0.2596 0.0316 0.340 0.891  0.651 0.924 0.930 0.351 0.000 0.123 0.000 0.000 0.000 
 17 3.046869e+07 1.7463 3.8368 2.7253  8.0838 4.2814 0.0000 0.6842 0.2650 0.0331 0.343 0.892  0.645 0.925 0.932 0.358 0.000 0.123 0.000 0.000 0.000 
 18 3.116076e+07 1.7447 3.8427 2.7505  8.0841 4.2805 0.0000 0.6808 0.2675 0.0338 0.344 0.893  0.642 0.926 0.932 0.361 0.000 0.123 0.000 0.000 0.000 
 19 3.184804e+07 1.7413 3.8558 2.8063  8.0847 4.2785 0.0000 0.6737 0.2730 0.0354 0.346 0.895  0.635 0.928 0.933 0.368 0.000 0.123 0.000 0.000 0.000 
 20 3.255204e+07 1.7375 3.8683 2.8601  8.0853 4.2767 0.0000 0.6665 0.2785 0.0371 0.349 0.895  0.628 0.928 0.935 0.375 0.000 0.123 0.000 0.000 0.000 
 21 3.326260e+07 1.7357 3.8743 2.8859  8.0856 4.2757 0.0000 0.6632 0.2810 0.0379 0.351 0.896  0.624 0.929 0.935 0.378 0.000 0.123 0.000 0.000 0.000 
 22 3.401899e+07 1.7318 3.8866 2.9390  8.0862 4.2738 0.0000 0.6560 0.2864 0.0396 0.353 0.897  0.617 0.930 0.936 0.386 0.000 0.123 0.000 0.000 0.000 
 23 3.483278e+07 1.7280 3.8980 2.9884  8.0868 4.2719 0.0000 0.6489 0.2916 0.0414 0.355 0.898  0.609 0.931 0.938 0.393 0.000 0.123 0.000 0.000 0.000 
 24 3.566543e+07 1.7262 3.9034 3.0118  8.0871 4.2710 0.0000 0.6455 0.2941 0.0423 0.356 0.899  0.606 0.932 0.938 0.397 0.000 0.123 0.000 0.000 0.000 
 25 3.657067e+07 1.7223 3.9142 3.0589  8.0877 4.2691 0.0000 0.6385 0.2993 0.0441 0.357 0.900  0.598 0.933 0.939 0.405 0.000 0.123 0.000 0.000 0.000 
 26 3.745514e+07 1.7181 3.9252 3.1071  8.0883 4.2671 0.0000 0.6312 0.3046 0.0461 0.356 0.901  0.590 0.934 0.940 0.413 0.000 0.123 0.000 0.000 0.000 
 27 3.838233e+07 1.7120 3.9393 3.1696  8.0892 4.2646 0.0000 0.6210 0.3119 0.0489 0.357 0.903  0.578 0.936 0.942 0.425 0.000 0.123 0.000 0.000 0.000 
 28 3.937225e+07 1.7078 3.9486 3.2110  8.0898 4.2629 0.0000 0.6140 0.3169 0.0509 0.357 0.903  0.570 0.936 0.943 0.433 0.000 0.123 0.000 0.000 0.000 
 29 4.042095e+07 1.7040 3.9569 3.2480  8.0904 4.2613 0.0000 0.6070 0.3218 0.0529 0.357 0.904  0.561 0.938 0.943 0.441 0.000 0.123 0.000 0.000 0.000 
 30 4.149080e+07 1.6978 3.9692 3.3034  8.0913 4.2590 0.0000 0.5966 0.3292 0.0559 0.359 0.905  0.549 0.939 0.945 0.454 0.000 0.123 0.000 0.000 0.000 
 31 4.265858e+07 1.6938 3.9768 3.3378  8.0919 4.2574 0.0000 0.5898 0.3338 0.0580 0.358 0.906  0.541 0.940 0.946 0.463 0.000 0.123 0.000 0.000 0.000 
 32 4.388064e+07 1.6879 3.9872 3.3853  8.0927 4.2553 0.0000 0.5796 0.3408 0.0611 0.358 0.908  0.528 0.941 0.947 0.475 0.000 0.123 0.000 0.000 0.000 
 33 4.516011e+07 1.6800 4.0004 3.4460  8.0939 4.2525 0.0000 0.5659 0.3501 0.0655 0.356 0.910  0.511 0.943 0.948 0.493 0.000 0.137 0.000 0.000 0.000 
 34 4.655669e+07 1.6746 4.0089 3.4854  8.0948 4.2507 0.0000 0.5560 0.3567 0.0687 0.354 0.911  0.499 0.944 0.949 0.505 0.000 0.137 0.000 0.000 0.000 
 35 4.804796e+07 1.6672 4.0196 3.5356  8.0960 4.2484 0.0000 0.5425 0.3656 0.0733 0.356 0.912  0.481 0.945 0.951 0.522 0.000 0.137 0.000 0.000 0.000 
 36 4.966227e+07 1.6600 4.0293 3.5816  8.0971 4.2464 0.0000 0.5294 0.3740 0.0779 0.337 0.914  0.464 0.946 0.952 0.539 0.000 0.137 0.000 0.001 0.000 
 37 5.146122e+07 1.6515 4.0396 3.6313  8.0988 4.2454 0.0000 0.5095 0.3871 0.0847 0.354 0.916  0.442 0.947 0.953 0.562 0.000 0.137 0.000 0.001 0.000 
 38 5.351937e+07 1.6425 4.0502 3.6827  8.1006 4.2431 0.0000 0.4904 0.3987 0.0920 0.358 0.917  0.417 0.949 0.954 0.587 0.000 0.137 0.000 0.001 0.000 
 39 5.597326e+07 1.6330 4.0608 3.7346  8.1026 4.2405 0.0000 0.4683 0.4115 0.1013 0.357 0.919  0.389 0.951 0.956 0.615 0.000 0.137 0.000 0.001 0.000 
 40 5.878474e+07 1.6234 4.0708 3.7842  8.1050 4.2380 0.0000 0.4436 0.4251 0.1123 0.356 0.920  0.358 0.953 0.957 0.646 0.000 0.137 0.000 0.001 0.000 
 41 6.251491e+07 1.6142 4.0800 3.8302  8.1080 4.2358 0.0000 0.4136 0.4405 0.1268 0.355 0.922  0.324 0.955 0.958 0.681 0.000 0.137 0.000 0.001 0.000 
 42 6.789674e+07 1.6037 4.0905 3.8827  8.1132 4.2338 0.0000 0.3646 0.4627 0.1535 0.355 0.925  0.272 0.957 0.959 0.732 0.000 0.152 0.000 0.001 0.000 
 43 8.334270e+07 1.6047 4.0996 3.9181  8.1309 4.2424 0.0000 0.2298 0.4985 0.2522 0.350 0.931  0.174 0.885 0.945 0.825 0.000 0.166 0.000 0.001 0.000 
 44 8.444913e+07 1.6063 4.0995 3.9161  8.1323 4.2439 0.0000 0.2211 0.4993 0.2600 0.351 0.931  0.171 0.886 0.945 0.829 0.000 0.166 0.000 0.001 0.000 tmaxcheb
 45 9.999978e+07 1.6448 4.0974 3.8692  8.1570 4.2826 0.0000 0.1104 0.4628 0.4070 0.348 0.936  0.150 0.890 0.946 0.849 0.000 0.180 0.000 0.002 0.000 
 46 1.077203e+08 1.6842 4.0956 3.8226  8.1754 4.3255 0.0000 0.0629 0.4112 0.5059 0.356 0.937  0.182 0.892 0.946 0.817 0.000 0.195 0.000 0.003 0.000 
 47 1.109872e+08 1.7203 4.0910 3.7681  8.1888 4.3623 0.0000 0.0400 0.3766 0.5634 0.354 0.938  0.227 0.893 0.944 0.765 0.000 0.195 0.000 0.004 0.000 
 48 1.121952e+08 1.7494 4.0842 3.7118  8.1975 4.3895 0.0000 0.0284 0.3600 0.5914 0.354 0.939  0.270 0.894 0.939 0.719 0.000 0.195 0.000 0.004 0.000 
 49 1.129569e+08 1.7740 4.0769 3.6580  8.2040 4.4107 0.0000 0.0218 0.3483 0.6097 0.354 0.939  0.307 0.894 0.937 0.678 0.000 0.210 0.000 0.004 0.000 
 50 1.134565e+08 1.7971 4.0685 3.6013  8.2095 4.4291 0.0000 0.0174 0.3393 0.6231 0.354 0.939  0.342 0.894 0.936 0.641 0.000 0.210 0.000 0.005 0.000 
 51 1.138309e+08 1.8170 4.0603 3.5486  8.2139 4.4441 0.0000 0.0143 0.3327 0.6326 0.354 0.939  0.371 0.894 0.936 0.610 0.000 0.210 0.000 0.005 0.000 
 52 1.141285e+08 1.8368 4.0511 3.4920  8.2181 4.4584 0.0000 0.0119 0.3269 0.6409 0.354 0.939  0.399 0.895 0.935 0.584 0.000 0.210 0.000 0.005 0.000 
 53 1.143613e+08 1.8561 4.0411 3.4327  8.2220 4.4725 0.0000 0.0098 0.3219 0.6480 0.354 0.939  0.425 0.895 0.934 0.549 0.000 0.210 0.000 0.005 0.000 
 54 1.145400e+08 1.8721 4.0317 3.3791  8.2252 4.4839 0.0000 0.0084 0.3184 0.6528 0.354 0.939  0.446 0.895 0.933 0.526 0.000 0.210 0.000 0.005 0.000 
 55 1.146904e+08 1.8873 4.0222 3.3259  8.2282 4.4945 0.0000 0.0073 0.3155 0.6568 0.354 0.939  0.466 0.896 0.933 0.504 0.000 0.210 0.000 0.005 0.000 
 56 1.148174e+08 1.8969 4.0159 3.2911  8.2300 4.5011 0.0000 0.0067 0.3138 0.6591 0.354 0.939  0.478 0.896 0.933 0.491 0.000 0.210 0.000 0.005 0.000 
 57 1.149273e+08 1.9075 4.0085 3.2509  8.2320 4.5084 0.0000 0.0061 0.3121 0.6615 0.354 0.939  0.491 0.896 0.933 0.476 0.000 0.210 0.000 0.005 0.000 
 58 1.150155e+08 1.9181 4.0008 3.2095  8.2340 4.5158 0.0000 0.0055 0.3105 0.6636 0.354 0.939  0.503 0.896 0.932 0.461 0.000 0.210 0.000 0.005 0.000 
 59 1.150922e+08 1.9400 3.9830 3.1164  8.2381 4.5311 0.0000 0.0045 0.3077 0.6674 0.354 0.939  0.528 0.897 0.931 0.429 0.000 0.210 0.000 0.005 0.000 
 60 1.151588e+08 1.9505 3.9737 3.0687  8.2400 4.5384 0.0000 0.0041 0.3065 0.6690 0.354 0.939  0.540 0.897 0.931 0.415 0.000 0.210 0.000 0.005 0.000 
 61 1.152209e+08 1.9609 3.9644 3.0211  8.2419 4.5456 0.0000 0.0037 0.3054 0.6705 0.354 0.939  0.551 0.897 0.931 0.402 0.000 0.210 0.000 0.005 0.000 
 62 1.152758e+08 1.9710 3.9548 2.9726  8.2438 4.5526 0.0000 0.0033 0.3044 0.6718 0.352 0.939  0.562 0.897 0.931 0.388 0.000 0.206 0.000 0.005 0.000 
 63 1.153247e+08 1.9808 3.9449 2.9232  8.2456 4.5596 0.0000 0.0030 0.3035 0.6730 0.343 0.939  0.572 0.897 0.930 0.374 0.000 0.206 0.000 0.005 0.000 
 64 1.153664e+08 1.9906 3.9346 2.8722  8.2474 4.5665 0.0000 0.0027 0.3027 0.6741 0.334 0.939  0.582 0.897 0.930 0.361 0.000 0.207 0.000 0.006 0.000 
 65 1.154063e+08 1.9997 3.9236 2.8191  8.2491 4.5732 0.0000 0.0024 0.3019 0.6752 0.321 0.939  0.591 0.897 0.930 0.346 0.000 0.207 0.000 0.006 0.000 
 66 1.154411e+08 2.0065 3.9155 2.7799  8.2504 4.5783 0.0000 0.0023 0.3013 0.6759 0.312 0.939  0.598 0.897 0.929 0.334 0.000 0.207 0.000 0.006 0.000 
 67 1.154712e+08 2.0127 3.9079 2.7433  8.2515 4.5831 0.0000 0.0021 0.3009 0.6766 0.305 0.939  0.604 0.897 0.929 0.323 0.000 0.207 0.000 0.006 0.000 
 68 1.154972e+08 2.0209 3.8974 2.6931  8.2531 4.5897 0.0000 0.0019 0.3003 0.6773 0.291 0.939  0.611 0.897 0.929 0.305 0.000 0.207 0.000 0.006 0.000 
 69 1.155201e+08 2.0261 3.8903 2.6595  8.2541 4.5939 0.0000 0.0018 0.2999 0.6778 0.285 0.939  0.616 0.897 0.929 0.297 0.000 0.207 0.000 0.006 0.000 
 70 1.155405e+08 2.0320 3.8820 2.6204  8.2552 4.5988 0.0000 0.0016 0.2996 0.6783 0.285 0.939  0.621 0.897 0.929 0.287 0.000 0.207 0.000 0.006 0.000 
 71 1.155614e+08 2.0442 3.8645 2.5382  8.2575 4.6090 0.0000 0.0014 0.2989 0.6792 0.275 0.939  0.631 0.897 0.929 0.267 0.000 0.208 0.000 0.006 0.000 
 72 1.155791e+08 2.0502 3.8553 2.4954  8.2587 4.6142 0.0000 0.0013 0.2985 0.6797 0.272 0.939  0.636 0.897 0.929 0.254 0.000 0.208 0.000 0.006 0.000 
 73 1.155952e+08 2.0569 3.8447 2.4463  8.2599 4.6201 0.0000 0.0012 0.2982 0.6801 0.267 0.939  0.642 0.897 0.929 0.242 0.000 0.208 0.000 0.006 0.000 
 74 1.156099e+08 2.0628 3.8349 2.4012  8.2611 4.6254 0.0000 0.0011 0.2979 0.6805 0.258 0.939  0.646 0.897 0.929 0.232 0.354 0.364 0.000 0.006 0.000 
 75 1.156229e+08 2.0664 3.8287 2.3728  8.2618 4.6287 0.0000 0.0010 0.2978 0.6807 0.258 0.939  0.649 0.897 0.928 0.225 0.354 0.364 0.000 0.006 0.000 
 76 1.156358e+08 2.0751 3.8137 2.3041  8.2634 4.6368 0.0000 0.0009 0.2974 0.6812 0.250 0.939  0.655 0.897 0.928 0.210 0.354 0.371 0.000 0.006 0.000 
 77 1.156472e+08 2.0804 3.8038 2.2592  8.2644 4.6417 0.0000 0.0008 0.2972 0.6815 0.243 0.939  0.659 0.897 0.928 0.202 0.354 0.371 0.000 0.006 0.000 
 78 1.156589e+08 2.0869 3.7921 2.2059  8.2657 4.6479 0.0000 0.0007 0.2970 0.6818 0.238 0.939  0.664 0.898 0.927 0.190 0.354 0.377 0.000 0.006 0.000 
 79 1.156698e+08 2.0915 3.7835 2.1669  8.2666 4.6524 0.0000 0.0007 0.2968 0.6820 0.228 0.939  0.667 0.898 0.927 0.181 0.354 0.384 0.000 0.006 0.000 
 80 1.156798e+08 2.0967 3.7735 2.1217  8.2675 4.6575 0.0000 0.0006 0.2966 0.6822 0.226 0.939  0.671 0.898 0.927 0.171 0.354 0.390 0.000 0.006 0.000 
 81 1.156896e+08 2.1022 3.7628 2.0734  8.2686 4.6631 0.0000 0.0006 0.2964 0.6825 0.223 0.939  0.675 0.898 0.927 0.160 0.354 0.398 0.000 0.006 0.000 
 82 1.156992e+08 2.1071 3.7535 2.0313  8.2695 4.6681 0.0000 0.0005 0.2963 0.6827 0.210 0.939  0.678 0.898 0.927 0.152 0.354 0.404 0.000 0.006 0.000 
 83 1.157087e+08 2.1132 3.7421 1.9796  8.2707 4.6744 0.0000 0.0005 0.2961 0.6829 0.210 0.939  0.681 0.898 0.927 0.141 0.354 0.410 0.000 0.006 0.000 
 84 1.157197e+08 2.1167 3.7363 1.9529  8.2713 4.6783 0.0000 0.0004 0.2960 0.6830 0.208 0.939  0.683 0.898 0.927 0.134 0.354 0.410 0.000 0.006 0.000 
 85 1.157319e+08 2.1274 3.7212 1.8818  8.2734 4.6902 0.0000 0.0003 0.2958 0.6834 0.190 0.939  0.691 0.898 0.926 0.115 0.354 0.421 0.000 0.006 0.000 
 86 1.157456e+08 2.1362 3.7113 1.8334  8.2749 4.7001 0.0000 0.0003 0.2956 0.6836 0.173 0.939  0.696 0.898 0.926 0.099 0.354 0.433 0.000 0.006 0.000 
 87 1.157648e+08 2.1486 3.7022 1.7846  8.2770 4.7146 0.0000 0.0002 0.2953 0.6839 0.156 0.939  0.703 0.898 0.926 0.076 0.354 0.447 0.000 0.006 0.000 
 88 1.157849e+08 2.1635 3.6927 1.7317  8.2793 4.7325 0.0000 0.0001 0.2951 0.6842 0.130 0.939  0.712 0.898 0.926 0.053 0.354 0.465 0.000 0.006 0.000 
 89 1.158122e+08 2.1862 3.6837 1.6730  8.2815 4.7621 0.0000 0.0000 0.2949 0.6845 0.040 0.939  0.721 0.898 0.925 0.021 0.349 0.476 0.000 0.006 0.000 
 90 1.158411e+08 2.2123 3.6756 1.6145  8.2792 4.7994 0.0000 0.0000 0.2948 0.6846 0.000 0.939  0.731 0.898 0.924 0.012 0.014 0.485 0.000 0.006 0.000 
 91 1.158701e+08 2.2374 3.6677 1.5578  8.2789 4.8335 0.0000 0.0000 0.2948 0.6846 0.000 0.939  0.741 0.898 0.924 0.013 0.036 0.487 0.000 0.006 0.000 
 92 1.159024e+08 2.2643 3.6607 1.5029  8.2801 4.8668 0.0000 0.0000 0.2948 0.6846 0.000 0.939  0.750 0.899 0.923 0.016 0.047 0.491 0.000 0.006 0.000 
 93 1.159366e+08 2.2913 3.6549 1.4527  8.2820 4.8981 0.0000 0.0000 0.2948 0.6846 0.000 0.939  0.760 0.899 0.923 0.020 0.064 0.504 0.000 0.006 0.000 
 94 1.159724e+08 2.3257 3.6473 1.3879  8.2850 4.9357 0.0000 0.0000 0.2948 0.6846 0.000 0.939  0.773 0.900 0.922 0.030 0.080 0.522 0.000 0.006 0.000 
 95 1.160152e+08 2.3625 3.6417 1.3287  8.2881 4.9744 0.0000 0.0000 0.2948 0.6846 0.000 0.939  0.787 0.900 0.922 0.048 0.096 0.535 0.000 0.006 0.000 
 96 1.160681e+08 2.3928 3.6365 1.2776  8.2896 5.0075 0.0000 0.0000 0.2948 0.6846 0.000 0.939  0.799 0.900 0.921 0.083 0.107 0.547 0.000 0.006 0.000 
 97 1.161239e+08 2.4086 3.6339 1.2514  8.2845 5.0377 0.0000 0.0000 0.2948 0.6846 0.000 0.939  0.802 0.902 0.922 0.188 0.131 0.547 0.000 0.006 0.000 lmaxeagb
 98 1.161915e+08 2.3820 3.6400 1.3024  8.2719 5.0484 0.0000 0.0000 0.2948 0.6846 0.000 0.939  0.787 0.903 0.923 0.259 0.156 0.556 0.000 0.005 0.000 
 99 1.162515e+08 2.3481 3.6468 1.3635  8.2629 5.0611 0.0000 0.0000 0.2948 0.6846 0.000 0.939  0.757 0.903 0.924 0.246 0.163 0.556 0.000 0.005 0.000 
100 1.163574e+08 2.3169 3.6531 1.4199  8.2532 5.0862 0.0000 0.0000 0.2948 0.6846 0.000 0.939  0.707 0.904 0.925 0.286 0.173 0.564 0.000 0.005 0.000 
101 1.164854e+08 2.2909 3.6603 1.4747  8.2420 5.1067 0.0000 0.0000 0.2948 0.6846 0.000 0.939  0.664 0.905 0.926 0.338 0.182 0.564 0.000 0.006 0.000 
102 1.166431e+08 2.2645 3.6695 1.5379  8.2286 5.1329 0.0000 0.0000 0.2948 0.6846 0.000 0.939  0.608 0.906 0.928 0.389 0.192 0.564 0.000 0.006 0.000 
103 1.169164e+08 2.2451 3.6767 1.5861  8.2152 5.1598 0.0000 0.0000 0.2948 0.6846 0.000 0.939  0.556 0.907 0.929 0.440 0.208 0.569 0.000 0.005 0.000 
104 1.173492e+08 2.2262 3.6867 1.6450  8.1961 5.2019 0.0000 0.0000 0.2948 0.6846 0.000 0.939  0.478 0.909 0.931 0.517 0.224 0.581 0.000 0.005 0.000 
105 1.177706e+08 2.2160 3.6944 1.6860  8.1860 5.2270 0.0000 0.0000 0.2948 0.6846 0.000 0.939  0.423 0.910 0.932 0.574 0.237 0.581 0.000 0.006 0.000 
106 1.180463e+08 2.2031 3.7064 1.7469  8.1767 5.2490 0.0000 0.0000 0.2948 0.6846 0.000 0.939  0.354 0.911 0.933 0.647 0.258 0.587 0.000 0.006 0.000 
107 1.183613e+08 2.1962 3.7155 1.7902  8.1708 5.2619 0.0000 0.0000 0.2948 0.6846 0.000 0.939  0.310 0.911 0.933 0.692 0.266 0.594 0.000 0.006 0.000 
108 1.185268e+08 2.1938 3.7188 1.8058  8.1676 5.2687 0.0000 0.0000 0.2948 0.6846 0.000 0.939  0.290 0.911 0.933 0.713 0.269 0.594 0.000 0.006 0.000 lmineagb
109 1.196854e+08 2.2044 3.7130 1.7720  8.1485 5.3171 0.0000 0.0000 0.2948 0.6846 0.000 0.939  0.209 0.913 0.935 0.789 0.285 0.610 0.000 0.006 0.000 
110 1.202874e+08 2.2149 3.7048 1.7287  8.1443 5.3349 0.0000 0.0000 0.2948 0.6846 0.000 0.939  0.193 0.914 0.935 0.804 0.291 0.618 0.000 0.006 0.064 
111 1.209781e+08 2.2304 3.6946 1.6724  8.1413 5.3589 0.0000 0.0000 0.2948 0.6846 0.000 0.939  0.169 0.915 0.936 0.829 0.308 0.632 0.000 0.006 0.163 
112 1.217878e+08 2.2499 3.6862 1.6193  8.1398 5.3863 0.0000 0.0000 0.2948 0.6846 0.000 0.939  0.141 0.916 0.936 0.857 0.341 0.644 0.000 0.007 0.194 
113 1.225593e+08 2.2742 3.6767 1.5570  8.1393 5.4168 0.0000 0.0000 0.2948 0.6846 0.000 0.940  0.113 0.916 0.936 0.884 0.352 0.657 0.000 0.007 0.213 
114 1.232525e+08 2.2955 3.6691 1.5053  8.1391 5.4414 0.0000 0.0000 0.2948 0.6846 0.000 0.940  0.093 0.917 0.936 0.903 0.354 0.666 0.000 0.007 0.225 
115 1.238625e+08 2.3201 3.6609 1.4479  8.1390 5.4680 0.0000 0.0000 0.2948 0.6846 0.000 0.940  0.074 0.917 0.935 0.921 0.354 0.678 0.000 0.008 0.231 
116 1.244914e+08 2.3488 3.6540 1.3916  8.1387 5.4969 0.0000 0.0000 0.2948 0.6846 0.000 0.940  0.057 0.918 0.935 0.938 0.368 0.690 0.000 0.008 0.237 
117 1.250624e+08 2.3824 3.6469 1.3296  8.1380 5.5286 0.0000 0.0000 0.2948 0.6846 0.000 0.940  0.041 0.918 0.934 0.953 0.392 0.703 0.000 0.008 0.250 
118 1.255534e+08 2.4055 3.6419 1.2865  8.1373 5.5496 0.0000 0.0000 0.2948 0.6846 0.000 0.940  0.034 0.918 0.934 0.959 0.410 0.712 0.000 0.008 0.250 
119 1.260256e+08 2.4452 3.6343 1.2164  8.1360 5.5853 0.0000 0.0000 0.2948 0.6846 0.000 0.940  0.027 0.919 0.933 0.963 0.442 0.727 0.000 0.009 0.260 
120 1.264613e+08 2.4825 3.6281 1.1543  8.1343 5.6181 0.0000 0.0000 0.2948 0.6846 0.000 0.940  0.023 0.919 0.933 0.966 0.463 0.739 0.000 0.009 0.272 
121 1.268588e+08 2.5178 3.6227 1.0974  8.1321 5.6480 0.0000 0.0000 0.2948 0.6846 0.000 0.940  0.020 0.919 0.932 0.968 0.510 0.749 0.000 0.009 0.279 
122 1.272134e+08 2.5508 3.6165 1.0396  8.1294 5.6771 0.0000 0.0000 0.2948 0.6846 0.000 0.940  0.019 0.919 0.932 0.968 0.531 0.764 0.000 0.009 0.291 
123 1.275830e+08 2.5821 3.6123 0.9915  8.1260 5.7054 0.0000 0.0000 0.2948 0.6846 0.000 0.940  0.020 0.919 0.931 0.966 0.552 0.774 0.000 0.010 0.308 
124 1.279202e+08 2.6225 3.6070 0.9299  8.1209 5.7419 0.0000 0.0000 0.2948 0.6846 0.000 0.940  0.024 0.920 0.931 0.959 0.579 0.786 0.000 0.010 0.327 
125 1.282321e+08 2.6587 3.6020 0.8737  8.1156 5.7758 0.0000 0.0000 0.2948 0.6846 0.000 0.940  0.033 0.920 0.930 0.947 0.602 0.798 0.000 0.011 0.341 
126 1.285181e+08 2.6949 3.5974 0.8191  8.1095 5.8090 0.0000 0.0000 0.2948 0.6846 0.000 0.940  0.050 0.921 0.930 0.928 0.626 0.811 0.000 0.011 0.354 
127 1.287697e+08 2.7321 3.5934 0.7659  8.1030 5.8410 0.0000 0.0000 0.2948 0.6846 0.000 0.940  0.082 0.921 0.930 0.895 0.647 0.822 0.000 0.011 0.374 
128 1.289715e+08 2.7625 3.5893 0.7191  8.0979 5.8643 0.0000 0.0000 0.2948 0.6846 0.000 0.940  0.115 0.922 0.930 0.861 0.663 0.831 0.000 0.012 0.384 
129 1.291475e+08 2.7956 3.5858 0.6720  8.0924 5.8871 0.0000 0.0000 0.2948 0.6846 0.000 0.940  0.155 0.923 0.930 0.821 0.678 0.838 0.000 0.012 0.394 
130 1.292915e+08 2.8319 3.5813 0.6177  8.0867 5.9092 0.0000 0.0000 0.2948 0.6846 0.000 0.940  0.208 0.924 0.931 0.768 0.692 0.846 0.000 0.012 0.404 
131 1.294088e+08 2.8706 3.5767 0.5606  8.0813 5.9295 0.0000 0.0000 0.2948 0.6846 0.000 0.940  0.271 0.925 0.931 0.705 0.705 0.853 0.000 0.011 0.424 
132 1.295062e+08 2.9150 3.5718 0.4966  8.0764 5.9487 0.0000 0.0000 0.2948 0.6846 0.000 0.940  0.348 0.926 0.932 0.627 0.716 0.860 0.000 0.011 0.431 
133 1.295904e+08 2.9505 3.5669 0.4415  8.0727 5.9628 0.0000 0.0000 0.2948 0.6846 0.000 0.940  0.407 0.927 0.932 0.569 0.724 0.863 0.000 0.011 0.442 
134 1.296746e+08 2.9862 3.5632 0.3910  8.0691 5.9765 0.0000 0.0000 0.2948 0.6846 0.000 0.940  0.460 0.928 0.933 0.517 0.732 0.869 0.000 0.010 0.452 
135 1.297551e+08 3.0253 3.5590 0.3351  8.0650 5.9912 0.0000 0.0000 0.2948 0.6846 0.000 0.940  0.512 0.930 0.934 0.465 0.740 0.874 0.000 0.010 0.452 
136 1.298383e+08 3.0643 3.5555 0.2821  8.0603 6.0060 0.0000 0.0000 0.2948 0.6846 0.000 0.940  0.558 0.932 0.936 0.420 0.749 0.878 0.000 0.009 0.463 
137 1.299211e+08 3.1036 3.5508 0.2240  8.0548 6.0217 0.0000 0.0000 0.2948 0.6846 0.000 0.940  0.598 0.934 0.938 0.382 0.759 0.883 0.000 0.009 0.471 
138 1.300112e+08 3.1410 3.5476 0.1738  8.0491 6.0370 0.0000 0.0000 0.2948 0.6846 0.000 0.940  0.632 0.936 0.940 0.350 0.768 0.888 0.000 0.008 0.481 
139 1.301093e+08 3.1802 3.5444 0.1218  8.0423 6.0543 0.0000 0.0000 0.2948 0.6846 0.000 0.942  0.660 0.939 0.943 0.323 0.777 0.895 0.000 0.008 0.494 
140 1.302125e+08 3.2200 3.5417 0.0712  8.0347 6.0728 0.0000 0.0000 0.2948 0.6846 0.000 0.946  0.685 0.943 0.946 0.298 0.788 0.901 0.000 0.007 0.504 
141 1.303257e+08 3.2599 3.5404 0.0261  8.0263 6.0925 0.0000 0.0000 0.2948 0.6846 0.000 0.950  0.704 0.948 0.950 0.280 0.800 0.909 0.000 0.007 0.529 
142 1.304445e+08 3.3001 3.5404 -0.0141  8.0173 6.1134 0.0000 0.0000 0.2948 0.6846 0.000 0.955  0.721 0.956 0.956 0.264 0.813 0.917 0.000 0.007 0.546 
143 1.305614e+08 3.3389 3.5431 -0.0421  8.0085 6.1341 0.0000 0.0000 0.2948 0.6846 0.000 0.961  0.736 0.962 0.962 0.250 0.826 0.925 0.000 0.006 0.562 
144 1.306107e+08 3.3545 3.5449 -0.0505  8.0047 6.1429 0.0000 0.0000 0.2948 0.6846 0.000 0.964  0.740 0.964 0.964 0.246 0.831 0.930 0.000 0.006 0.577 1sttp
