#n   age/yr      logL   logTef grav    logTc  logrho Xc     Yc     Xc_C   Xc_O   Q_conv Q_disc L_H/L Q1_H Q2_H L_He/L Q1_He Q2_He L_C/L L_nu/L Q_Tmax phase
#(1) (2)         (3)    (4)    (5)     (6)    (7)    (8)    (9)    (10)   (11)   (12)   (13)   (14) (15)  (16) (17)   (18)  (19)  (20)  (21)   (22)   (23) 
  1 0.000000e+00 1.7643 3.6764 2.2004  8.0671 4.3296 0.0000 0.9613 0.0308 0.0005 0.000 0.631  0.733 0.614 0.673 0.262 0.000 0.075 0.000 0.000 0.000 bcheb
  2 3.622833e+07 1.7508 3.6850 2.2483  8.0912 4.2505 0.0000 0.6200 0.3225 0.0485 0.269 0.673  0.577 0.636 0.688 0.427 0.000 0.089 0.000 0.000 0.000 
  3 7.712101e+07 1.7553 3.6899 2.2634  8.1318 4.2215 0.0000 0.2429 0.5055 0.2420 0.269 0.701  0.346 0.657 0.715 0.658 0.000 0.117 0.000 0.001 0.000 tmaxcheb
  4 9.486522e+07 1.7927 3.6871 2.2148  8.1641 4.2682 0.0000 0.0990 0.4660 0.4252 0.269 0.708  0.292 0.664 0.716 0.709 0.000 0.145 0.000 0.002 0.000 
  5 1.014788e+08 1.8288 3.6825 2.1603  8.1856 4.3195 0.0000 0.0498 0.4074 0.5329 0.272 0.710  0.311 0.667 0.713 0.690 0.000 0.145 0.000 0.003 0.000 
  6 1.037163e+08 1.8651 3.6778 2.1052  8.2032 4.3744 0.0000 0.0251 0.3727 0.5922 0.272 0.711  0.356 0.669 0.710 0.637 0.000 0.153 0.000 0.004 0.000 
  7 1.049494e+08 1.9022 3.6731 2.0493  8.2186 4.4258 0.0000 0.0132 0.3476 0.6292 0.272 0.711  0.407 0.669 0.707 0.576 0.000 0.153 0.000 0.004 0.000 
  8 1.056854e+08 1.9367 3.6690 1.9984  8.2312 4.4704 0.0000 0.0073 0.3325 0.6501 0.272 0.711  0.455 0.670 0.705 0.518 0.000 0.167 0.000 0.005 0.000 
  9 1.061140e+08 1.9718 3.6651 1.9477  8.2430 4.5137 0.0000 0.0040 0.3235 0.6623 0.269 0.711  0.501 0.671 0.703 0.455 0.000 0.157 0.000 0.006 0.000 
 10 1.063694e+08 2.0102 3.6607 1.8917  8.2554 4.5616 0.0000 0.0020 0.3176 0.6703 0.228 0.711  0.549 0.671 0.701 0.370 0.000 0.158 0.000 0.006 0.000 
 11 1.065103e+08 2.0482 3.6569 1.8385  8.2670 4.6131 0.0000 0.0009 0.3144 0.6746 0.193 0.711  0.589 0.672 0.699 0.262 0.272 0.280 0.000 0.007 0.000 
 12 1.065951e+08 2.0883 3.6526 1.7812  8.2780 4.6713 0.0000 0.0003 0.3127 0.6769 0.144 0.711  0.625 0.672 0.697 0.138 0.272 0.322 0.000 0.007 0.000 
 13 1.066530e+08 2.1253 3.6487 1.7286  8.2854 4.7289 0.0000 0.0000 0.3120 0.6778 0.062 0.711  0.650 0.672 0.696 0.038 0.272 0.360 0.000 0.008 0.000 
 14 1.066979e+08 2.1635 3.6445 1.6736  8.2835 4.7932 0.0000 0.0000 0.3118 0.6780 0.000 0.711  0.667 0.672 0.695 0.015 0.019 0.374 0.000 0.008 0.000 
 15 1.067419e+08 2.2010 3.6405 1.6201  8.2853 4.8489 0.0000 0.0000 0.3118 0.6780 0.000 0.711  0.683 0.672 0.694 0.020 0.042 0.378 0.000 0.008 0.000 
 16 1.067842e+08 2.2334 3.6375 1.5757  8.2884 4.8895 0.0000 0.0000 0.3118 0.6780 0.000 0.711  0.697 0.672 0.693 0.028 0.056 0.386 0.000 0.008 0.000 
 17 1.068275e+08 2.2665 3.6342 1.5294  8.2920 4.9284 0.0000 0.0000 0.3118 0.6780 0.000 0.711  0.713 0.672 0.692 0.043 0.063 0.398 0.000 0.008 0.000 
 18 1.068782e+08 2.3068 3.6304 1.4739  8.2957 4.9736 0.0000 0.0000 0.3118 0.6780 0.000 0.711  0.730 0.673 0.692 0.079 0.082 0.417 0.000 0.008 0.000 
 19 1.069317e+08 2.3372 3.6276 1.4323  8.2942 5.0165 0.0000 0.0000 0.3118 0.6780 0.000 0.711  0.739 0.674 0.691 0.192 0.101 0.417 0.000 0.008 0.000 lmaxeagb
 20 1.070343e+08 2.3074 3.6305 1.4737  8.2778 5.0390 0.0000 0.0000 0.3118 0.6780 0.000 0.711  0.701 0.674 0.692 0.339 0.125 0.417 0.000 0.007 0.000 
 21 1.071420e+08 2.2625 3.6349 1.5362  8.2637 5.0687 0.0000 0.0000 0.3118 0.6780 0.000 0.711  0.628 0.675 0.694 0.360 0.135 0.423 0.000 0.007 0.000 
 22 1.073667e+08 2.2241 3.6387 1.5898  8.2441 5.1122 0.0000 0.0000 0.3118 0.6780 0.000 0.711  0.526 0.676 0.695 0.469 0.145 0.430 0.000 0.007 0.000 
 23 1.086220e+08 2.1868 3.6427 1.6431  8.1964 5.2339 0.0000 0.0000 0.3118 0.6780 0.000 0.711  0.281 0.679 0.698 0.715 0.187 0.448 0.000 0.007 0.000 
 24 1.091384e+08 2.1832 3.6428 1.6471  8.1823 5.2728 0.0000 0.0000 0.3118 0.6780 0.000 0.711  0.169 0.680 0.698 0.835 0.213 0.448 0.000 0.007 0.000 lmineagb
 25 1.107935e+08 2.2126 3.6395 1.6045  8.1578 5.3386 0.0000 0.0000 0.3118 0.6780 0.000 0.711  0.070 0.680 0.699 0.929 0.233 0.466 0.000 0.007 0.000 
 26 1.119210e+08 2.2592 3.6349 1.5395  8.1477 5.3947 0.0000 0.0000 0.3118 0.6780 0.000 0.711  0.037 0.681 0.698 0.961 0.266 0.481 0.000 0.007 0.110 
 27 1.128597e+08 2.2966 3.6315 1.4885  8.1450 5.4323 0.0000 0.0000 0.3118 0.6780 0.000 0.711  0.024 0.681 0.697 0.973 0.272 0.492 0.000 0.007 0.145 
 28 1.136478e+08 2.3357 3.6277 1.4342  8.1438 5.4686 0.0000 0.0000 0.3118 0.6780 0.000 0.711  0.016 0.681 0.697 0.980 0.272 0.503 0.000 0.008 0.162 
 29 1.143259e+08 2.3617 3.6251 1.3978  8.1433 5.4917 0.0000 0.0000 0.3118 0.6780 0.000 0.711  0.012 0.681 0.696 0.982 0.275 0.509 0.000 0.008 0.171 
 30 1.149152e+08 2.4009 3.6215 1.3442  8.1426 5.5255 0.0000 0.0000 0.3118 0.6780 0.000 0.711  0.009 0.681 0.695 0.985 0.296 0.521 0.000 0.008 0.171 
 31 1.154423e+08 2.4399 3.6181 1.2916  8.1418 5.5583 0.0000 0.0000 0.3118 0.6780 0.000 0.711  0.006 0.682 0.695 0.986 0.315 0.531 0.000 0.008 0.180 
 32 1.159177e+08 2.4840 3.6137 1.2299  8.1406 5.5961 0.0000 0.0000 0.3118 0.6780 0.000 0.711  0.005 0.682 0.694 0.984 0.335 0.541 0.000 0.009 0.188 
 33 1.163515e+08 2.5257 3.6101 1.1738  8.1394 5.6327 0.0000 0.0000 0.3118 0.6780 0.000 0.711  0.005 0.682 0.693 0.982 0.357 0.552 0.000 0.009 0.195 
 34 1.167248e+08 2.5553 3.6074 1.1334  8.1381 5.6578 0.0000 0.0000 0.3118 0.6780 0.000 0.711  0.004 0.682 0.693 0.983 0.384 0.560 0.000 0.009 0.204 
 35 1.170833e+08 2.6003 3.6030 1.0708  8.1346 5.6964 0.0000 0.0000 0.3118 0.6780 0.000 0.711  0.004 0.682 0.692 0.981 0.406 0.570 0.000 0.010 0.210 
 36 1.174221e+08 2.6404 3.5990 1.0147  8.1304 5.7330 0.0000 0.0000 0.3118 0.6780 0.000 0.711  0.005 0.682 0.691 0.977 0.425 0.579 0.000 0.010 0.228 
 37 1.177538e+08 2.6756 3.5957 0.9663  8.1257 5.7676 0.0000 0.0000 0.3118 0.6780 0.000 0.711  0.007 0.682 0.691 0.974 0.443 0.589 0.000 0.011 0.241 
 38 1.180799e+08 2.7147 3.5920 0.9124  8.1188 5.8093 0.0000 0.0000 0.3118 0.6780 0.000 0.711  0.013 0.682 0.690 0.964 0.464 0.601 0.000 0.011 0.255 
 39 1.183838e+08 2.7571 3.5878 0.8532  8.1093 5.8570 0.0000 0.0000 0.3118 0.6780 0.000 0.711  0.034 0.683 0.690 0.941 0.489 0.613 0.000 0.012 0.272 
 40 1.186310e+08 2.7921 3.5841 0.8034  8.1014 5.8928 0.0000 0.0000 0.3118 0.6780 0.000 0.711  0.074 0.684 0.690 0.898 0.506 0.623 0.000 0.013 0.288 
 41 1.188236e+08 2.8256 3.5809 0.7571  8.0942 5.9213 0.0000 0.0000 0.3118 0.6780 0.000 0.711  0.125 0.685 0.690 0.847 0.520 0.629 0.000 0.013 0.296 
 42 1.189775e+08 2.8645 3.5772 0.7034  8.0866 5.9493 0.0000 0.0000 0.3118 0.6780 0.000 0.711  0.197 0.685 0.690 0.775 0.532 0.636 0.000 0.013 0.311 
 43 1.190989e+08 2.9081 3.5726 0.6414  8.0792 5.9750 0.0000 0.0000 0.3118 0.6780 0.000 0.711  0.285 0.687 0.691 0.686 0.543 0.642 0.000 0.013 0.318 
 44 1.191932e+08 2.9469 3.5686 0.5866  8.0740 5.9931 0.0000 0.0000 0.3118 0.6780 0.000 0.711  0.368 0.687 0.691 0.603 0.550 0.647 0.000 0.013 0.331 
 45 1.192758e+08 2.9788 3.5652 0.5411  8.0698 6.0068 0.0000 0.0000 0.3118 0.6780 0.000 0.711  0.431 0.688 0.692 0.542 0.556 0.650 0.000 0.012 0.331 
 46 1.193532e+08 3.0168 3.5608 0.4855  8.0646 6.0222 0.0000 0.0000 0.3118 0.6780 0.000 0.710  0.498 0.689 0.692 0.477 0.561 0.653 0.000 0.012 0.343 
 47 1.194321e+08 3.0600 3.5569 0.4267  8.0585 6.0395 0.0000 0.0000 0.3118 0.6780 0.000 0.709  0.563 0.690 0.693 0.414 0.568 0.657 0.000 0.011 0.350 
 48 1.195064e+08 3.0962 3.5519 0.3705  8.0529 6.0540 0.0000 0.0000 0.3118 0.6780 0.000 0.708  0.610 0.692 0.694 0.368 0.574 0.659 0.000 0.010 0.357 
 49 1.195848e+08 3.1318 3.5472 0.3161  8.0468 6.0688 0.0000 0.0000 0.3118 0.6780 0.000 0.708  0.650 0.693 0.695 0.332 0.579 0.663 0.000 0.010 0.357 
 50 1.196714e+08 3.1689 3.5429 0.2618  8.0396 6.0850 0.0000 0.0000 0.3118 0.6780 0.000 0.708  0.683 0.695 0.697 0.299 0.585 0.666 0.000 0.009 0.370 
 51 1.197501e+08 3.2004 3.5392 0.2155  8.0331 6.0989 0.0000 0.0000 0.3118 0.6780 0.000 0.708  0.709 0.696 0.698 0.283 0.591 0.669 0.000 0.009 0.374 
 52 1.197786e+08 3.2109 3.5382 0.2010  8.0304 6.1041 0.0000 0.0000 0.3118 0.6780 0.000 0.708  0.714 0.697 0.699 0.249 0.592 0.670 0.000 0.009 0.376 
 53 1.198032e+08 3.2332 3.5355 0.1679  8.0287 6.1094 0.0000 0.0000 0.3118 0.6780 0.000 0.708  0.745 0.698 0.700 0.258 0.594 0.672 0.000 0.008 0.383 
 54 1.198095e+08 3.2029 3.5393 0.2134  8.0272 6.1088 0.0000 0.0000 0.3118 0.6780 0.000 0.708  0.687 0.698 0.700 0.379 0.597 0.672 0.000 0.009 0.383 
 55 1.198202e+08 3.1729 3.5429 0.2578  8.0254 6.1086 0.0000 0.0000 0.3118 0.6780 0.000 0.708  0.616 0.698 0.700 0.358 0.597 0.672 0.000 0.009 0.383 
 56 1.198279e+08 3.2112 3.5383 0.2011  8.0255 6.1115 0.0000 0.0000 0.3118 0.6780 0.000 0.708  0.692 0.698 0.700 0.251 0.594 0.672 0.000 0.009 0.383 
 57 1.198361e+08 3.2526 3.5328 0.1377  8.0257 6.1151 0.0000 0.0000 0.3118 0.6780 0.000 0.708  0.761 0.699 0.700 0.185 0.593 0.673 0.000 0.008 0.383 
 58 1.198489e+08 3.2876 3.5275 0.0815  8.0258 6.1193 0.0000 0.0000 0.3118 0.6780 0.000 0.708  0.809 0.699 0.701 0.154 0.594 0.673 0.000 0.007 0.390 
 59 1.198578e+08 3.2966 3.5263 0.0677  8.0252 6.1218 0.0000 0.0000 0.3118 0.6780 0.000 0.708  0.819 0.699 0.701 0.169 0.596 0.674 0.000 0.007 0.390 1sttp
