3800.2099609375  1.199628E-16
3802.07197904587  1.374888E-16
3803.93399715424  1.062648E-16
3805.79601526261  7.795197E-17
3807.65803337097  1.136141E-16
3809.52005147934  1.440997E-16
3811.38206958771  1.182255E-16
3813.24408769608  1.004130E-16
3815.10610580445  1.351787E-16
3816.96812391281  1.867729E-16
3818.83014202118  1.234000E-16
3820.69216012955  1.029796E-16
3822.55417823792  7.437009E-17
3824.41619634629  1.306349E-16
3826.27821445465  1.378752E-16
3828.14023256302  9.219377E-17
3830.00225067139  1.351857E-16
3831.86426877976  1.473481E-16
3833.72628688813  9.575829E-17
3835.58830499649  1.217278E-16
3837.45032310486  1.250202E-16
3839.31234121323  7.905768E-17
3841.1743593216  1.036990E-16
3843.03637742997  9.601967E-17
3844.89839553833  1.336726E-16
3846.7604136467  1.535917E-16
3848.62243175507  1.246921E-16
3850.48444986344  1.299662E-16
3852.34646797181  1.178620E-16
3854.20848608017  1.517772E-16
3856.07050418854  1.395155E-16
3857.93252229691  1.470242E-16
3859.79454040528  1.496837E-16
3861.65655851365  1.278301E-16
3863.51857662201  1.668684E-16
3865.38059473038  1.292615E-16
3867.24261283875  1.322171E-16
3869.10463094712  1.247832E-16
3870.96664905548  1.283366E-16
3872.82866716385  1.434493E-16
3874.69068527222  1.640596E-16
3876.55270338059  1.410966E-16
3878.41472148896  1.222533E-16
3880.27673959732  1.357270E-16
3882.13875770569  1.613779E-16
3884.00077581406  1.266498E-16
3885.86279392243  1.040194E-16
3887.7248120308  1.329599E-16
3889.58683013916  9.233940E-17
3891.44884824753  1.150347E-16
3893.3108663559  1.279032E-16
3895.17288446427  1.784170E-16
3897.03490257263  1.561229E-16
3898.896920681  9.692371E-17
3900.75893878937  1.213706E-16
3902.62095689774  1.456676E-16
3904.48297500611  1.209266E-16
3906.34499311447  1.284032E-16
3908.20701122284  1.142272E-16
3910.06902933121  1.304540E-16
3911.93104743958  1.348064E-16
3913.79306554795  1.487396E-16
3915.65508365631  1.605143E-16
3917.51710176468  1.429669E-16
3919.37911987305  1.187535E-16
3921.24113798142  1.253922E-16
3923.10315608979  1.385156E-16
3924.96517419815  1.316575E-16
3926.82719230652  1.103778E-16
3928.68921041489  1.412395E-16
3930.55122852326  1.626480E-16
3932.41324663163  1.116898E-16
3934.27526473999  1.429092E-16
3936.13728284836  1.341391E-16
3937.99930095673  1.113096E-16
3939.8613190651  1.233231E-16
3941.72333717347  1.138717E-16
3943.58535528183  1.337150E-16
3945.4473733902  1.316939E-16
3947.30939149857  1.256112E-16
3949.17140960694  1.230241E-16
3951.0334277153  1.365212E-16
3952.89544582367  1.434186E-16
3954.75746393204  1.426509E-16
3956.61948204041  1.289684E-16
3958.48150014878  1.517313E-16
3960.34351825714  1.528306E-16
3962.20553636551  1.474152E-16
3964.06755447388  1.431474E-16
3965.92957258225  1.353440E-16
3967.79159069062  1.438167E-16
3969.65360879898  1.303374E-16
3971.51562690735  1.350268E-16
3973.37764501572  1.423981E-16
3975.23966312409  1.513446E-16
3977.10168123246  1.532884E-16
3978.96369934082  1.456978E-16
3980.82571744919  1.691337E-16
3982.68773555756  1.663426E-16
3984.54975366593  1.359175E-16
3986.4117717743  1.531152E-16
3988.27378988266  1.594734E-16
3990.13580799103  1.376325E-16
3991.9978260994  1.210128E-16
3993.85984420777  1.187490E-16
3995.72186231614  1.299213E-16
3997.5838804245  1.549240E-16
3999.44589853287  1.777898E-16
4001.30791664124  1.715869E-16
4003.16993474961  1.169337E-16
4005.03195285797  1.206493E-16
4006.89397096634  1.426595E-16
4008.75598907471  1.456993E-16
4010.61800718308  1.500874E-16
4012.48002529145  1.760512E-16
4014.34204339981  1.762938E-16
4016.20406150818  1.463695E-16
4018.06607961655  1.377353E-16
4019.92809772492  1.409761E-16
4021.79011583329  1.412429E-16
4023.65213394165  1.579204E-16
4025.51415205002  1.227080E-16
4027.37617015839  1.257824E-16
4029.23818826676  1.261283E-16
4031.10020637513  1.526241E-16
4032.96222448349  1.699517E-16
4034.82424259186  1.563612E-16
4036.68626070023  1.238944E-16
4038.5482788086  1.513134E-16
4040.41029691697  1.646819E-16
4042.27231502533  1.476612E-16
4044.1343331337  1.482560E-16
4045.99635124207  1.216177E-16
4047.85836935044  1.346997E-16
4049.7203874588  1.766660E-16
4051.58240556717  1.611075E-16
4053.44442367554  1.332549E-16
4055.30644178391  1.511995E-16
4057.16845989228  1.747090E-16
4059.03047800064  1.551493E-16
4060.89249610901  1.572074E-16
4062.75451421738  1.419376E-16
4064.61653232575  1.243653E-16
4066.47855043412  1.704815E-16
4068.34056854248  1.459670E-16
4070.20258665085  1.580942E-16
4072.06460475922  1.785062E-16
4073.92662286759  1.781378E-16
4075.78864097596  1.372203E-16
4077.65065908432  1.278206E-16
4079.51267719269  1.272007E-16
4081.37469530106  1.489795E-16
4083.23671340943  1.415277E-16
4085.0987315178  1.493879E-16
4086.96074962616  1.772474E-16
4088.82276773453  1.435904E-16
4090.6847858429  1.489018E-16
4092.54680395127  1.447267E-16
4094.40882205964  1.572397E-16
4096.270840168  1.709064E-16
4098.13285827637  1.467914E-16
4099.99487638474  1.622208E-16
4101.85689449311  1.589112E-16
4103.71891260147  1.641947E-16
4105.58093070984  1.502401E-16
4107.44294881821  1.607803E-16
4109.30496692658  1.728404E-16
4111.16698503495  1.539661E-16
4113.02900314331  1.759319E-16
4114.89102125168  2.039541E-16
4116.75303936005  1.628038E-16
4118.61505746842  1.658107E-16
4120.47707557678  1.927307E-16
4122.33909368515  1.893925E-16
4124.20111179352  1.753195E-16
4126.06312990189  1.700320E-16
4127.92514801026  1.340890E-16
4129.78716611862  1.246934E-16
4131.64918422699  1.329849E-16
4133.51120233536  1.668863E-16
4135.37322044373  1.830031E-16
4137.2352385521  1.565961E-16
4139.09725666047  1.536086E-16
4140.95927476883  1.758103E-16
4142.8212928772  1.668691E-16
4144.68331098557  1.748578E-16
4146.54532909394  1.491576E-16
4148.4073472023  1.594992E-16
4150.26936531067  1.552104E-16
4152.13138341904  1.544925E-16
4153.99340152741  1.516168E-16
4155.85541963578  1.659005E-16
4157.71743774414  1.957158E-16
4159.57945585251  2.083219E-16
4161.44147396088  1.307683E-16
4163.30349206925  1.666155E-16
4165.16551017762  1.883375E-16
4167.02752828598  1.644305E-16
4168.88954639435  1.733019E-16
4170.75156450272  1.692384E-16
4172.61358261109  1.616276E-16
4174.47560071946  1.568964E-16
4176.33761882782  1.709976E-16
4178.19963693619  1.632038E-16
4180.06165504456  1.569565E-16
4181.92367315293  1.775903E-16
4183.78569126129  2.241796E-16
4185.64770936966  2.166316E-16
4187.50972747803  2.050602E-16
4189.3717455864  1.875239E-16
4191.23376369477  1.815943E-16
4193.09578180313  1.758502E-16
4194.9577999115  1.825644E-16
4196.81981801987  1.863664E-16
4198.68183612824  1.879808E-16
4200.54385423661  1.663509E-16
4202.40587234497  1.739827E-16
4204.26789045334  1.815317E-16
4206.12990856171  1.778376E-16
4207.99192667008  1.907184E-16
4209.85394477845  1.916435E-16
4211.71596288681  1.888482E-16
4213.57798099518  2.103186E-16
4215.43999910355  1.987628E-16
4217.30201721192  1.743946E-16
4219.16403532029  1.677320E-16
4221.02605342865  1.825121E-16
4222.88807153702  2.181819E-16
4224.75008964539  1.934228E-16
4226.61210775376  1.851412E-16
4228.47412586213  1.780511E-16
4230.33614397049  2.193885E-16
4232.19816207886  1.936358E-16
4234.06018018723  1.919838E-16
4235.9221982956  2.137248E-16
4237.78421640396  1.916071E-16
4239.64623451233  2.015169E-16
4241.5082526207  2.010487E-16
4243.37027072907  2.063339E-16
4245.23228883744  2.210042E-16
4247.0943069458  2.250659E-16
4248.95632505417  2.036107E-16
4250.81834316254  1.701327E-16
4252.68036127091  1.719442E-16
4254.54237937928  1.628240E-16
4256.40439748764  1.720006E-16
4258.26641559601  2.072846E-16
4260.12843370438  1.940971E-16
4261.99045181275  2.001873E-16
4263.85246992112  1.968829E-16
4265.71448802948  2.096876E-16
4267.57650613785  1.939597E-16
4269.43852424622  2.269651E-16
4271.30054235459  2.112201E-16
4273.16256046296  2.148161E-16
4275.02457857132  1.969522E-16
4276.88659667969  2.066340E-16
4278.74861478806  2.079458E-16
4280.61063289643  2.210354E-16
4282.47265100479  2.090689E-16
4284.33466911316  1.824421E-16
4286.19668722153  1.599914E-16
4288.0587053299  1.973971E-16
4289.92072343827  2.037295E-16
4291.78274154663  1.936502E-16
4293.644759655  1.841387E-16
4295.50677776337  1.783771E-16
4297.36879587174  2.217841E-16
4299.23081398011  2.465177E-16
4301.09283208847  2.179423E-16
4302.95485019684  1.974591E-16
4304.81686830521  2.066088E-16
4306.67888641358  1.908576E-16
4308.54090452195  1.990693E-16
4310.40292263031  2.157841E-16
4312.26494073868  1.966501E-16
4314.12695884705  1.743586E-16
4315.98897695542  1.915987E-16
4317.85099506378  1.850962E-16
4319.71301317215  2.066785E-16
4321.57503128052  1.919724E-16
4323.43704938889  2.003182E-16
4325.29906749726  2.116115E-16
4327.16108560563  1.829746E-16
4329.02310371399  1.777975E-16
4330.88512182236  1.843229E-16
4332.74713993073  2.185868E-16
4334.6091580391  2.076100E-16
4336.47117614746  2.034326E-16
4338.33319425583  1.986402E-16
4340.1952123642  1.900940E-16
4342.05723047257  1.978119E-16
4343.91924858094  2.236497E-16
4345.7812666893  2.285531E-16
4347.64328479767  2.195715E-16
4349.50530290604  2.043787E-16
4351.36732101441  2.192265E-16
4353.22933912277  2.233922E-16
4355.09135723114  2.249117E-16
4356.95337533951  2.084804E-16
4358.81539344788  2.352645E-16
4360.67741155625  2.151332E-16
4362.53942966461  2.284347E-16
4364.40144777298  2.328936E-16
4366.26346588135  2.233812E-16
4368.12548398972  2.428183E-16
4369.98750209809  2.223219E-16
4371.84952020646  2.036168E-16
4373.71153831482  2.410048E-16
4375.57355642319  2.215503E-16
4377.43557453156  2.431753E-16
4379.29759263993  1.918544E-16
4381.15961074829  2.162422E-16
4383.02162885666  1.981578E-16
4384.88364696503  1.786604E-16
4386.7456650734  2.287566E-16
4388.60768318177  2.238374E-16
4390.46970129013  2.237827E-16
4392.3317193985  2.105256E-16
4394.19373750687  2.165570E-16
4396.05575561524  2.345003E-16
4397.91777372361  2.254747E-16
4399.77979183197  2.381334E-16
4401.64180994034  2.268951E-16
4403.50382804871  2.244147E-16
4405.36584615708  2.180348E-16
4407.22786426545  2.021691E-16
4409.08988237381  2.188519E-16
4410.95190048218  2.560787E-16
4412.81391859055  2.259099E-16
4414.67593669892  2.138532E-16
4416.53795480728  2.274825E-16
4418.39997291565  2.139286E-16
4420.26199102402  2.166280E-16
4422.12400913239  2.125340E-16
4423.98602724076  2.266706E-16
4425.84804534912  2.329718E-16
4427.71006345749  2.121233E-16
4429.57208156586  2.143179E-16
4431.43409967423  2.202824E-16
4433.2961177826  1.883355E-16
4435.15813589096  2.117129E-16
4437.02015399933  2.286240E-16
4438.8821721077  2.383743E-16
4440.74419021607  2.134683E-16
4442.60620832444  2.097952E-16
4444.4682264328  2.120443E-16
4446.33024454117  1.844082E-16
4448.19226264954  2.032958E-16
4450.05428075791  2.387693E-16
4451.91629886628  2.631172E-16
4453.77831697464  2.504711E-16
4455.64033508301  2.420081E-16
4457.50235319138  2.177443E-16
4459.36437129975  2.181721E-16
4461.22638940812  2.392070E-16
4463.08840751648  2.156117E-16
4464.95042562485  1.942006E-16
4466.81244373322  2.178417E-16
4468.67446184159  2.186731E-16
4470.53647994995  2.211736E-16
4472.39849805832  2.346330E-16
4474.26051616669  2.308135E-16
4476.12253427506  2.272988E-16
4477.98455238343  2.115209E-16
4479.84657049179  2.111762E-16
4481.70858860016  2.226814E-16
4483.57060670853  2.277036E-16
4485.4326248169  2.103706E-16
4487.29464292527  2.183066E-16
4489.15666103363  2.198702E-16
4491.018679142  2.322665E-16
4492.88069725037  2.267906E-16
4494.74271535874  2.410899E-16
4496.60473346711  2.626169E-16
4498.46675157547  2.145578E-16
4500.32876968384  1.952866E-16
4502.19078779221  2.282139E-16
4504.05280590058  2.111626E-16
4505.91482400895  2.220141E-16
4507.77684211731  2.286088E-16
4509.63886022568  2.147664E-16
4511.50087833405  2.292481E-16
4513.36289644242  2.252624E-16
4515.22491455078  2.116384E-16
4517.08693265915  2.271580E-16
4518.94895076752  2.352403E-16
4520.81096887589  2.221196E-16
4522.67298698426  2.107608E-16
4524.53500509262  2.351962E-16
4526.39702320099  2.397712E-16
4528.25904130936  2.269154E-16
4530.12105941773  2.216742E-16
4531.9830775261  2.446162E-16
4533.84509563446  2.498891E-16
4535.70711374283  2.359085E-16
4537.5691318512  2.210678E-16
4539.43114995957  2.402480E-16
4541.29316806794  2.415313E-16
4543.1551861763  2.590228E-16
4545.01720428467  2.504594E-16
4546.87922239304  2.209078E-16
4548.74124050141  2.268384E-16
4550.60325860977  2.531404E-16
4552.46527671814  2.585779E-16
4554.32729482651  2.490433E-16
4556.18931293488  2.468967E-16
4558.05133104325  2.266131E-16
4559.91334915162  2.420823E-16
4561.77536725998  2.554587E-16
4563.63738536835  2.382484E-16
4565.49940347672  2.367437E-16
4567.36142158509  2.413555E-16
4569.22343969345  2.079009E-16
4571.08545780182  2.109469E-16
4572.94747591019  2.489593E-16
4574.80949401856  2.567060E-16
4576.67151212693  2.560227E-16
4578.53353023529  2.216671E-16
4580.39554834366  2.263349E-16
4582.25756645203  2.552359E-16
4584.1195845604  2.733660E-16
4585.98160266876  2.499377E-16
4587.84362077713  2.432203E-16
4589.7056388855  2.410817E-16
4591.56765699387  2.673547E-16
4593.42967510224  2.638469E-16
4595.2916932106  2.370962E-16
4597.15371131897  2.204033E-16
4599.01572942734  2.575010E-16
4600.87774753571  2.784803E-16
4602.73976564408  2.436881E-16
4604.60178375244  2.353275E-16
4606.46380186081  2.475322E-16
4608.32581996918  2.402648E-16
4610.18783807755  2.278986E-16
4612.04985618592  2.549676E-16
4613.91187429428  2.428155E-16
4615.77389240265  2.426039E-16
4617.63591051102  2.705443E-16
4619.49792861939  2.651106E-16
4621.35994672776  2.321441E-16
4623.22196483612  2.272784E-16
4625.08398294449  2.422981E-16
4626.94600105286  2.263755E-16
4628.80801916123  2.373348E-16
4630.6700372696  2.390267E-16
4632.53205537796  2.475830E-16
4634.39407348633  2.387499E-16
4636.2560915947  2.372617E-16
4638.11810970307  2.663874E-16
4639.98012781144  2.620573E-16
4641.8421459198  2.536123E-16
4643.70416402817  2.569903E-16
4645.56618213654  2.732815E-16
4647.42820024491  2.672831E-16
4649.29021835327  2.662353E-16
4651.15223646164  2.559546E-16
4653.01425457001  2.512842E-16
4654.87627267838  2.451857E-16
4656.73829078675  2.548427E-16
4658.60030889511  2.513740E-16
4660.46232700348  2.445731E-16
4662.32434511185  2.452817E-16
4664.18636322022  2.490465E-16
4666.04838132859  2.607525E-16
4667.91039943695  2.560789E-16
4669.77241754532  2.485385E-16
4671.63443565369  2.483809E-16
4673.49645376206  2.752520E-16
4675.35847187043  2.455887E-16
4677.22048997879  2.541510E-16
4679.08250808716  2.470743E-16
4680.94452619553  2.727308E-16
4682.8065443039  2.705892E-16
4684.66856241227  2.517397E-16
4686.53058052063  2.821785E-16
4688.392598629  3.022324E-16
4690.25461673737  2.648584E-16
4692.11663484574  2.336351E-16
4693.97865295411  2.657515E-16
4695.84067106247  2.609229E-16
4697.70268917084  2.363637E-16
4699.56470727921  2.598310E-16
4701.42672538758  2.792737E-16
4703.28874349594  2.548683E-16
4705.15076160431  2.606116E-16
4707.01277971268  2.669309E-16
4708.87479782105  2.588634E-16
4710.73681592942  2.572577E-16
4712.59883403778  2.584576E-16
4714.46085214615  2.657437E-16
4716.32287025452  2.406334E-16
4718.18488836289  2.387447E-16
4720.04690647126  2.678019E-16
4721.90892457962  2.891822E-16
4723.77094268799  2.777958E-16
4725.63296079636  2.513467E-16
4727.49497890473  2.596722E-16
4729.3569970131  2.737434E-16
4731.21901512146  2.571907E-16
4733.08103322983  2.432470E-16
4734.9430513382  2.493512E-16
4736.80506944657  2.596314E-16
4738.66708755494  2.708619E-16
4740.5291056633  2.902839E-16
4742.39112377167  2.772782E-16
4744.25314188004  2.760335E-16
4746.11515998841  2.674034E-16
4747.97717809677  2.663446E-16
4749.83919620514  2.622928E-16
4751.70121431351  2.719613E-16
4753.56323242188  2.748339E-16
4755.42525053025  2.721438E-16
4757.28726863861  2.691246E-16
4759.14928674698  2.716584E-16
4761.01130485535  2.578680E-16
4762.87332296372  2.519880E-16
4764.73534107209  2.484689E-16
4766.59735918045  2.519820E-16
4768.45937728882  2.642340E-16
4770.32139539719  2.715903E-16
4772.18341350556  2.780033E-16
4774.04543161393  2.634640E-16
4775.90744972229  2.741650E-16
4777.76946783066  2.705110E-16
4779.63148593903  2.767582E-16
4781.4935040474  2.700588E-16
4783.35552215576  2.712291E-16
4785.21754026413  2.834138E-16
4787.0795583725  2.776251E-16
4788.94157648087  2.801486E-16
4790.80359458924  2.676342E-16
4792.66561269761  2.730361E-16
4794.52763080597  2.744951E-16
4796.38964891434  2.819930E-16
4798.25166702271  2.732883E-16
4800.11368513108  2.764128E-16
4801.97570323944  2.936431E-16
4803.83772134781  2.811864E-16
4805.69973945618  2.818951E-16
4807.56175756455  2.727084E-16
4809.42377567292  2.827220E-16
4811.28579378128  2.800079E-16
4813.14781188965  2.781590E-16
4815.00982999802  2.748775E-16
4816.87184810639  2.711036E-16
4818.73386621475  2.719995E-16
4820.59588432312  2.799458E-16
4822.45790243149  2.783792E-16
4824.31992053986  2.789012E-16
4826.18193864823  2.783168E-16
4828.04395675659  2.686862E-16
4829.90597486496  2.877412E-16
4831.76799297333  2.792049E-16
4833.6300110817  2.641388E-16
4835.49202919007  2.641547E-16
4837.35404729843  2.681907E-16
4839.2160654068  2.755139E-16
4841.07808351517  2.612961E-16
4842.94010162354  2.723087E-16
4844.80211973191  2.594563E-16
4846.66413784027  2.588154E-16
4848.52615594864  2.610440E-16
4850.38817405701  2.362355E-16
4852.25019216538  2.626105E-16
4854.11221027375  2.656483E-16
4855.97422838211  2.419775E-16
4857.83624649048  2.790361E-16
4859.69826459885  2.779027E-16
4861.56028270722  2.575988E-16
4863.42230081559  2.524298E-16
4865.28431892395  2.664736E-16
4867.14633703232  2.664046E-16
4869.00835514069  2.798421E-16
4870.87037324906  2.808353E-16
4872.73239135743  2.609598E-16
4874.59440946579  2.723417E-16
4876.45642757416  2.701984E-16
4878.31844568253  2.831555E-16
4880.1804637909  3.020161E-16
4882.04248189926  2.759092E-16
4883.90450000763  2.506610E-16
4885.766518116  2.546780E-16
4887.62853622437  2.853414E-16
4889.49055433274  2.809758E-16
4891.3525724411  2.755531E-16
4893.21459054947  2.632631E-16
4895.07660865784  2.798904E-16
4896.93862676621  2.678545E-16
4898.80064487458  2.700682E-16
4900.66266298294  2.773545E-16
4902.52468109131  2.816402E-16
4904.38669919968  2.845955E-16
4906.24871730805  2.893075E-16
4908.11073541642  2.975218E-16
4909.97275352478  2.713315E-16
4911.83477163315  2.678510E-16
4913.69678974152  2.963007E-16
4915.55880784989  2.945653E-16
4917.42082595826  2.883708E-16
4919.28284406662  2.687800E-16
4921.14486217499  2.907427E-16
4923.00688028336  2.888622E-16
4924.86889839173  2.841465E-16
4926.7309165001  2.697689E-16
4928.59293460846  2.533508E-16
4930.45495271683  2.557830E-16
4932.3169708252  2.537675E-16
4934.17898893357  2.774954E-16
4936.04100704193  2.641122E-16
4937.9030251503  2.533055E-16
4939.76504325867  2.649317E-16
4941.62706136704  2.875018E-16
4943.48907947541  2.788223E-16
4945.35109758377  2.895770E-16
4947.21311569214  2.782629E-16
4949.07513380051  2.650949E-16
4950.93715190888  2.696583E-16
4952.79917001725  2.814625E-16
4954.66118812561  2.949086E-16
4956.52320623398  2.826822E-16
4958.38522434235  2.788561E-16
4960.24724245072  2.952989E-16
4962.10926055909  2.908391E-16
4963.97127866745  2.750885E-16
4965.83329677582  2.699323E-16
4967.69531488419  2.827220E-16
4969.55733299256  2.872198E-16
4971.41935110093  2.614541E-16
4973.28136920929  2.816329E-16
4975.14338731766  2.943471E-16
4977.00540542603  3.016195E-16
4978.8674235344  2.934109E-16
4980.72944164276  2.701400E-16
4982.59145975113  2.848389E-16
4984.4534778595  2.871510E-16
4986.31549596787  3.038439E-16
4988.17751407624  2.845745E-16
4990.0395321846  2.968212E-16
4991.90155029297  2.777791E-16
4993.76356840134  2.786792E-16
4995.62558650971  2.911975E-16
4997.48760461808  2.852508E-16
4999.34962272644  2.713320E-16
5001.21164083481  2.788790E-16
5003.07365894318  2.867485E-16
5004.93567705155  2.828114E-16
5006.79769515992  2.856468E-16
5008.65971326828  2.806721E-16
5010.52173137665  2.888453E-16
5012.38374948502  2.746115E-16
5014.24576759339  2.816210E-16
5016.10778570176  3.099124E-16
5017.96980381012  2.999556E-16
5019.83182191849  2.859714E-16
5021.69384002686  2.908794E-16
5023.55585813523  2.744606E-16
5025.4178762436  2.893674E-16
5027.27989435196  3.209512E-16
5029.14191246033  2.997087E-16
5031.0039305687  2.902653E-16
5032.86594867707  2.858353E-16
5034.72796678543  2.982160E-16
5036.5899848938  3.026888E-16
5038.45200300217  3.001350E-16
5040.31402111054  2.926813E-16
5042.17603921891  3.055822E-16
5044.03805732727  3.156407E-16
5045.90007543564  3.154184E-16
5047.76209354401  2.874613E-16
5049.62411165238  2.907667E-16
5051.48612976075  2.832805E-16
5053.34814786912  2.939389E-16
5055.21016597748  2.840083E-16
5057.07218408585  2.985412E-16
5058.93420219422  3.177343E-16
5060.79622030259  3.046024E-16
5062.65823841095  2.854417E-16
5064.52025651932  2.878850E-16
5066.38227462769  3.018586E-16
5068.24429273606  3.082091E-16
5070.10631084442  2.853438E-16
5071.96832895279  2.674672E-16
5073.83034706116  2.624955E-16
5075.69236516953  2.870118E-16
5077.5543832779  2.776306E-16
5079.41640138626  2.912764E-16
5081.27841949463  2.979337E-16
5083.140437603  3.043766E-16
5085.00245571137  3.037884E-16
5086.86447381974  3.083815E-16
5088.7264919281  3.175423E-16
5090.58851003647  3.077657E-16
5092.45052814484  2.886048E-16
5094.31254625321  2.938075E-16
5096.17456436158  2.996077E-16
5098.03658246994  3.053960E-16
5099.89860057831  3.328829E-16
5101.76061868668  2.866389E-16
5103.62263679505  2.948296E-16
5105.48465490342  3.147479E-16
5107.34667301178  2.958935E-16
5109.20869112015  3.051154E-16
5111.07070922852  3.206378E-16
5112.93272733689  3.078936E-16
5114.79474544526  3.021622E-16
5116.65676355362  3.021290E-16
5118.51878166199  3.039996E-16
5120.38079977036  2.963485E-16
5122.24281787873  2.950893E-16
5124.10483598709  2.897373E-16
5125.96685409546  3.171590E-16
5127.82887220383  3.288180E-16
5129.6908903122  2.872899E-16
5131.55290842057  2.807886E-16
5133.41492652893  2.927586E-16
5135.2769446373  3.032084E-16
5137.13896274567  2.958622E-16
5139.00098085404  2.898818E-16
5140.86299896241  3.140473E-16
5142.72501707077  2.986759E-16
5144.58703517914  3.195476E-16
5146.44905328751  3.079306E-16
5148.31107139588  2.968076E-16
5150.17308950425  2.891644E-16
5152.03510761261  3.002074E-16
5153.89712572098  2.765015E-16
5155.75914382935  3.088941E-16
5157.62116193772  3.058931E-16
5159.48318004609  3.331848E-16
5161.34519815445  3.092863E-16
5163.20721626282  3.118252E-16
5165.06923437119  3.410914E-16
5166.93125247956  3.266012E-16
5168.79327058793  3.040022E-16
5170.65528869629  3.112379E-16
5172.51730680466  3.038442E-16
5174.37932491303  2.901828E-16
5176.2413430214  2.878702E-16
5178.10336112976  3.278622E-16
5179.96537923813  3.038284E-16
5181.8273973465  3.192528E-16
5183.68941545487  3.094058E-16
5185.55143356324  3.049110E-16
5187.4134516716  3.178662E-16
5189.27546977997  3.108512E-16
5191.13748788834  2.880951E-16
5192.99950599671  2.907045E-16
5194.86152410508  3.082969E-16
5196.72354221344  3.355918E-16
5198.58556032181  3.088432E-16
5200.44757843018  3.101064E-16
5202.30959653855  2.874936E-16
5204.17161464692  3.009842E-16
5206.03363275528  3.150003E-16
5207.89565086365  2.889065E-16
5209.75766897202  2.906488E-16
5211.61968708039  2.927240E-16
5213.48170518875  2.969830E-16
5215.34372329712  3.110292E-16
5217.20574140549  3.311976E-16
5219.06775951386  3.297736E-16
5220.92977762223  3.053957E-16
5222.7917957306  3.105670E-16
5224.65381383896  3.189028E-16
5226.51583194733  3.143297E-16
5228.3778500557  3.232270E-16
5230.23986816407  2.927513E-16
5232.10188627243  3.141608E-16
5233.9639043808  3.386377E-16
5235.82592248917  2.995041E-16
5237.68794059754  3.052211E-16
5239.54995870591  3.103115E-16
5241.41197681427  3.287655E-16
5243.27399492264  3.253971E-16
5245.13601303101  3.045523E-16
5246.99803113938  2.990998E-16
5248.86004924775  3.086710E-16
5250.72206735611  3.090294E-16
5252.58408546448  3.206097E-16
5254.44610357285  2.956859E-16
5256.30812168122  3.189574E-16
5258.17013978959  3.346149E-16
5260.03215789795  3.128003E-16
5261.89417600632  2.902400E-16
5263.75619411469  2.881993E-16
5265.61821222306  2.951626E-16
5267.48023033142  2.928684E-16
5269.34224843979  2.989896E-16
5271.20426654816  2.942542E-16
5273.06628465653  3.095270E-16
5274.9283027649  2.936231E-16
5276.79032087326  2.759957E-16
5278.65233898163  2.857144E-16
5280.51435709  3.073912E-16
5282.37637519837  2.910299E-16
5284.23839330674  3.127568E-16
5286.10041141511  3.173265E-16
5287.96242952347  2.981373E-16
5289.82444763184  2.959204E-16
5291.68646574021  3.015580E-16
5293.54848384858  3.127931E-16
5295.41050195694  3.013814E-16
5297.27252006531  3.065563E-16
5299.13453817368  3.076995E-16
5300.99655628205  3.056617E-16
5302.85857439041  3.135626E-16
5304.72059249878  3.014480E-16
5306.58261060715  2.864452E-16
5308.44462871552  2.960412E-16
5310.30664682389  2.986663E-16
5312.16866493225  2.806172E-16
5314.03068304062  3.012386E-16
5315.89270114899  2.961344E-16
5317.75471925736  3.211643E-16
5319.61673736573  3.094992E-16
5321.47875547409  3.090627E-16
5323.34077358246  2.989227E-16
5325.20279169083  2.704644E-16
5327.0648097992  2.650332E-16
5328.92682790757  2.912529E-16
5330.78884601593  3.197591E-16
5332.6508641243  3.152423E-16
5334.51288223267  2.991527E-16
5336.37490034104  2.869395E-16
5338.23691844941  2.784385E-16
5340.09893655777  3.042702E-16
5341.96095466614  3.256254E-16
5343.82297277451  3.095922E-16
5345.68499088288  3.001529E-16
5347.54700899125  3.033366E-16
5349.40902709961  3.063153E-16
5351.27104520798  3.054363E-16
5353.13306331635  2.855363E-16
5354.99508142472  3.002757E-16
5356.85709953308  3.022517E-16
5358.71911764145  2.837637E-16
5360.58113574982  3.011527E-16
5362.44315385819  3.041856E-16
5364.30517196656  3.101766E-16
5366.16719007492  3.075746E-16
5368.02920818329  2.976378E-16
5369.89122629166  3.137695E-16
5371.75324440003  3.024927E-16
5373.6152625084  3.130165E-16
5375.47728061676  3.202209E-16
5377.33929872513  2.963235E-16
5379.2013168335  2.938611E-16
5381.06333494187  3.148058E-16
5382.92535305024  3.251204E-16
5384.7873711586  3.318353E-16
5386.64938926697  2.886272E-16
5388.51140737534  3.028787E-16
5390.37342548371  3.234277E-16
5392.23544359208  3.021390E-16
5394.09746170044  3.132411E-16
5395.95947980881  3.194240E-16
5397.82149791718  3.002994E-16
5399.68351602555  3.057550E-16
5401.54553413392  3.143155E-16
5403.40755224228  3.109695E-16
5405.26957035065  3.137483E-16
5407.13158845902  3.030395E-16
5408.99360656739  3.070609E-16
5410.85562467575  3.145533E-16
5412.71764278412  3.100673E-16
5414.57966089249  3.000441E-16
5416.44167900086  2.926181E-16
5418.30369710923  3.047577E-16
5420.16571521759  3.057144E-16
5422.02773332596  3.155371E-16
5423.88975143433  3.059661E-16
5425.7517695427  3.101814E-16
5427.61378765107  3.159252E-16
5429.47580575943  3.045638E-16
5431.3378238678  2.924261E-16
5433.19984197617  3.101409E-16
5435.06186008454  2.903727E-16
5436.92387819291  3.111550E-16
5438.78589630127  2.988614E-16
5440.64791440964  3.163177E-16
5442.50993251801  3.033779E-16
5444.37195062638  2.869904E-16
5446.23396873474  2.996605E-16
5448.09598684311  3.189402E-16
5449.95800495148  3.322741E-16
5451.82002305985  3.028947E-16
5453.68204116822  2.991859E-16
5455.54405927659  3.000568E-16
5457.40607738495  3.088043E-16
5459.26809549332  3.080198E-16
5461.13011360169  3.084333E-16
5462.99213171006  3.310757E-16
5464.85414981842  3.113101E-16
5466.71616792679  2.845759E-16
5468.57818603516  2.933493E-16
5470.44020414353  3.068401E-16
5472.3022222519  2.992545E-16
5474.16424036026  2.954452E-16
5476.02625846863  3.142172E-16
5477.888276577  3.217201E-16
5479.75029468537  3.022446E-16
5481.61231279374  3.185285E-16
5483.4743309021  3.267039E-16
5485.33634901047  3.190455E-16
5487.19836711884  3.198386E-16
5489.06038522721  3.106493E-16
5490.92240333558  3.179194E-16
5492.78442144394  2.961161E-16
5494.64643955231  2.962942E-16
5496.50845766068  3.180351E-16
5498.37047576905  3.119871E-16
5500.23249387741  3.122424E-16
5502.09451198578  3.233447E-16
5503.95653009415  3.153311E-16
5505.81854820252  3.255933E-16
5507.68056631089  3.029681E-16
5509.54258441925  3.132429E-16
5511.40460252762  3.037360E-16
5513.26662063599  3.124912E-16
5515.12863874436  3.089660E-16
5516.99065685273  3.147596E-16
5518.85267496109  3.156355E-16
5520.71469306946  3.124159E-16
5522.57671117783  2.913057E-16
5524.4387292862  3.084811E-16
5526.30074739457  3.177905E-16
5528.16276550293  3.136721E-16
5530.0247836113  3.229225E-16
5531.88680171967  3.335116E-16
5533.74881982804  3.420468E-16
5535.6108379364  3.299256E-16
5537.47285604477  3.067469E-16
5539.33487415314  2.930130E-16
5541.19689226151  3.035509E-16
5543.05891036988  3.123165E-16
5544.92092847824  3.152826E-16
5546.78294658661  3.173022E-16
5548.64496469498  3.188558E-16
5550.50698280335  3.154820E-16
5552.36900091172  3.095444E-16
5554.23101902008  2.980517E-16
5556.09303712845  2.999829E-16
5557.95505523682  3.029772E-16
5559.81707334519  3.158393E-16
5561.67909145356  3.173366E-16
5563.54110956192  3.137646E-16
5565.40312767029  3.313089E-16
5567.26514577866  3.196425E-16
5569.12716388703  3.182500E-16
5570.9891819954  3.348896E-16
5572.85120010376  3.383389E-16
5574.71321821213  3.010602E-16
5576.5752363205  3.182994E-16
5578.43725442887  3.190729E-16
5580.29927253724  3.293916E-16
5582.1612906456  3.225809E-16
5584.02330875397  3.179990E-16
5585.88532686234  2.967221E-16
5587.74734497071  3.151359E-16
5589.60936307907  3.263849E-16
5591.47138118744  3.093083E-16
5593.33339929581  3.211803E-16
5595.19541740418  3.385307E-16
5597.05743551255  3.343955E-16
5598.91945362091  3.256227E-16
5600.78147172928  3.238937E-16
5602.64348983765  3.138390E-16
5604.50550794602  3.217697E-16
5606.36752605439  3.324799E-16
5608.22954416275  3.305844E-16
5610.09156227112  3.164237E-16
5611.95358037949  3.156021E-16
5613.81559848786  3.097842E-16
5615.67761659623  3.154701E-16
5617.53963470459  3.069891E-16
5619.40165281296  3.283020E-16
5621.26367092133  3.293133E-16
5623.1256890297  3.198908E-16
5624.98770713807  3.179745E-16
5626.84972524643  3.142874E-16
5628.7117433548  3.137448E-16
5630.57376146317  3.148063E-16
5632.43577957154  3.126380E-16
5634.29779767991  3.188647E-16
5636.15981578827  3.201774E-16
5638.02183389664  3.107173E-16
5639.88385200501  3.054199E-16
5641.74587011338  3.357728E-16
5643.60788822174  3.277385E-16
5645.46990633011  2.912599E-16
5647.33192443848  3.011316E-16
5649.19394254685  3.215344E-16
5651.05596065522  3.147534E-16
5652.91797876358  3.023790E-16
5654.77999687195  3.000779E-16
5656.64201498032  3.068392E-16
5658.50403308869  3.161662E-16
5660.36605119706  3.223745E-16
5662.22806930542  3.035986E-16
5664.09008741379  2.860443E-16
5665.95210552216  3.047909E-16
5667.81412363053  3.298157E-16
5669.6761417389  3.162709E-16
5671.53815984726  3.102532E-16
5673.40017795563  3.135894E-16
5675.262196064  3.179842E-16
5677.12421417237  3.086056E-16
5678.98623228073  3.342989E-16
5680.8482503891  3.161404E-16
5682.71026849747  3.008242E-16
5684.57228660584  3.077971E-16
5686.43430471421  3.329356E-16
5688.29632282258  3.437385E-16
5690.15834093094  3.343629E-16
5692.02035903931  3.094183E-16
5693.88237714768  3.526779E-16
5695.74439525605  3.332058E-16
5697.60641336441  3.106816E-16
5699.46843147278  3.220334E-16
5701.33044958115  3.246971E-16
5703.19246768952  3.195313E-16
5705.05448579789  3.165901E-16
5706.91650390625  3.298751E-16
5708.77852201462  3.283380E-16
5710.64054012299  3.081410E-16
5712.50255823136  3.106508E-16
5714.36457633973  3.403350E-16
5716.22659444809  3.505705E-16
5718.08861255646  3.474022E-16
5719.95063066483  3.328822E-16
5721.8126487732  3.104827E-16
5723.67466688157  3.036364E-16
5725.53668498993  2.937099E-16
5727.3987030983  3.026872E-16
5729.26072120667  2.875936E-16
5731.12273931504  2.935996E-16
5732.9847574234  3.107279E-16
5734.84677553177  3.164113E-16
5736.70879364014  3.072413E-16
5738.57081174851  3.135650E-16
5740.43282985688  3.313704E-16
5742.29484796524  3.061863E-16
5744.15686607361  3.100868E-16
5746.01888418198  3.258814E-16
5747.88090229035  3.267996E-16
5749.74292039872  3.226117E-16
5751.60493850708  3.066954E-16
5753.46695661545  3.027912E-16
5755.32897472382  3.145175E-16
5757.19099283219  3.243681E-16
5759.05301094056  3.153658E-16
5760.91502904892  2.994088E-16
5762.77704715729  3.004287E-16
5764.63906526566  3.197449E-16
5766.50108337403  3.345017E-16
5768.36310148239  3.359397E-16
5770.22511959076  3.142244E-16
5772.08713769913  3.080547E-16
5773.9491558075  3.145294E-16
5775.81117391587  3.168376E-16
5777.67319202423  3.231487E-16
5779.5352101326  3.140663E-16
5781.39722824097  3.142444E-16
5783.25924634934  3.070184E-16
5785.12126445771  3.126778E-16
5786.98328256607  3.182271E-16
5788.84530067444  3.123210E-16
5790.70731878281  3.173722E-16
5792.56933689118  3.183354E-16
5794.43135499955  3.220220E-16
5796.29337310791  3.088985E-16
5798.15539121628  2.903017E-16
5800.01740932465  2.981474E-16
5801.87942743302  3.069675E-16
5803.74144554139  3.180829E-16
5805.60346364975  3.193352E-16
5807.46548175812  3.105298E-16
5809.32749986649  3.075446E-16
5811.18951797486  3.038905E-16
5813.05153608323  3.074787E-16
5814.91355419159  2.984524E-16
5816.77557229996  2.973653E-16
5818.63759040833  3.214477E-16
5820.4996085167  3.403121E-16
5822.36162662506  3.373659E-16
5824.22364473343  3.202951E-16
5826.0856628418  3.106799E-16
5827.94768095017  3.054962E-16
5829.80969905854  3.123966E-16
5831.6717171669  3.002077E-16
5833.53373527527  2.971659E-16
5835.39575338364  3.064404E-16
5837.25777149201  3.481777E-16
5839.11978960038  3.471004E-16
5840.98180770874  3.152678E-16
5842.84382581711  2.987259E-16
5844.70584392548  2.974395E-16
5846.56786203385  3.216892E-16
5848.42988014222  3.237969E-16
5850.29189825058  3.349416E-16
5852.15391635895  3.215880E-16
5854.01593446732  3.038712E-16
5855.87795257569  3.222209E-16
5857.73997068406  3.093314E-16
5859.60198879242  2.884155E-16
5861.46400690079  3.185588E-16
5863.32602500916  3.232961E-16
5865.18804311753  3.244012E-16
5867.0500612259  2.948257E-16
5868.91207933426  3.223145E-16
5870.77409744263  3.308171E-16
5872.636115551  3.147950E-16
5874.49813365937  3.081384E-16
5876.36015176773  3.193628E-16
5878.2221698761  3.232539E-16
5880.08418798447  3.054254E-16
5881.94620609284  3.130718E-16
5883.80822420121  3.189814E-16
5885.67024230957  2.943732E-16
5887.53226041794  2.952998E-16
5889.39427852631  3.010910E-16
5891.25629663468  2.950440E-16
5893.11831474305  2.843504E-16
5894.98033285141  2.959390E-16
5896.84235095978  2.933188E-16
5898.70436906815  3.029435E-16
5900.56638717652  3.089971E-16
5902.42840528489  3.007956E-16
5904.29042339325  3.193148E-16
5906.15244150162  3.147797E-16
5908.01445960999  2.923726E-16
5909.87647771836  3.111607E-16
5911.73849582672  3.134205E-16
5913.60051393509  3.139280E-16
5915.46253204346  3.087699E-16
5917.32455015183  3.080250E-16
5919.1865682602  2.984948E-16
5921.04858636857  3.083753E-16
5922.91060447693  3.199278E-16
5924.7726225853  3.136911E-16
5926.63464069367  3.209696E-16
5928.49665880204  3.152653E-16
5930.3586769104  3.180441E-16
5932.22069501877  3.252800E-16
5934.08271312714  2.979440E-16
5935.94473123551  2.943587E-16
5937.80674934388  3.048422E-16
5939.66876745224  2.979442E-16
5941.53078556061  2.979895E-16
5943.39280366898  2.898017E-16
5945.25482177735  3.006786E-16
5947.11683988572  3.238182E-16
5948.97885799408  3.192303E-16
5950.84087610245  3.071583E-16
5952.70289421082  2.962464E-16
5954.56491231919  3.016600E-16
5956.42693042756  3.066606E-16
5958.28894853592  3.222197E-16
5960.15096664429  3.204591E-16
5962.01298475266  3.008961E-16
5963.87500286103  3.161982E-16
5965.73702096939  3.124604E-16
5967.59903907776  3.280466E-16
5969.46105718613  3.220280E-16
5971.3230752945  2.911449E-16
5973.18509340287  3.026537E-16
5975.04711151123  3.194635E-16
5976.9091296196  3.081824E-16
5978.77114772797  3.198079E-16
5980.63316583634  3.094295E-16
5982.49518394471  3.231397E-16
5984.35720205307  3.269223E-16
5986.21922016144  3.090803E-16
5988.08123826981  3.019081E-16
5989.94325637818  3.077701E-16
5991.80527448655  3.061289E-16
5993.66729259491  3.126223E-16
5995.52931070328  3.083413E-16
5997.39132881165  3.193897E-16
5999.25334692002  3.146647E-16
6001.11536502838  3.223270E-16
6002.97738313675  3.228725E-16
6004.83940124512  3.067837E-16
6006.70141935349  3.014737E-16
6008.56343746186  3.214046E-16
6010.42545557022  3.355594E-16
6012.28747367859  3.272364E-16
6014.14949178696  3.076522E-16
6016.01150989533  3.053331E-16
6017.8735280037  2.810218E-16
6019.73554611206  3.037239E-16
6021.59756422043  2.994535E-16
6023.4595823288  3.074041E-16
6025.32160043717  3.318451E-16
6027.18361854554  3.350895E-16
6029.0456366539  3.175783E-16
6030.90765476227  3.229735E-16
6032.76967287064  3.217298E-16
6034.63169097901  3.128832E-16
6036.49370908738  3.228824E-16
6038.35572719574  3.324954E-16
6040.21774530411  3.287061E-16
6042.07976341248  3.099835E-16
6043.94178152085  3.100262E-16
6045.80379962922  3.183593E-16
6047.66581773758  3.021538E-16
6049.52783584595  2.916228E-16
6051.38985395432  3.040140E-16
6053.25187206269  3.041898E-16
6055.11389017105  2.896319E-16
6056.97590827942  2.942920E-16
6058.83792638779  3.112111E-16
6060.69994449616  3.133645E-16
6062.56196260453  3.066000E-16
6064.42398071289  3.115565E-16
6066.28599882126  3.009562E-16
6068.14801692963  2.956001E-16
6070.010035038  3.095423E-16
6071.87205314637  3.095917E-16
6073.73407125473  3.084051E-16
6075.5960893631  3.131740E-16
6077.45810747147  3.088916E-16
6079.32012557984  3.085446E-16
6081.18214368821  3.122881E-16
6083.04416179657  3.349780E-16
6084.90617990494  3.189550E-16
6086.76819801331  3.160180E-16
6088.63021612168  3.275259E-16
6090.49223423005  3.052491E-16
6092.35425233841  3.079651E-16
6094.21627044678  3.150264E-16
6096.07828855515  3.127720E-16
6097.94030666352  3.115557E-16
6099.80232477189  3.022805E-16
6101.66434288025  3.146764E-16
6103.52636098862  2.959461E-16
6105.38837909699  2.923485E-16
6107.25039720536  3.067032E-16
6109.11241531372  3.077801E-16
6110.97443342209  3.106555E-16
6112.83645153046  2.999942E-16
6114.69846963883  2.992438E-16
6116.5604877472  3.077631E-16
6118.42250585556  3.158249E-16
6120.28452396393  3.003077E-16
6122.1465420723  3.224907E-16
6124.00856018067  3.081370E-16
6125.87057828904  2.980424E-16
6127.7325963974  3.107171E-16
6129.59461450577  2.937202E-16
6131.45663261414  3.034164E-16
6133.31865072251  3.024955E-16
6135.18066883088  2.984581E-16
6137.04268693924  3.104406E-16
6138.90470504761  3.069556E-16
6140.76672315598  3.102284E-16
6142.62874126435  3.242226E-16
6144.49075937271  3.203455E-16
6146.35277748108  3.142404E-16
6148.21479558945  3.091597E-16
6150.07681369782  3.012043E-16
6151.93883180619  3.112200E-16
6153.80084991456  3.165517E-16
6155.66286802292  3.037987E-16
6157.52488613129  2.955041E-16
6159.38690423966  3.141435E-16
6161.24892234803  3.131561E-16
6163.11094045639  3.015560E-16
6164.97295856476  2.912238E-16
6166.83497667313  3.012130E-16
6168.6969947815  2.923533E-16
6170.55901288987  3.001021E-16
6172.42103099823  3.137122E-16
6174.2830491066  2.870722E-16
6176.14506721497  2.946447E-16
6178.00708532334  2.921380E-16
6179.86910343171  2.956517E-16
6181.73112154007  2.950268E-16
6183.59313964844  3.133683E-16
6185.45515775681  3.209223E-16
6187.31717586518  2.969687E-16
6189.17919397355  2.967288E-16
6191.04121208191  2.927919E-16
6192.90323019028  3.181419E-16
6194.76524829865  3.061860E-16
6196.62726640702  3.108765E-16
6198.48928451538  3.235135E-16
6200.35130262375  2.995192E-16
6202.21332073212  3.264155E-16
6204.07533884049  3.068811E-16
6205.93735694886  3.021390E-16
6207.79937505722  3.073147E-16
6209.66139316559  3.073172E-16
6211.52341127396  3.140808E-16
6213.38542938233  2.896011E-16
6215.2474474907  3.199464E-16
6217.10946559906  3.050339E-16
6218.97148370743  3.076285E-16
6220.8335018158  3.073726E-16
6222.69551992417  3.063371E-16
6224.55753803254  3.113844E-16
6226.4195561409  2.882443E-16
6228.28157424927  2.971748E-16
6230.14359235764  3.072985E-16
6232.00561046601  3.119087E-16
6233.86762857437  3.058896E-16
6235.72964668274  2.902148E-16
6237.59166479111  2.946471E-16
6239.45368289948  2.925405E-16
6241.31570100785  2.702043E-16
6243.17771911621  2.945814E-16
6245.03973722458  3.128833E-16
6246.90175533295  3.108645E-16
6248.76377344132  2.911085E-16
6250.62579154969  2.952951E-16
6252.48780965805  2.784097E-16
6254.34982776642  3.021569E-16
6256.21184587479  3.087854E-16
6258.07386398316  3.088687E-16
6259.93588209153  3.005855E-16
6261.79790019989  2.732102E-16
6263.65991830826  2.904959E-16
6265.52193641663  2.948131E-16
6267.383954525  2.988779E-16
6269.24597263337  3.177508E-16
6271.10799074173  3.042121E-16
6272.9700088501  2.860826E-16
6274.83202695847  2.776417E-16
6276.69404506684  2.675822E-16
6278.55606317521  2.772103E-16
6280.41808128357  2.669039E-16
6282.28009939194  2.802604E-16
6284.14211750031  2.829740E-16
6286.00413560868  2.837472E-16
6287.86615371704  2.762113E-16
6289.72817182541  2.788406E-16
6291.59018993378  2.794533E-16
6293.45220804215  2.837375E-16
6295.31422615052  2.884677E-16
6297.17624425888  2.729144E-16
6299.03826236725  2.939932E-16
6300.90028047562  3.080172E-16
6302.76229858399  2.921888E-16
6304.62431669236  3.023841E-16
6306.48633480072  2.909932E-16
6308.34835290909  2.824101E-16
6310.21037101746  2.790104E-16
6312.07238912583  2.726923E-16
6313.9344072342  2.840439E-16
6315.79642534256  2.816003E-16
6317.65844345093  3.045068E-16
6319.5204615593  2.810205E-16
6321.38247966767  2.676220E-16
6323.24449777604  2.749936E-16
6325.1065158844  2.870549E-16
6326.96853399277  2.781078E-16
6328.83055210114  2.775427E-16
6330.69257020951  2.810046E-16
6332.55458831788  2.692172E-16
6334.41660642624  2.780445E-16
6336.27862453461  2.798350E-16
6338.14064264298  2.861076E-16
6340.00266075135  2.907582E-16
6341.86467885971  2.906045E-16
6343.72669696808  2.726488E-16
6345.58871507645  2.870134E-16
6347.45073318482  2.919801E-16
6349.31275129319  2.907946E-16
6351.17476940155  2.769983E-16
6353.03678750992  2.776877E-16
6354.89880561829  2.662526E-16
6356.76082372666  2.778531E-16
6358.62284183503  2.899221E-16
6360.48485994339  2.884786E-16
6362.34687805176  2.881911E-16
6364.20889616013  2.660855E-16
6366.0709142685  2.584067E-16
6367.93293237687  2.674041E-16
6369.79495048523  2.713869E-16
6371.6569685936  2.743908E-16
6373.51898670197  2.676184E-16
6375.38100481034  2.825414E-16
6377.2430229187  2.741305E-16
6379.10504102707  2.899361E-16
6380.96705913544  2.900850E-16
6382.82907724381  2.697028E-16
6384.69109535218  2.788602E-16
6386.55311346055  2.948937E-16
6388.41513156891  2.807026E-16
6390.27714967728  2.886379E-16
6392.13916778565  2.826069E-16
6394.00118589402  2.863812E-16
6395.86320400238  2.873536E-16
6397.72522211075  2.743206E-16
6399.58724021912  2.951390E-16
6401.44925832749  2.853913E-16
6403.31127643586  2.818357E-16
6405.17329454422  2.866893E-16
6407.03531265259  2.713696E-16
6408.89733076096  2.623123E-16
6410.75934886933  2.754220E-16
6412.62136697769  2.883146E-16
6414.48338508606  2.766905E-16
6416.34540319443  2.760672E-16
6418.2074213028  2.791605E-16
6420.06943941117  2.769061E-16
6421.93145751953  2.665590E-16
6423.7934756279  2.710174E-16
6425.65549373627  2.734869E-16
6427.51751184464  2.818852E-16
6429.37952995301  2.918988E-16
6431.24154806137  2.898495E-16
6433.10356616974  2.764714E-16
6434.96558427811  2.772996E-16
6436.82760238648  2.790463E-16
6438.68962049485  2.618052E-16
6440.55163860321  2.543851E-16
6442.41365671158  2.592687E-16
6444.27567481995  2.731926E-16
6446.13769292832  2.642956E-16
6447.99971103669  2.706579E-16
6449.86172914505  2.709423E-16
6451.72374725342  2.680821E-16
6453.58576536179  2.736909E-16
6455.44778347016  2.677783E-16
6457.30980157853  2.703720E-16
6459.17181968689  2.755438E-16
6461.03383779526  2.924500E-16
6462.89585590363  2.881718E-16
6464.757874012  2.731218E-16
6466.61989212036  2.645895E-16
6468.48191022873  2.649420E-16
6470.3439283371  2.586905E-16
6472.20594644547  2.579435E-16
6474.06796455384  2.677056E-16
6475.9299826622  2.635606E-16
6477.79200077057  2.523270E-16
6479.65401887894  2.436439E-16
6481.51603698731  2.624252E-16
6483.37805509568  2.617963E-16
6485.24007320404  2.561078E-16
6487.10209131241  2.578496E-16
6488.96410942078  2.739721E-16
6490.82612752915  2.635239E-16
6492.68814563752  2.698681E-16
6494.55016374588  2.676680E-16
6496.41218185425  2.633510E-16
6498.27419996262  2.639273E-16
6500.13621807099  2.581612E-16
6501.99823617936  2.594760E-16
6503.86025428772  2.666174E-16
6505.72227239609  2.834858E-16
6507.58429050446  2.558548E-16
6509.44630861283  2.494070E-16
6511.3083267212  2.658064E-16
6513.17034482956  2.802990E-16
6515.03236293793  2.535829E-16
6516.8943810463  2.444387E-16
6518.75639915467  2.611979E-16
6520.61841726303  2.651633E-16
6522.4804353714  2.522513E-16
6524.34245347977  2.503850E-16
6526.20447158814  2.577515E-16
6528.06648969651  2.511023E-16
6529.92850780487  2.506944E-16
6531.79052591324  2.615969E-16
6533.65254402161  2.544396E-16
6535.51456212998  2.517032E-16
6537.37658023835  2.498457E-16
6539.23859834671  2.388869E-16
6541.10061645508  2.567338E-16
6542.96263456345  2.686768E-16
6544.82465267182  2.610489E-16
6546.68667078019  2.573061E-16
6548.54868888855  2.544652E-16
6550.41070699692  2.534529E-16
6552.27272510529  2.361660E-16
6554.13474321366  2.597522E-16
6555.99676132203  2.607252E-16
6557.85877943039  2.476800E-16
6559.72079753876  2.496109E-16
6561.58281564713  2.494205E-16
6563.4448337555  2.508382E-16
6565.30685186387  2.377534E-16
6567.16886997223  2.376901E-16
6569.0308880806  2.423674E-16
6570.89290618897  2.604502E-16
6572.75492429734  2.488652E-16
6574.6169424057  2.474137E-16
6576.47896051407  2.565926E-16
6578.34097862244  2.601751E-16
6580.20299673081  2.652035E-16
6582.06501483918  2.539560E-16
6583.92703294754  2.509904E-16
6585.78905105591  2.598057E-16
6587.65106916428  2.508596E-16
6589.51308727265  2.406370E-16
6591.37510538102  2.578676E-16
6593.23712348938  2.672866E-16
6595.09914159775  2.497830E-16
6596.96115970612  2.450228E-16
6598.82317781449  2.540378E-16
6600.68519592286  2.440206E-16
6602.54721403122  2.432032E-16
6604.40923213959  2.400918E-16
6606.27125024796  2.536580E-16
6608.13326835633  2.603820E-16
6609.9952864647  2.522179E-16
6611.85730457306  2.691245E-16
6613.71932268143  2.622628E-16
6615.5813407898  2.399263E-16
6617.44335889817  2.344711E-16
6619.30537700654  2.668446E-16
6621.1673951149  2.442332E-16
6623.02941322327  2.455150E-16
6624.89143133164  2.516804E-16
6626.75344944001  2.501819E-16
6628.61546754837  2.495530E-16
6630.47748565674  2.449097E-16
6632.33950376511  2.350493E-16
6634.20152187348  2.439670E-16
6636.06353998185  2.435380E-16
6637.92555809021  2.347340E-16
6639.78757619858  2.433815E-16
6641.64959430695  2.501515E-16
6643.51161241532  2.723673E-16
6645.37363052368  2.583663E-16
6647.23564863205  2.507877E-16
6649.09766674042  2.550762E-16
6650.95968484879  2.460110E-16
6652.82170295716  2.558684E-16
6654.68372106552  2.588770E-16
6656.54573917389  2.567672E-16
6658.40775728226  2.609862E-16
6660.26977539063  2.557857E-16
6662.131793499  2.479397E-16
6663.99381160736  2.477883E-16
6665.85582971573  2.414451E-16
6667.7178478241  2.367949E-16
6669.57986593247  2.417841E-16
6671.44188404084  2.448674E-16
6673.3039021492  2.347143E-16
6675.16592025757  2.548818E-16
6677.02793836594  2.480911E-16
6678.88995647431  2.437240E-16
6680.75197458268  2.391402E-16
6682.61399269104  2.367101E-16
6684.47601079941  2.404407E-16
6686.33802890778  2.386843E-16
6688.20004701615  2.277742E-16
6690.06206512452  2.270071E-16
6691.92408323288  2.447727E-16
6693.78610134125  2.426118E-16
6695.64811944962  2.474596E-16
6697.51013755799  2.501516E-16
6699.37215566635  2.435847E-16
6701.23417377472  2.586878E-16
6703.09619188309  2.461663E-16
6704.95820999146  2.590530E-16
6706.82022809983  2.408109E-16
6708.68224620819  2.490291E-16
6710.54426431656  2.621537E-16
6712.40628242493  2.378710E-16
6714.2683005333  2.388210E-16
6716.13031864167  2.564058E-16
6717.99233675003  2.378353E-16
6719.8543548584  2.419522E-16
6721.71637296677  2.285561E-16
6723.57839107514  2.287081E-16
6725.44040918351  2.303173E-16
6727.30242729187  2.359493E-16
6729.16444540024  2.659008E-16
6731.02646350861  2.594509E-16
6732.88848161698  2.377700E-16
6734.75049972535  2.285399E-16
6736.61251783371  2.403634E-16
6738.47453594208  2.553519E-16
6740.33655405045  2.583864E-16
6742.19857215882  2.492055E-16
6744.06059026719  2.389073E-16
6745.92260837555  2.492208E-16
6747.78462648392  2.468355E-16
6749.64664459229  2.179016E-16
6751.50866270066  2.415980E-16
6753.37068080902  2.445038E-16
6755.23269891739  2.467417E-16
6757.09471702576  2.400228E-16
6758.95673513413  2.363111E-16
6760.8187532425  2.406291E-16
6762.68077135086  2.462048E-16
6764.54278945923  2.567806E-16
6766.4048075676  2.551909E-16
6768.26682567597  2.404729E-16
6770.12884378434  2.277938E-16
6771.9908618927  2.298399E-16
6773.85288000107  2.344858E-16
6775.71489810944  2.334185E-16
6777.57691621781  2.453459E-16
6779.43893432618  2.459771E-16
6781.30095243454  2.362272E-16
6783.16297054291  2.298707E-16
6785.02498865128  2.234376E-16
6786.88700675965  2.380362E-16
6788.74902486802  2.394086E-16
6790.61104297638  2.202574E-16
6792.47306108475  2.248016E-16
6794.33507919312  2.242867E-16
6796.19709730149  2.256679E-16
6798.05911540986  2.217245E-16
6799.92113351822  2.358703E-16
6801.78315162659  2.342858E-16
6803.64516973496  2.344522E-16
6805.50718784333  2.503957E-16
6807.36920595169  2.212628E-16
6809.23122406006  2.172676E-16
6811.09324216843  2.203889E-16
6812.9552602768  2.242645E-16
6814.81727838517  2.349631E-16
6816.67929649353  2.426238E-16
6818.5413146019  2.282894E-16
6820.40333271027  2.410392E-16
6822.26535081864  2.470463E-16
6824.12736892701  2.497251E-16
6825.98938703537  2.451585E-16
6827.85140514374  2.581113E-16
6829.71342325211  2.521831E-16
6831.57544136048  2.528719E-16
6833.43745946885  2.667109E-16
6835.29947757721  2.588848E-16
6837.16149568558  2.412903E-16
6839.02351379395  2.269872E-16
6840.88553190232  2.201908E-16
6842.74755001069  2.293738E-16
6844.60956811905  2.404693E-16
6846.47158622742  2.336599E-16
6848.33360433579  2.238947E-16
6850.19562244416  2.222237E-16
6852.05764055253  2.295233E-16
6853.91965866089  2.273199E-16
6855.78167676926  2.406647E-16
6857.64369487763  2.422426E-16
6859.505712986  2.585665E-16
6861.36773109436  2.478844E-16
6863.22974920273  2.548964E-16
6865.0917673111  2.613894E-16
6866.95378541947  2.559514E-16
6868.81580352784  2.609662E-16
6870.6778216362  2.454006E-16
6872.53983974457  2.669130E-16
6874.40185785294  2.560387E-16
6876.26387596131  2.331693E-16
6878.12589406967  2.287838E-16
6879.98791217804  2.497254E-16
6881.84993028641  2.629461E-16
6883.71194839478  2.485054E-16
6885.57396650315  2.390106E-16
6887.43598461151  2.401393E-16
6889.29800271988  2.382289E-16
6891.16002082825  2.497612E-16
6893.02203893662  2.489511E-16
6894.88405704499  2.502348E-16
6896.74607515335  2.453386E-16
6898.60809326172  2.229842E-16
6900.47011137009  2.270384E-16
6902.33212947846  2.364694E-16
6904.19414758683  2.258926E-16
6906.05616569519  2.350905E-16
6907.91818380356  2.250720E-16
6909.78020191193  2.168240E-16
6911.6422200203  2.361167E-16
6913.50423812867  2.487730E-16
6915.36625623703  2.405984E-16
6917.2282743454  2.251496E-16
6919.09029245377  2.174329E-16
6920.95231056214  2.262117E-16
6922.81432867051  2.280037E-16
6924.67634677887  2.429909E-16
6926.53836488724  2.071139E-16
6928.40038299561  1.972925E-16
6930.26240110398  2.211798E-16
6932.12441921234  2.124430E-16
6933.98643732071  2.235793E-16
6935.84845542908  2.357457E-16
6937.71047353745  2.279263E-16
6939.57249164582  2.343230E-16
6941.43450975418  2.195499E-16
6943.29652786255  2.323965E-16
6945.15854597092  2.447795E-16
6947.02056407929  2.440667E-16
6948.88258218766  2.457326E-16
6950.74460029602  2.400868E-16
6952.60661840439  2.465885E-16
6954.46863651276  2.129479E-16
6956.33065462113  2.197938E-16
6958.1926727295  2.337057E-16
6960.05469083786  2.350005E-16
6961.91670894623  2.359025E-16
6963.7787270546  2.321744E-16
6965.64074516297  2.353897E-16
6967.50276327134  2.288180E-16
6969.3647813797  2.333849E-16
6971.22679948807  2.404071E-16
6973.08881759644  2.275352E-16
6974.95083570481  2.331819E-16
6976.81285381318  2.438881E-16
6978.67487192154  2.378391E-16
6980.53689002991  2.468325E-16
6982.39890813828  2.504967E-16
6984.26092624665  2.414619E-16
6986.12294435501  2.370798E-16
6987.98496246338  2.303884E-16
6989.84698057175  2.335016E-16
6991.70899868012  2.339849E-16
6993.57101678849  2.430711E-16
6995.43303489685  2.273551E-16
6997.29505300522  2.145435E-16
6999.15707111359  2.167246E-16
7001.01908922196  2.242418E-16
7002.88110733033  2.167342E-16
7004.74312543869  2.213389E-16
7006.60514354706  2.247020E-16
7008.46716165543  2.325823E-16
7010.3291797638  2.352004E-16
7012.19119787217  2.443448E-16
7014.05321598053  2.448559E-16
7015.9152340889  2.443082E-16
7017.77725219727  2.425037E-16
7019.63927030564  2.440636E-16
7021.50128841401  2.320267E-16
7023.36330652237  2.181702E-16
7025.22532463074  2.299140E-16
7027.08734273911  2.189409E-16
7028.94936084748  2.154917E-16
7030.81137895585  2.319474E-16
7032.67339706421  2.470584E-16
7034.53541517258  2.304604E-16
7036.39743328095  2.324571E-16
7038.25945138932  2.267070E-16
7040.12146949768  2.258457E-16
7041.98348760605  2.267592E-16
7043.84550571442  2.386315E-16
7045.70752382279  2.335503E-16
7047.56954193116  2.284773E-16
7049.43156003952  2.476704E-16
7051.29357814789  2.516057E-16
7053.15559625626  2.350250E-16
7055.01761436463  2.350565E-16
7056.879632473  2.320410E-16
7058.74165058136  2.242020E-16
7060.60366868973  2.226001E-16
7062.4656867981  2.263503E-16
7064.32770490647  2.408649E-16
7066.18972301484  2.319843E-16
7068.0517411232  2.372558E-16
7069.91375923157  2.380254E-16
7071.77577733994  2.335703E-16
7073.63779544831  2.591495E-16
7075.49981355668  2.616786E-16
7077.36183166504  2.487282E-16
7079.22384977341  2.392579E-16
7081.08586788178  2.231334E-16
7082.94788599015  2.307594E-16
7084.80990409852  2.479972E-16
7086.67192220688  2.456411E-16
7088.53394031525  2.350065E-16
7090.39595842362  2.360951E-16
7092.25797653199  2.357093E-16
7094.11999464035  2.339544E-16
7095.98201274872  2.347966E-16
7097.84403085709  2.389267E-16
7099.70604896546  2.396267E-16
7101.56806707383  2.346186E-16
7103.43008518219  2.545521E-16
7105.29210329056  2.580271E-16
7107.15412139893  2.507595E-16
7109.0161395073  2.488147E-16
7110.87815761566  2.428653E-16
7112.74017572403  2.321750E-16
7114.6021938324  2.208178E-16
7116.46421194077  2.212109E-16
7118.32623004914  2.220002E-16
7120.1882481575  2.321985E-16
7122.05026626587  2.123890E-16
7123.91228437424  2.222255E-16
7125.77430248261  2.458839E-16
7127.63632059098  2.404420E-16
7129.49833869934  2.391306E-16
7131.36035680771  2.433599E-16
7133.22237491608  2.476874E-16
7135.08439302445  2.427819E-16
7136.94641113282  2.321636E-16
7138.80842924118  2.237158E-16
7140.67044734955  2.381475E-16
7142.53246545792  2.136859E-16
7144.39448356629  2.166706E-16
7146.25650167466  2.255885E-16
7148.11851978302  2.194369E-16
7149.98053789139  2.145914E-16
7151.84255599976  2.146613E-16
7153.70457410813  2.339366E-16
7155.5665922165  2.240929E-16
7157.42861032486  2.274959E-16
7159.29062843323  2.492762E-16
7161.1526465416  2.477395E-16
7163.01466464997  2.312528E-16
7164.87668275833  2.291313E-16
7166.7387008667  2.363231E-16
7168.60071897507  2.145525E-16
7170.46273708344  2.093304E-16
7172.32475519181  2.070151E-16
7174.18677330017  2.026229E-16
7176.04879140854  1.892600E-16
7177.91080951691  1.966999E-16
7179.77282762528  2.138194E-16
7181.63484573365  1.911735E-16
7183.49686384201  1.826275E-16
7185.35888195038  1.940893E-16
7187.22090005875  1.863400E-16
7189.08291816712  1.978523E-16
7190.94493627549  1.957877E-16
7192.80695438385  1.986804E-16
7194.66897249222  2.123140E-16
7196.53099060059  2.097658E-16
7198.39300870896  2.047509E-16
7200.25502681733  2.041286E-16
7202.11704492569  2.024179E-16
7203.97906303406  2.021087E-16
7205.84108114243  2.166480E-16
7207.7030992508  2.306550E-16
7209.56511735917  2.478147E-16
7211.42713546753  2.334202E-16
7213.2891535759  2.282034E-16
7215.15117168427  2.280218E-16
7217.01318979264  2.339110E-16
7218.875207901  2.227498E-16
7220.73722600937  2.052936E-16
7222.59924411774  1.995707E-16
7224.46126222611  2.043868E-16
7226.32328033448  2.022458E-16
7228.18529844284  2.159587E-16
7230.04731655121  2.094474E-16
7231.90933465958  1.907457E-16
7233.77135276795  1.958496E-16
7235.63337087632  2.417552E-16
7237.49538898468  2.198156E-16
7239.35740709305  2.163372E-16
7241.21942520142  2.163317E-16
7243.08144330979  2.201240E-16
7244.94346141816  1.994389E-16
7246.80547952652  2.280100E-16
7248.66749763489  2.230986E-16
7250.52951574326  2.010628E-16
7252.39153385163  2.007290E-16
7254.25355196  1.940327E-16
7256.11557006836  2.167299E-16
7257.97758817673  2.261253E-16
7259.8396062851  2.031764E-16
7261.70162439347  1.887851E-16
7263.56364250184  1.868503E-16
7265.4256606102  1.858061E-16
7267.28767871857  2.043030E-16
7269.14969682694  2.082524E-16
7271.01171493531  1.922106E-16
7272.87373304367  1.797899E-16
7274.73575115204  1.777416E-16
7276.59776926041  2.095119E-16
7278.45978736878  2.239997E-16
7280.32180547715  2.150105E-16
7282.18382358551  2.390607E-16
7284.04584169388  2.278821E-16
7285.90785980225  2.197321E-16
7287.76987791062  2.122528E-16
7289.63189601899  1.968459E-16
7291.49391412735  2.145595E-16
7293.35593223572  2.094537E-16
7295.21795034409  1.935908E-16
7297.07996845246  2.011679E-16
7298.94198656083  1.990564E-16
7300.80400466919  1.806288E-16
7302.66602277756  1.953377E-16
7304.52804088593  2.184624E-16
7306.3900589943  2.246233E-16
7308.25207710267  2.278435E-16
7310.11409521103  2.192052E-16
7311.9761133194  2.120077E-16
7313.83813142777  2.273041E-16
7315.70014953614  2.226978E-16
7317.56216764451  2.270837E-16
7319.42418575287  2.215932E-16
7321.28620386124  2.232259E-16
7323.14822196961  2.262457E-16
7325.01024007798  2.109618E-16
7326.87225818634  2.009149E-16
7328.73427629471  2.057162E-16
7330.59629440308  2.038120E-16
7332.45831251145  2.095134E-16
7334.32033061982  2.017895E-16
7336.18234872818  1.994991E-16
7338.04436683655  2.142696E-16
7339.90638494492  2.170780E-16
7341.76840305329  2.226926E-16
7343.63042116165  2.440283E-16
7345.49243927002  2.292024E-16
7347.35445737839  2.243979E-16
7349.21647548676  2.251410E-16
7351.07849359513  2.150806E-16
7352.94051170349  1.893741E-16
7354.80252981186  1.942792E-16
7356.66454792023  1.998200E-16
7358.5265660286  1.904904E-16
7360.38858413697  2.032815E-16
7362.25060224533  2.174879E-16
7364.1126203537  2.045878E-16
7365.97463846207  1.948017E-16
7367.83665657044  2.035788E-16
7369.69867467881  1.944043E-16
7371.56069278717  1.814442E-16
7373.42271089554  1.986803E-16
7375.28472900391  2.062432E-16
7377.14674711228  2.050581E-16
7379.00876522065  1.980046E-16
7380.87078332901  1.955011E-16
7382.73280143738  2.169684E-16
7384.59481954575  2.046754E-16
7386.45683765412  1.981138E-16
7388.31885576249  1.971770E-16
7390.18087387085  2.154137E-16
7392.04289197922  2.139467E-16
7393.90491008759  2.180818E-16
7395.76692819596  2.107608E-16
7397.62894630432  2.349327E-16
7399.49096441269  2.394209E-16
7401.35298252106  2.331234E-16
7403.21500062943  2.393284E-16
7405.0770187378  2.287776E-16
7406.93903684616  2.149986E-16
7408.80105495453  2.214360E-16
7410.6630730629  2.381983E-16
7412.52509117127  2.314933E-16
7414.38710927964  2.262447E-16
7416.249127388  2.000914E-16
7418.11114549637  2.177230E-16
7419.97316360474  2.138139E-16
7421.83518171311  2.008943E-16
7423.69719982148  2.037076E-16
7425.55921792984  1.953071E-16
7427.42123603821  1.903353E-16
7429.28325414658  1.942097E-16
7431.14527225495  1.853472E-16
7433.00729036332  1.959627E-16
7434.86930847168  2.016443E-16
7436.73132658005  2.074392E-16
7438.59334468842  2.038658E-16
7440.45536279679  2.020297E-16
7442.31738090516  2.089696E-16
7444.17939901352  2.105679E-16
7446.04141712189  2.200380E-16
7447.90343523026  2.241935E-16
7449.76545333863  2.230364E-16
7451.62747144699  2.107143E-16
7453.48948955536  2.210631E-16
7455.35150766373  2.106567E-16
7457.2135257721  2.138711E-16
7459.07554388047  2.141110E-16
7460.93756198883  2.118645E-16
7462.7995800972  2.205257E-16
7464.66159820557  2.176663E-16
7466.52361631394  1.991308E-16
7468.38563442231  2.018040E-16
7470.24765253067  1.884230E-16
7472.10967063904  1.984479E-16
7473.97168874741  1.884798E-16
7475.83370685578  1.860572E-16
7477.69572496415  1.932404E-16
7479.55774307251  1.899639E-16
7481.41976118088  2.032857E-16
7483.28177928925  2.117331E-16
7485.14379739762  2.010482E-16
7487.00581550599  2.053074E-16
7488.86783361435  2.203749E-16
7490.72985172272  2.229653E-16
7492.59186983109  2.312071E-16
7494.45388793946  2.250203E-16
7496.31590604783  2.180601E-16
7498.17792415619  2.065679E-16
7500.03994226456  2.171835E-16
7501.90196037293  2.173999E-16
7503.7639784813  2.194910E-16
7505.62599658966  2.078521E-16
7507.48801469803  2.039718E-16
7509.3500328064  2.051774E-16
7511.21205091477  1.891597E-16
7513.07406902314  2.086335E-16
7514.9360871315  1.987104E-16
7516.79810523987  1.797897E-16
7518.66012334824  1.832847E-16
7520.52214145661  1.857254E-16
7522.38415956498  1.898386E-16
7524.24617767334  1.944809E-16
7526.10819578171  1.978136E-16
7527.97021389008  2.092412E-16
7529.83223199845  2.033083E-16
7531.69425010682  2.102781E-16
7533.55626821518  2.186405E-16
7535.41828632355  2.075902E-16
7537.28030443192  2.135853E-16
7539.14232254029  2.056385E-16
7541.00434064866  2.076177E-16
7542.86635875702  2.065368E-16
7544.72837686539  1.964819E-16
7546.59039497376  1.856254E-16
7548.45241308213  1.806697E-16
7550.3144311905  1.755118E-16
7552.17644929886  1.631618E-16
7554.03846740723  1.764671E-16
7555.9004855156  1.847754E-16
7557.76250362397  1.788732E-16
7559.62452173233  1.794970E-16
7561.4865398407  1.874867E-16
7563.34855794907  1.998781E-16
7565.21057605744  2.007417E-16
7567.07259416581  2.123880E-16
7568.93461227417  2.270032E-16
7570.79663038254  2.147642E-16
7572.65864849091  2.159286E-16
7574.52066659928  2.038732E-16
7576.38268470764  1.924224E-16
7578.24470281601  2.169846E-16
7580.10672092438  2.188821E-16
7581.96873903275  2.267027E-16
7583.83075714112  2.239512E-16
7585.69277524948  2.085960E-16
7587.55479335785  2.078180E-16
7589.41681146622  2.117334E-16
7591.27882957459  2.261816E-16
7593.14084768296  1.975193E-16
7595.00286579132  1.634651E-16
7596.86488389969  1.945390E-16
7598.72690200806  1.907100E-16
7600.58892011643  1.616251E-16
7602.4509382248  1.325919E-16
7604.31295633316  1.035547E-16
7606.17497444153  1.234317E-16
7608.0369925499  1.525183E-16
7609.89901065827  1.507325E-16
7611.76102876664  1.844329E-16
7613.623046875  1.906977E-16
7615.48506498337  1.981823E-16
7617.34708309174  2.226013E-16
7619.20910120011  2.096302E-16
7621.07111930848  1.878467E-16
7622.93313741684  1.635923E-16
7624.79515552521  1.809726E-16
7626.65717363358  1.773432E-16
7628.51919174195  1.883751E-16
7630.38120985031  1.739158E-16
7632.24322795868  1.873340E-16
7634.10524606705  1.766916E-16
7635.96726417542  1.870301E-16
7637.82928228379  1.808225E-16
7639.69130039215  1.706020E-16
7641.55331850052  1.902882E-16
7643.41533660889  1.986464E-16
7645.27735471726  1.850899E-16
7647.13937282563  1.934466E-16
7649.00139093399  1.893901E-16
7650.86340904236  1.999794E-16
7652.72542715073  1.882596E-16
7654.5874452591  1.977693E-16
7656.44946336747  2.055604E-16
7658.31148147583  2.143397E-16
7660.1734995842  2.256804E-16
7662.03551769257  2.191731E-16
7663.89753580094  2.100719E-16
7665.75955390931  1.910676E-16
7667.62157201767  1.901350E-16
7669.48359012604  1.974131E-16
7671.34560823441  1.905913E-16
7673.20762634278  1.758227E-16
7675.06964445115  1.813591E-16
7676.93166255951  1.822928E-16
7678.79368066788  1.880839E-16
7680.65569877625  1.867682E-16
7682.51771688462  1.919014E-16
7684.37973499298  1.899838E-16
7686.24175310135  1.911192E-16
7688.10377120972  1.643198E-16
7689.96578931809  1.701301E-16
7691.82780742646  1.816541E-16
7693.68982553482  1.891718E-16
7695.55184364319  1.852271E-16
7697.41386175156  1.713433E-16
7699.27587985993  1.844709E-16
7701.1378979683  1.780770E-16
7702.99991607666  1.757904E-16
7704.86193418503  1.810538E-16
7706.7239522934  1.856249E-16
7708.58597040177  1.733105E-16
7710.44798851014  1.804115E-16
7712.3100066185  1.806316E-16
7714.17202472687  1.937639E-16
7716.03404283524  2.141325E-16
7717.89606094361  2.126115E-16
7719.75807905198  1.936882E-16
7721.62009716034  2.136922E-16
7723.48211526871  2.158648E-16
7725.34413337708  1.962194E-16
7727.20615148545  1.885013E-16
7729.06816959382  2.008460E-16
7730.93018770218  2.043927E-16
7732.79220581055  1.997868E-16
7734.65422391892  1.991170E-16
7736.51624202729  2.044404E-16
7738.37826013565  1.991316E-16
7740.24027824402  1.933214E-16
7742.10229635239  1.995725E-16
7743.96431446076  1.825605E-16
7745.82633256913  1.966306E-16
7747.68835067749  2.084029E-16
7749.55036878586  2.049319E-16
7751.41238689423  2.126324E-16
7753.2744050026  2.023401E-16
7755.13642311097  1.824406E-16
7756.99844121933  1.848097E-16
7758.8604593277  1.923129E-16
7760.72247743607  1.915022E-16
7762.58449554444  1.949413E-16
7764.44651365281  1.880060E-16
7766.30853176117  1.866517E-16
7768.17054986954  1.792149E-16
7770.03256797791  1.725953E-16
7771.89458608628  1.796198E-16
7773.75660419465  1.825513E-16
7775.61862230301  1.762751E-16
7777.48064041138  1.685349E-16
7779.34265851975  1.697560E-16
7781.20467662812  1.565457E-16
7783.06669473649  1.485730E-16
7784.92871284485  1.533838E-16
7786.79073095322  1.585092E-16
7788.65274906159  1.509768E-16
7790.51476716996  1.588654E-16
7792.37678527832  1.648648E-16
7794.23880338669  1.602454E-16
7796.10082149506  1.576749E-16
7797.96283960343  1.628814E-16
7799.8248577118  1.733716E-16
7801.68687582016  1.616765E-16
7803.54889392853  1.675736E-16
7805.4109120369  1.741815E-16
7807.27293014527  1.602716E-16
7809.13494825363  1.934953E-16
7810.996966362  1.727280E-16
7812.85898447037  1.833236E-16
7814.72100257874  1.911329E-16
7816.58302068711  2.002384E-16
7818.44503879547  1.976491E-16
7820.30705690384  1.933306E-16
7822.16907501221  1.923274E-16
7824.03109312058  2.015836E-16
7825.89311122895  1.850133E-16
7827.75512933731  1.839511E-16
7829.61714744568  1.892334E-16
7831.47916555405  1.769413E-16
7833.34118366242  1.550307E-16
7835.20320177079  1.675620E-16
7837.06521987915  1.729897E-16
7838.92723798752  1.506927E-16
7840.78925609589  1.531772E-16
7842.65127420426  1.558394E-16
7844.51329231263  1.581023E-16
7846.37531042099  1.461338E-16
7848.23732852936  1.574770E-16
7850.09934663773  1.557761E-16
7851.9613647461  1.640259E-16
7853.82338285447  1.795172E-16
7855.68540096283  1.718231E-16
7857.5474190712  1.851433E-16
7859.40943717957  1.687442E-16
7861.27145528794  1.767380E-16
7863.1334733963  1.884825E-16
7864.99549150467  1.775975E-16
7866.85750961304  1.971615E-16
7868.71952772141  2.036799E-16
7870.58154582978  1.895560E-16
7872.44356393814  1.860792E-16
7874.30558204651  1.930331E-16
7876.16760015488  1.796831E-16
7878.02961826325  1.925367E-16
7879.89163637162  1.894142E-16
7881.75365447998  1.966250E-16
7883.61567258835  1.838829E-16
7885.47769069672  1.782598E-16
7887.33970880509  1.807496E-16
7889.20172691346  1.694287E-16
7891.06374502182  1.620845E-16
7892.92576313019  1.558396E-16
7894.78778123856  1.515605E-16
7896.64979934693  1.536901E-16
7898.5118174553  1.531415E-16
7900.37383556366  1.547037E-16
7902.23585367203  1.557133E-16
7904.0978717804  1.399704E-16
7905.95988988877  1.528423E-16
7907.82190799714  1.728441E-16
7909.6839261055  1.669562E-16
7911.54594421387  1.533252E-16
7913.40796232224  1.534442E-16
7915.26998043061  1.686242E-16
7917.13199853897  1.705263E-16
7918.99401664734  1.645830E-16
7920.85603475571  1.559397E-16
7922.71805286408  1.683126E-16
7924.58007097245  1.801997E-16
7926.44208908081  1.886590E-16
7928.30410718918  1.971721E-16
7930.16612529755  1.820012E-16
7932.02814340592  1.835196E-16
7933.89016151429  1.945508E-16
7935.75217962265  1.870072E-16
7937.61419773102  1.815095E-16
7939.47621583939  1.907750E-16
7941.33823394776  1.857223E-16
7943.20025205613  1.854526E-16
7945.06227016449  1.628906E-16
7946.92428827286  1.636226E-16
7948.78630638123  1.577164E-16
7950.6483244896  1.516413E-16
7952.51034259797  1.431564E-16
7954.37236070633  1.577498E-16
7956.2343788147  1.607783E-16
7958.09639692307  1.565163E-16
7959.95841503144  1.499590E-16
7961.82043313981  1.509125E-16
7963.68245124817  1.450583E-16
7965.54446935654  1.434792E-16
7967.40648746491  1.522954E-16
7969.26850557328  1.484735E-16
7971.13052368164  1.482052E-16
7972.99254179001  1.626003E-16
7974.85455989838  1.658577E-16
7976.71657800675  1.699293E-16
7978.57859611512  1.813524E-16
7980.44061422348  1.707075E-16
7982.30263233185  1.704885E-16
7984.16465044022  1.789941E-16
7986.02666854859  1.610460E-16
7987.88868665696  1.712025E-16
7989.75070476532  1.744228E-16
7991.61272287369  1.772375E-16
7993.47474098206  1.988799E-16
7995.33675909043  1.860846E-16
7997.1987771988  1.534369E-16
7999.06079530716  1.475775E-16
8000.92281341553  1.445429E-16
8002.7848315239  1.390097E-16
8004.64684963227  1.483370E-16
8006.50886774064  1.364998E-16
8008.370885849  1.400836E-16
8010.23290395737  1.335937E-16
8012.09492206574  1.344168E-16
8013.95694017411  1.418135E-16
8015.81895828248  1.526862E-16
8017.68097639084  1.620785E-16
8019.54299449921  1.478982E-16
8021.40501260758  1.549614E-16
8023.26703071595  1.832992E-16
8025.12904882432  1.791040E-16
8026.99106693268  1.804185E-16
8028.85308504105  1.608899E-16
8030.71510314942  1.629208E-16
8032.57712125779  1.728425E-16
8034.43913936615  1.747314E-16
8036.30115747452  1.780976E-16
8038.16317558289  1.603829E-16
8040.02519369126  1.534522E-16
8041.88721179962  1.330500E-16
8043.74922990799  1.316426E-16
8045.61124801636  1.409161E-16
8047.47326612473  1.390097E-16
8049.3352842331  1.559883E-16
8051.19730234146  1.404768E-16
8053.05932044983  1.554072E-16
8054.9213385582  1.665969E-16
8056.78335666657  1.684528E-16
8058.64537477494  1.646153E-16
8060.5073928833  1.755837E-16
8062.36941099167  1.828269E-16
8064.23142910004  1.870460E-16
8066.09344720841  1.657896E-16
8067.95546531678  1.633518E-16
8069.81748342514  1.635429E-16
8071.67950153351  1.585143E-16
8073.54151964188  1.641730E-16
8075.40353775025  1.500719E-16
8077.26555585862  1.526692E-16
8079.12757396698  1.533465E-16
8080.98959207535  1.354895E-16
8082.85161018372  1.386287E-16
8084.71362829209  1.324379E-16
8086.57564640046  1.447472E-16
8088.43766450882  1.438794E-16
8090.29968261719  1.346178E-16
8092.16170072556  1.443075E-16
8094.02371883393  1.310284E-16
8095.88573694229  1.250526E-16
8097.74775505066  1.401665E-16
8099.60977315903  1.424550E-16
8101.4717912674  1.307621E-16
8103.33380937577  1.291503E-16
8105.19582748414  1.405781E-16
8107.0578455925  1.415108E-16
8108.91986370087  1.339618E-16
8110.78188180924  1.320642E-16
8112.64389991761  1.589170E-16
8114.50591802597  1.540126E-16
8116.36793613434  1.568407E-16
8118.22995424271  1.599463E-16
8120.09197235108  1.589077E-16
8121.95399045945  1.601916E-16
8123.81600856781  1.468195E-16
8125.67802667618  1.557924E-16
8127.54004478455  1.709344E-16
8129.40206289292  1.486689E-16
8131.26408100129  1.450184E-16
8133.12609910965  1.367472E-16
8134.98811721802  1.525192E-16
8136.85013532639  1.422772E-16
8138.71215343476  1.345183E-16
8140.57417154313  1.460456E-16
8142.43618965149  1.555470E-16
8144.29820775986  1.571335E-16
8146.16022586823  1.373696E-16
8148.0222439766  1.545343E-16
8149.88426208496  1.428684E-16
8151.74628019333  1.287602E-16
8153.6082983017  1.262656E-16
8155.47031641007  1.290176E-16
8157.33233451844  1.210033E-16
8159.1943526268  1.199389E-16
8161.05637073517  1.203182E-16
8162.91838884354  1.003299E-16
8164.78040695191  1.156456E-16
8166.64242506028  1.251691E-16
8168.50444316864  1.271651E-16
8170.36646127701  1.295519E-16
8172.22847938538  1.288670E-16
8174.09049749375  1.294350E-16
8175.95251560212  1.151607E-16
8177.81453371048  1.077916E-16
8179.67655181885  1.144982E-16
8181.53856992722  1.353823E-16
8183.40058803559  1.234799E-16
8185.26260614396  1.182898E-16
8187.12462425232  1.250881E-16
8188.98664236069  1.163430E-16
8190.84866046906  1.237744E-16
8192.71067857743  1.107464E-16
8194.5726966858  1.134535E-16
8196.43471479416  1.054125E-16
8198.29673290253  1.024810E-16
8200.1587510109  1.206346E-16
8202.02076911927  1.321101E-16
8203.88278722763  1.159474E-16
8205.744805336  1.039899E-16
8207.60682344437  1.187355E-16
8209.46884155274  1.489891E-16
8211.33085966111  1.340568E-16
8213.19287776947  1.382586E-16
8215.05489587784  1.349681E-16
8216.91691398621  1.336160E-16
8218.77893209458  1.335330E-16
8220.64095020295  1.418863E-16
8222.50296831131  1.373496E-16
8224.36498641968  1.267265E-16
8226.22700452805  1.132627E-16
8228.08902263642  1.291923E-16
8229.95104074479  1.345570E-16
8231.81305885315  1.291480E-16
8233.67507696152  1.388985E-16
8235.53709506989  1.403034E-16
8237.39911317826  1.468861E-16
8239.26113128663  1.500383E-16
8241.12314939499  1.440689E-16
8242.98516750336  1.332156E-16
8244.84718561173  1.340507E-16
8246.7092037201  1.388794E-16
8248.57122182847  1.426727E-16
8250.43323993683  1.373533E-16
8252.2952580452  1.422385E-16
8254.15727615357  1.269654E-16
8256.01929426194  1.274814E-16
8257.88131237031  1.221284E-16
8259.74333047867  1.225931E-16
8261.60534858704  1.434456E-16
8263.46736669541  1.251365E-16
8265.32938480378  1.233328E-16
8267.19140291214  1.164545E-16
8269.05342102051  1.092371E-16
8270.91543912888  1.140843E-16
8272.77745723725  1.181679E-16
8274.63947534561  1.168632E-16
8276.50149345398  1.277300E-16
8278.36351156235  1.270067E-16
8280.22552967072  1.288171E-16
8282.08754777909  1.238161E-16
8283.94956588745  1.248993E-16
8285.81158399582  1.337322E-16
8287.67360210419  1.220476E-16
8289.53562021256  1.281573E-16
8291.39763832093  1.459036E-16
8293.25965642929  1.558145E-16
8295.12167453766  1.485399E-16
8296.98369264603  1.666095E-16
8298.8457107544  1.672747E-16
8300.70772886277  1.634462E-16
8302.56974697113  1.523532E-16
8304.4317650795  1.438403E-16
8306.29378318787  1.305719E-16
8308.15580129624  1.476207E-16
8310.01781940461  1.357051E-16
8311.87983751297  1.476119E-16
8313.74185562134  1.474021E-16
8315.60387372971  1.339981E-16
8317.46589183808  1.204032E-16
8319.32790994645  1.207297E-16
8321.18992805481  1.292745E-16
8323.05194616318  1.365466E-16
8324.91396427155  1.393060E-16
8326.77598237992  1.384148E-16
8328.63800048828  1.208923E-16
8330.50001859665  1.128126E-16
8332.36203670502  1.166783E-16
8334.22405481339  1.156461E-16
8336.08607292176  1.078932E-16
8337.94809103013  1.214196E-16
8339.81010913849  1.331511E-16
8341.67212724686  1.260997E-16
8343.53414535523  1.255361E-16
8345.3961634636  1.251996E-16
8347.25818157196  1.309807E-16
8349.12019968033  1.177521E-16
8350.9822177887  1.127782E-16
8352.84423589707  1.418555E-16
8354.70625400544  1.422007E-16
8356.5682721138  1.505396E-16
8358.43029022217  1.562413E-16
8360.29230833054  1.681729E-16
8362.15432643891  1.491915E-16
8364.01634454728  1.601842E-16
8365.87836265564  1.622113E-16
8367.74038076401  1.643630E-16
8369.60239887238  1.667832E-16
8371.46441698075  1.573539E-16
8373.32643508912  1.558192E-16
8375.18845319748  1.518132E-16
8377.05047130585  1.508064E-16
8378.91248941422  1.631023E-16
8380.77450752259  1.472644E-16
8382.63652563095  1.496562E-16
8384.49854373932  1.413987E-16
8386.36056184769  1.401529E-16
8388.22257995606  1.199969E-16
8390.08459806443  1.304161E-16
8391.94661617279  1.362887E-16
8393.80863428116  1.330022E-16
8395.67065238953  1.330711E-16
8397.5326704979  1.100362E-16
8399.39468860627  1.048869E-16
8401.25670671463  1.185952E-16
8403.118724823  1.256500E-16
8404.98074293137  1.109094E-16
8406.84276103974  1.333942E-16
8408.70477914811  1.461506E-16
8410.56679725647  1.343203E-16
8412.42881536484  1.717907E-16
8414.29083347321  1.478423E-16
8416.15285158158  1.468077E-16
8418.01486968995  1.492145E-16
8419.87688779831  1.324944E-16
8421.73890590668  1.393738E-16
8423.60092401505  1.487484E-16
8425.46294212342  1.705512E-16
8427.32496023179  1.528663E-16
8429.18697834015  1.573047E-16
8431.04899644852  1.889781E-16
8432.91101455689  1.681987E-16
8434.77303266526  1.584913E-16
8436.63505077362  1.706357E-16
8438.49706888199  1.561865E-16
8440.35908699036  1.551193E-16
8442.22110509873  1.624484E-16
8444.0831232071  1.586908E-16
8445.94514131546  1.664355E-16
8447.80715942383  1.573683E-16
8449.6691775322  1.437947E-16
8451.53119564057  1.482896E-16
8453.39321374894  1.574932E-16
8455.2552318573  1.432969E-16
8457.11724996567  1.528908E-16
8458.97926807404  1.582877E-16
8460.84128618241  1.597393E-16
8462.70330429078  1.545629E-16
8464.56532239914  1.742985E-16
8466.42734050751  1.507108E-16
8468.28935861588  1.311490E-16
8470.15137672425  1.337753E-16
8472.01339483262  1.179577E-16
8473.87541294098  1.222022E-16
8475.73743104935  1.421222E-16
8477.59944915772  1.251260E-16
8479.46146726609  1.254133E-16
8481.32348537446  1.333419E-16
8483.18550348282  1.119786E-16
8485.04752159119  1.065412E-16
8486.90953969956  1.296098E-16
8488.77155780793  1.283329E-16
8490.6335759163  1.049378E-16
8492.49559402466  1.037807E-16
8494.35761213303  1.117688E-16
8496.2196302414  1.347770E-16
8498.08164834977  1.371016E-16
8499.94366645813  1.389174E-16
8501.8056845665  1.514919E-16
8503.66770267487  1.677595E-16
8505.52972078324  1.692193E-16
8507.3917388916  1.593057E-16
8509.25375699997  1.454724E-16
8511.11577510834  1.322540E-16
8512.97779321671  1.172100E-16
8514.83981132508  1.007022E-16
8516.70182943344  1.223209E-16
8518.56384754181  1.506772E-16
8520.42586565018  1.704832E-16
8522.28788375855  1.541991E-16
8524.14990186692  1.577593E-16
8526.01191997528  1.520215E-16
8527.87393808365  1.532808E-16
8529.73595619202  1.568317E-16
8531.59797430039  1.570637E-16
8533.45999240876  1.618745E-16
8535.32201051712  1.447794E-16
8537.18402862549  1.588573E-16
8539.04604673386  1.712216E-16
8540.90806484223  1.659994E-16
8542.7700829506  1.641730E-16
8544.63210105896  1.731743E-16
8546.49411916733  1.712426E-16
8548.3561372757  1.713117E-16
8550.21815538407  1.636235E-16
8552.08017349244  1.480102E-16
8553.9421916008  1.624603E-16
8555.80420970917  1.601439E-16
8557.66622781754  1.601461E-16
8559.52824592591  1.486981E-16
8561.39026403427  1.594197E-16
8563.25228214264  1.554627E-16
8565.11430025101  1.589865E-16
8566.97631835938  1.485279E-16
8568.83833646775  1.301914E-16
8570.70035457612  1.221184E-16
8572.56237268448  1.505648E-16
8574.42439079285  1.316691E-16
8576.28640890122  1.186931E-16
8578.14842700959  1.329360E-16
8580.01044511795  1.350986E-16
8581.87246322632  1.284427E-16
8583.73448133469  1.185682E-16
8585.59649944306  1.405800E-16
8587.45851755143  1.226144E-16
8589.32053565979  1.184218E-16
8591.18255376816  1.052529E-16
8593.04457187653  1.260958E-16
8594.9065899849  1.540586E-16
8596.76860809327  1.194194E-16
8598.63062620163  1.206866E-16
8600.49264431  1.189166E-16
8602.35466241837  1.106392E-16
8604.21668052674  1.108019E-16
8606.07869863511  1.079069E-16
8607.94071674347  1.199543E-16
8609.80273485184  1.061265E-16
8611.66475296021  1.005518E-16
8613.52677106858  6.336390E-17
8615.38878917694  1.021133E-16
8617.25080728531  1.158232E-16
8619.11282539368  1.015614E-16
8620.97484350205  1.179837E-16
8622.83686161042  1.125615E-16
8624.69887971878  8.529522E-17
8626.56089782715  1.146247E-16
8628.42291593552  1.497429E-16
8630.28493404389  1.527506E-16
8632.14695215226  1.635290E-16
8634.00897026062  1.696208E-16
8635.87098836899  1.389635E-16
8637.73300647736  1.321346E-16
8639.59502458573  1.389394E-16
8641.4570426941  1.318698E-16
8643.31906080246  1.588204E-16
8645.18107891083  1.586261E-16
8647.0430970192  1.536884E-16
8648.90511512757  1.612708E-16
8650.76713323594  1.458005E-16
8652.6291513443  1.404916E-16
8654.49116945267  1.435133E-16
8656.35318756104  1.846312E-16
8658.21520566941  1.720650E-16
8660.07722377778  1.548036E-16
8661.93924188614  1.502503E-16
8663.80125999451  1.468372E-16
8665.66327810288  1.307483E-16
8667.52529621125  1.157343E-16
8669.38731431961  1.102398E-16
8671.24933242798  1.506145E-16
8673.11135053635  1.286864E-16
8674.97336864472  9.141692E-17
8676.83538675309  1.003890E-16
8678.69740486145  1.043190E-16
8680.55942296982  9.391860E-17
8682.42144107819  9.786637E-17
8684.28345918656  1.090773E-16
8686.14547729493  1.332574E-16
8688.00749540329  1.275490E-16
8689.86951351166  1.444721E-16
8691.73153162003  1.093938E-16
8693.5935497284  1.040301E-16
8695.45556783677  1.263735E-16
8697.31758594513  1.418299E-16
8699.1796040535  1.408344E-16
8701.04162216187  1.409390E-16
8702.90364027024  1.460802E-16
8704.76565837861  1.330443E-16
8706.62767648697  1.431562E-16
8708.48969459534  1.626696E-16
8710.35171270371  1.601080E-16
8712.21373081208  1.489183E-16
8714.07574892045  1.624902E-16
8715.93776702881  1.665844E-16
8717.79978513718  1.733249E-16
8719.66180324555  1.521638E-16
8721.52382135392  1.535726E-16
8723.38583946229  1.460646E-16
8725.24785757065  1.638585E-16
8727.10987567902  1.413006E-16
8728.97189378739  1.450443E-16
8730.83391189576  9.965718E-17
8732.69593000412  1.213861E-16
8734.55794811249  1.313890E-16
8736.41996622086  1.289953E-16
8738.28198432923  1.242800E-16
8740.14400243759  1.384709E-16
8742.00602054596  1.463692E-16
8743.86803865433  1.240099E-16
8745.7300567627  1.279305E-16
8747.59207487107  1.385005E-16
8749.45409297943  1.119347E-16
8751.3161110878  1.093628E-16
8753.17812919617  1.009556E-16
8755.04014730454  1.147260E-16
8756.90216541291  1.243925E-16
8758.76418352127  9.122519E-17
8760.62620162964  1.187241E-16
8762.48821973801  1.230585E-16
8764.35023784638  1.058894E-16
8766.21225595475  9.989105E-17
8768.07427406311  9.882851E-17
8769.93629217148  1.293335E-16
8771.79831027985  1.133762E-16
8773.66032838822  1.143409E-16
8775.52234649659  8.616813E-17
8777.38436460495  8.801785E-17
8779.24638271332  9.825480E-17
8781.10840082169  1.314028E-16
8782.97041893006  1.210484E-16
8784.83243703843  1.166669E-16
8786.69445514679  9.979246E-17
8788.55647325516  1.156721E-16
8790.41849136353  1.204202E-16
8792.2805094719  9.104794E-17
8794.14252758026  9.743208E-17
8796.00454568863  1.257025E-16
8797.866563797  1.166282E-16
8799.72858190537  1.399599E-16
