#n   age/yr      logL   logTef grav    logTc  logrho Xc     Yc     Xc_C   Xc_O   Q_conv Q_disc L_H/L Q1_H Q2_H L_He/L Q1_He Q2_He L_C/L L_nu/L Q_Tmax phase
#(1) (2)         (3)    (4)    (5)     (6)    (7)    (8)    (9)    (10)   (11)   (12)   (13)   (14) (15)  (16) (17)   (18)  (19)  (20)  (21)   (22)   (23) 
  1 1.656944e-04 1.4255 4.1176 4.7077  7.3807 2.0049 0.7390 0.2609 0.0000 0.0000 0.238 0.000  0.978 0.000 0.615 0.000 0.000 0.000 0.000 0.000 0.000 bms
  2 8.907058e+07 1.4503 4.1186 4.6869  7.3906 2.0168 0.6911 0.3088 0.0000 0.0000 0.233 0.597  1.001 0.000 0.672 0.000 0.000 0.000 0.000 0.000 0.000 
  3 1.819486e+08 1.4843 4.1218 4.6657  7.4036 2.0391 0.6409 0.3590 0.0000 0.0000 0.228 0.672  1.001 0.000 0.672 0.000 0.000 0.000 0.000 0.000 0.000 
  4 2.631526e+08 1.5245 4.1256 4.6407  7.4201 2.0698 0.5820 0.4179 0.0000 0.0000 0.221 0.707  1.001 0.000 0.672 0.000 0.000 0.000 0.000 0.000 0.000 
  5 3.371662e+08 1.5626 4.1283 4.6134  7.4360 2.1002 0.5249 0.4750 0.0000 0.0000 0.209 0.726  1.001 0.000 0.662 0.000 0.000 0.000 0.000 0.000 0.000 
  6 3.851524e+08 1.5920 4.1291 4.5872  7.4480 2.1228 0.4786 0.5213 0.0000 0.0000 0.198 0.738  1.001 0.000 0.643 0.000 0.000 0.000 0.000 0.000 0.000 tmaxms
  7 4.519379e+08 1.6314 4.1277 4.5422  7.4639 2.1488 0.4106 0.5893 0.0000 0.0000 0.191 0.749  1.001 0.000 0.606 0.000 0.000 0.000 0.000 0.000 0.000 
  8 5.081472e+08 1.6693 4.1236 4.4879  7.4786 2.1724 0.3417 0.6582 0.0000 0.0000 0.180 0.760  1.002 0.000 0.568 0.000 0.000 0.000 0.000 0.000 0.000 
  9 5.533475e+08 1.7032 4.1172 4.4284  7.4921 2.1942 0.2759 0.7240 0.0000 0.0000 0.168 0.765  1.002 0.000 0.516 0.000 0.000 0.000 0.000 0.000 0.000 
 10 5.894740e+08 1.7318 4.1095 4.3690  7.5046 2.2163 0.2162 0.7837 0.0000 0.0000 0.157 0.765  1.002 0.000 0.478 0.000 0.000 0.000 0.000 0.000 0.000 
 11 6.184937e+08 1.7551 4.1015 4.3137  7.5164 2.2394 0.1643 0.8356 0.0000 0.0000 0.147 0.765  1.002 0.000 0.438 0.000 0.000 0.000 0.000 0.000 0.000 
 12 6.429525e+08 1.7783 4.0926 4.2549  7.5307 2.2719 0.1107 0.8892 0.0000 0.0000 0.136 0.765  1.002 0.000 0.401 0.000 0.000 0.000 0.000 0.000 0.000 
 13 6.668242e+08 1.8027 4.0847 4.1989  7.5529 2.3297 0.0540 0.9459 0.0000 0.0000 0.123 0.771  1.001 0.000 0.369 0.000 0.000 0.000 0.000 0.000 0.000 
 14 6.717437e+08 1.8090 4.0841 4.1902  7.5608 2.3524 0.0407 0.9592 0.0000 0.0000 0.119 0.771  1.000 0.000 0.363 0.000 0.000 0.000 0.000 0.000 0.000 tminms
 15 6.815731e+08 1.8296 4.0922 4.2020  7.5947 2.4557 0.0110 0.9889 0.0000 0.0000 0.110 0.771  0.990 0.000 0.382 0.000 0.000 0.000 0.000 0.000 0.000 
 16 6.836009e+08 1.8421 4.1023 4.2299  7.6161 2.5288 0.0045 0.9954 0.0000 0.0000 0.105 0.771  0.971 0.000 0.426 0.000 0.000 0.000 0.000 0.000 0.000 
 17 6.844556e+08 1.8545 4.1113 4.2535  7.6333 2.5950 0.0021 0.9979 0.0000 0.0000 0.099 0.771  0.940 0.000 0.471 0.000 0.000 0.000 0.000 0.000 0.000 
 18 6.848920e+08 1.8700 4.1203 4.2740  7.6509 2.6783 0.0008 0.9991 0.0000 0.0000 0.088 0.771  0.886 0.000 0.568 0.000 0.000 0.000 0.000 0.000 0.000 
 19 6.852004e+08 1.8886 4.1283 4.2874  7.6644 2.9068 0.0001 0.9998 0.0000 0.0000 0.025 0.771  0.925 0.000 0.662 0.000 0.000 0.000 0.000 0.000 0.000 tmaxlms
 20 6.853575e+08 1.8701 4.1193 4.2699  7.6262 3.0979 0.0000 0.9999 0.0000 0.0000 0.000 0.771  1.157 0.001 0.624 0.000 0.000 0.000 0.000 0.000 0.000 
 21 6.853927e+08 1.8683 4.1166 4.2609  7.6227 3.1262 0.0000 0.9999 0.0000 0.0000 0.000 0.771  1.151 0.003 0.615 0.000 0.000 0.000 0.000 0.000 0.000 lminsgb
 22 6.855549e+08 1.8856 4.1083 4.2104  7.6151 3.2224 0.0000 0.9999 0.0000 0.0000 0.000 0.771  1.110 0.013 0.578 0.000 0.000 0.000 0.000 0.000 0.000 
 23 6.858041e+08 1.9111 4.0997 4.1505  7.6083 3.3284 0.0000 0.9999 0.0000 0.0000 0.000 0.771  1.067 0.025 0.502 0.000 0.000 0.000 0.000 0.000 0.000 
 24 6.861956e+08 1.9258 4.0913 4.1022  7.6037 3.4228 0.0000 0.9999 0.0000 0.0000 0.000 0.771  1.044 0.035 0.462 0.000 0.000 0.000 0.000 0.000 0.000 
 25 6.867615e+08 1.9387 4.0805 4.0461  7.6019 3.5358 0.0000 0.9999 0.0000 0.0000 0.000 0.771  1.028 0.049 0.432 0.000 0.000 0.000 0.000 0.000 0.000 
 26 6.874622e+08 1.9469 4.0712 4.0007  7.6050 3.6250 0.0000 0.9999 0.0000 0.0000 0.000 0.771  1.022 0.061 0.414 0.000 0.000 0.000 0.000 0.000 0.000 
 27 6.882250e+08 1.9537 4.0623 3.9583  7.6117 3.7039 0.0000 0.9999 0.0000 0.0000 0.000 0.771  1.019 0.070 0.395 0.000 0.000 0.000 0.000 0.000 0.000 
 28 6.889554e+08 1.9609 4.0511 3.9063  7.6239 3.7920 0.0000 0.9999 0.0000 0.0000 0.000 0.771  1.018 0.080 0.369 0.000 0.000 0.000 0.000 0.000 0.000 
 29 6.896162e+08 1.9657 4.0426 3.8675  7.6349 3.8518 0.0000 0.9999 0.0000 0.0000 0.000 0.771  1.018 0.088 0.357 0.000 0.000 0.000 0.000 0.000 0.000 
 30 6.901916e+08 1.9703 4.0329 3.8241  7.6480 3.9122 0.0000 0.9999 0.0000 0.0000 0.000 0.771  1.019 0.094 0.337 0.000 0.000 0.000 0.000 0.000 0.000 
 31 6.906946e+08 1.9745 4.0220 3.7763  7.6628 3.9729 0.0000 0.9999 0.0000 0.0000 0.000 0.771  1.021 0.099 0.317 0.000 0.000 0.000 0.000 0.000 0.000 
 32 6.911360e+08 1.9784 4.0095 3.7224  7.6792 4.0339 0.0000 0.9999 0.0000 0.0000 0.000 0.771  1.023 0.104 0.298 0.000 0.000 0.000 0.000 0.000 0.000 
 33 6.915196e+08 1.9803 4.0026 3.6929  7.6879 4.0644 0.0000 0.9999 0.0000 0.0000 0.000 0.771  1.024 0.106 0.288 0.000 0.000 0.000 0.000 0.000 0.000 
 34 6.918619e+08 1.9820 3.9952 3.6616  7.6968 4.0949 0.0000 0.9999 0.0000 0.0000 0.000 0.771  1.026 0.108 0.278 0.000 0.000 0.000 0.000 0.000 0.000 
 35 6.921715e+08 1.9849 3.9787 3.5927  7.7153 4.1557 0.0000 0.9999 0.0000 0.0000 0.000 0.771  1.029 0.112 0.262 0.000 0.000 0.000 0.000 0.000 0.000 
 36 6.924507e+08 1.9861 3.9696 3.5551  7.7248 4.1861 0.0000 0.9999 0.0000 0.0000 0.000 0.771  1.030 0.113 0.253 0.000 0.000 0.000 0.000 0.000 0.000 
 37 6.927034e+08 1.9872 3.9597 3.5144  7.7344 4.2164 0.0000 0.9999 0.0000 0.0000 0.000 0.771  1.032 0.116 0.245 0.000 0.000 0.000 0.000 0.000 0.000 
 38 6.929358e+08 1.9880 3.9479 3.4664  7.7450 4.2495 0.0000 0.9999 0.0000 0.0000 0.000 0.771  1.034 0.118 0.238 0.000 0.000 0.000 0.000 0.000 0.000 
 39 6.931529e+08 1.9882 3.9388 3.4298  7.7528 4.2736 0.0000 0.9999 0.0000 0.0000 0.000 0.771  1.036 0.121 0.233 0.000 0.000 0.000 0.000 0.000 0.000 
 40 6.933512e+08 1.9884 3.9282 3.3872  7.7613 4.2994 0.0000 0.9999 0.0000 0.0000 0.000 0.771  1.038 0.122 0.224 0.000 0.000 0.000 0.000 0.000 0.000 
 41 6.933838e+08 1.9884 3.9282 3.3872  7.7613 4.2994 0.0000 0.9999 0.0000 0.0000 0.000 0.771  1.038 0.122 0.224 0.000 0.000 0.000 0.000 0.000 0.000 lmaxsgb
 42 6.935640e+08 1.9884 3.9161 3.3388  7.7702 4.3265 0.0000 0.9999 0.0000 0.0000 0.000 0.771  1.040 0.124 0.218 0.000 0.000 0.000 0.000 0.000 0.000 
 43 6.937320e+08 1.9882 3.9110 3.3186  7.7738 4.3374 0.0000 0.9999 0.0000 0.0000 0.000 0.771  1.041 0.125 0.216 0.000 0.000 0.000 0.000 0.000 0.000 
 44 6.938883e+08 1.9878 3.8982 3.2678  7.7821 4.3627 0.0000 0.9999 0.0000 0.0000 0.000 0.771  1.042 0.126 0.211 0.000 0.000 0.000 0.000 0.000 0.000 
 45 6.940343e+08 1.9873 3.8904 3.2371  7.7869 4.3772 0.0000 0.9999 0.0000 0.0000 0.000 0.771  1.044 0.128 0.209 0.000 0.000 0.000 0.000 0.000 0.000 
 46 6.941700e+08 1.9866 3.8812 3.2010  7.7922 4.3932 0.0000 0.9999 0.0000 0.0000 0.000 0.771  1.045 0.129 0.205 0.000 0.000 0.000 0.000 0.000 0.000 
 47 6.943015e+08 1.9848 3.8642 3.1348  7.8013 4.4207 0.0000 0.9999 0.0000 0.0000 0.000 0.771  1.048 0.130 0.201 0.000 0.000 0.000 0.000 0.000 0.000 
 48 6.944229e+08 1.9837 3.8560 3.1031  7.8053 4.4329 0.0000 0.9999 0.0000 0.0000 0.000 0.771  1.050 0.132 0.199 0.000 0.000 0.000 0.000 0.000 0.000 
 49 6.945365e+08 1.9824 3.8471 3.0688  7.8094 4.4455 0.0000 0.9999 0.0000 0.0000 0.000 0.771  1.052 0.133 0.198 0.000 0.000 0.000 0.000 0.000 0.000 
 50 6.946446e+08 1.9803 3.8344 3.0201  7.8149 4.4624 0.0000 0.9999 0.0000 0.0000 0.000 0.771  1.054 0.134 0.195 0.000 0.000 0.000 0.000 0.000 0.000 
 51 6.947444e+08 1.9794 3.8291 2.9998  7.8171 4.4691 0.0000 0.9999 0.0000 0.0000 0.000 0.771  1.055 0.134 0.194 0.000 0.000 0.000 0.000 0.000 0.000 
 52 6.948416e+08 1.9769 3.8161 2.9503  7.8222 4.4847 0.0000 0.9999 0.0000 0.0000 0.000 0.771  1.058 0.136 0.191 0.000 0.000 0.000 0.000 0.000 0.000 
 53 6.949394e+08 1.9753 3.8084 2.9211  7.8251 4.4937 0.0000 0.9999 0.0000 0.0000 0.000 0.771  1.059 0.136 0.190 0.000 0.000 0.000 0.000 0.000 0.000 
 54 6.950448e+08 1.9732 3.8002 2.8904  7.8282 4.5035 0.0000 0.9999 0.0000 0.0000 0.000 0.771  1.061 0.136 0.189 0.000 0.000 0.000 0.000 0.000 0.000 
 55 6.951760e+08 1.9675 3.7842 2.8321  7.8354 4.5260 0.0000 0.9999 0.0000 0.0000 0.000 0.771  1.066 0.138 0.187 0.000 0.000 0.000 0.000 0.000 0.000 
 56 6.953475e+08 1.9633 3.7774 2.8091  7.8395 4.5390 0.0000 0.9999 0.0000 0.0000 0.000 0.771  1.069 0.139 0.185 0.000 0.000 0.000 0.000 0.000 0.000 
 57 6.955554e+08 1.9510 3.7655 2.7738  7.8485 4.5676 0.0000 0.9999 0.0000 0.0000 0.000 0.771  1.080 0.140 0.183 0.000 0.000 0.000 0.000 0.000 0.000 
 58 6.957956e+08 1.9292 3.7535 2.7476  7.8597 4.6037 0.0000 0.9999 0.0000 0.0000 0.000 0.771  1.097 0.143 0.180 0.000 0.000 0.000 0.000 0.000 0.000 
 59 6.961306e+08 1.9145 3.7448 2.7275  7.8705 4.6393 0.0000 0.9999 0.0000 0.0000 0.000 0.771  1.094 0.145 0.178 0.000 0.000 0.000 0.000 0.000 0.000 brgb
 60 6.965341e+08 1.9354 3.7371 2.6758  7.8829 4.6831 0.0000 0.9999 0.0000 0.0000 0.000 0.755  1.035 0.147 0.176 0.000 0.000 0.000 0.000 0.000 0.000 
 61 6.969814e+08 1.9751 3.7327 2.6185  7.8954 4.7318 0.0000 0.9999 0.0000 0.0000 0.000 0.648  1.000 0.150 0.175 0.000 0.000 0.000 0.000 0.000 0.000 
 62 6.974815e+08 2.0138 3.7300 2.5690  7.9065 4.7788 0.0000 0.9999 0.0000 0.0000 0.000 0.552  0.990 0.153 0.174 0.000 0.000 0.000 0.000 0.000 0.000 
 63 6.980055e+08 2.0510 3.7280 2.5238  7.9160 4.8229 0.0000 0.9999 0.0000 0.0000 0.000 0.482  0.986 0.155 0.174 0.000 0.000 0.000 0.000 0.000 0.000 
 64 6.985443e+08 2.0925 3.7260 2.4743  7.9256 4.8706 0.0000 0.9999 0.0000 0.0000 0.000 0.416  0.984 0.158 0.175 0.000 0.000 0.000 0.000 0.000 0.000 
 65 6.990996e+08 2.1300 3.7242 2.4296  7.9337 4.9135 0.0000 0.9999 0.0000 0.0000 0.000 0.366  0.984 0.160 0.175 0.000 0.000 0.000 0.000 0.000 0.000 
 66 6.996658e+08 2.1709 3.7225 2.3819  7.9420 4.9584 0.0000 0.9999 0.0000 0.0000 0.000 0.327  0.984 0.163 0.176 0.000 0.000 0.001 0.000 0.000 0.000 
 67 7.002476e+08 2.2132 3.7207 2.3324  7.9510 5.0038 0.0000 0.9998 0.0001 0.0000 0.000 0.295  0.984 0.166 0.177 0.000 0.000 0.005 0.000 0.000 0.000 
 68 7.008384e+08 2.2532 3.7190 2.2856  7.9644 5.0439 0.0000 0.9994 0.0005 0.0000 0.000 0.275  0.984 0.168 0.179 0.000 0.000 0.010 0.000 0.000 0.000 
 69 7.014126e+08 2.2934 3.7174 2.2390  8.0084 5.0636 0.0000 0.9988 0.0011 0.0000 0.015 0.260  0.982 0.171 0.181 0.013 0.000 0.014 0.000 0.000 0.000 trgb
 70 7.015485e+08 2.2565 3.7190 2.2823  8.0572 4.8855 0.0000 0.9968 0.0031 0.0000 0.088 0.260  0.873 0.172 0.182 0.459 0.000 0.018 0.000 0.000 0.000 
 71 7.015821e+08 2.2199 3.7208 2.3261  8.0554 4.8198 0.0000 0.9960 0.0039 0.0000 0.100 0.260  0.879 0.172 0.183 0.312 0.000 0.018 0.000 0.000 0.000 
 72 7.016253e+08 2.1803 3.7226 2.3729  8.0516 4.7701 0.0000 0.9953 0.0046 0.0000 0.105 0.260  0.906 0.172 0.184 0.193 0.000 0.018 0.000 0.000 0.000 
 73 7.016964e+08 2.1357 3.7245 2.4251  8.0461 4.7219 0.0000 0.9945 0.0054 0.0000 0.105 0.260  0.935 0.172 0.185 0.106 0.000 0.018 0.000 0.000 0.000 
 74 7.018314e+08 2.1006 3.7264 2.4678  8.0407 4.6875 0.0000 0.9938 0.0061 0.0000 0.091 0.260  0.952 0.172 0.186 0.061 0.000 0.018 0.000 0.000 0.000 
 75 7.021153e+08 2.0583 3.7287 2.5193  8.0321 4.6605 0.0000 0.9926 0.0073 0.0000 0.044 0.260  0.965 0.173 0.188 0.027 0.000 0.018 0.000 0.000 0.000 
 76 7.042681e+08 2.0334 3.7303 2.5506  8.0333 4.6803 0.0000 0.9857 0.0141 0.0001 0.042 0.260  0.964 0.175 0.193 0.035 0.000 0.018 0.000 0.000 0.000 
 77 7.084212e+08 1.9969 3.7345 2.6039  8.0375 4.6218 0.0000 0.9660 0.0333 0.0006 0.040 0.260  0.954 0.181 0.202 0.041 0.000 0.018 0.000 0.000 0.000 
 78 7.109287e+08 1.9902 3.7374 2.6222  8.0404 4.5913 0.0000 0.9619 0.0372 0.0008 0.042 0.260  0.947 0.184 0.207 0.046 0.000 0.019 0.000 0.000 0.000 lmincheb
 79 7.163358e+08 2.0101 3.7442 2.6295  8.0456 4.5432 0.0000 0.9417 0.0565 0.0017 0.062 0.260  0.938 0.191 0.216 0.054 0.000 0.020 0.000 0.000 0.000 
 80 7.194871e+08 2.0379 3.7515 2.6309  8.0486 4.5190 0.0000 0.9271 0.0702 0.0026 0.064 0.260  0.934 0.194 0.222 0.057 0.000 0.021 0.000 0.000 0.000 
 81 7.223416e+08 2.0615 3.7600 2.6413  8.0513 4.4981 0.0000 0.9138 0.0827 0.0035 0.067 0.260  0.932 0.198 0.227 0.060 0.000 0.022 0.000 0.000 0.000 
 82 7.248450e+08 2.0812 3.7703 2.6628  8.0540 4.4772 0.0000 0.8994 0.0959 0.0046 0.070 0.260  0.929 0.202 0.233 0.064 0.000 0.023 0.000 0.000 0.000 
 83 7.269185e+08 2.0917 3.7778 2.6823  8.0556 4.4648 0.0000 0.8914 0.1032 0.0053 0.071 0.262  0.928 0.204 0.236 0.067 0.000 0.023 0.000 0.000 0.000 
 84 7.284346e+08 2.1016 3.7891 2.7176  8.0573 4.4520 0.0000 0.8820 0.1117 0.0062 0.073 0.262  0.925 0.206 0.240 0.070 0.000 0.024 0.000 0.000 0.000 
 85 7.297392e+08 2.1078 3.7982 2.7478  8.0584 4.4435 0.0000 0.8758 0.1173 0.0068 0.074 0.262  0.923 0.207 0.242 0.072 0.000 0.024 0.000 0.000 0.000 
 86 7.310008e+08 2.1139 3.8085 2.7829  8.0596 4.4349 0.0000 0.8691 0.1233 0.0075 0.076 0.262  0.922 0.209 0.245 0.074 0.000 0.024 0.000 0.000 0.000 
 87 7.323067e+08 2.1199 3.8187 2.8177  8.0609 4.4262 0.0000 0.8615 0.1301 0.0083 0.077 0.262  0.919 0.211 0.248 0.076 0.000 0.025 0.000 0.000 0.000 
 88 7.337672e+08 2.1254 3.8278 2.8486  8.0620 4.4178 0.0000 0.8550 0.1358 0.0091 0.079 0.262  0.918 0.212 0.250 0.079 0.000 0.025 0.000 0.000 0.000 
 89 7.353166e+08 2.1339 3.8410 2.8929  8.0640 4.4046 0.0000 0.8434 0.1461 0.0104 0.081 0.262  0.914 0.215 0.254 0.083 0.000 0.026 0.000 0.000 0.000 
 90 7.371364e+08 2.1389 3.8483 2.9171  8.0652 4.3963 0.0000 0.8365 0.1521 0.0113 0.082 0.262  0.912 0.216 0.256 0.085 0.000 0.026 0.000 0.000 0.000 
 91 7.392911e+08 2.1484 3.8606 2.9568  8.0675 4.3807 0.0000 0.8214 0.1652 0.0133 0.085 0.262  0.907 0.262 0.263 0.090 0.000 0.027 0.000 0.000 0.000 
 92 7.418289e+08 2.1570 3.8703 2.9870  8.0697 4.3661 0.0000 0.8060 0.1785 0.0154 0.088 0.262  0.903 0.222 0.266 0.095 0.000 0.027 0.000 0.000 0.000 
 93 7.448159e+08 2.1679 3.8811 3.0193  8.0726 4.3473 0.0000 0.7859 0.1955 0.0185 0.092 0.264  0.896 0.226 0.272 0.102 0.000 0.028 0.000 0.000 0.000 
 94 7.481410e+08 2.1788 3.8909 3.0476  8.0756 4.3280 0.0000 0.7632 0.2144 0.0222 0.097 0.270  0.889 0.230 0.278 0.110 0.000 0.029 0.000 0.000 0.000 
 95 7.520739e+08 2.1919 3.9010 3.0749  8.0793 4.3054 0.0000 0.7354 0.2371 0.0274 0.101 0.278  0.880 0.234 0.285 0.119 0.000 0.031 0.000 0.000 0.000 
 96 7.561842e+08 2.2043 3.9101 3.0989  8.0829 4.2848 0.0000 0.7077 0.2592 0.0330 0.103 0.285  0.871 0.238 0.293 0.129 0.000 0.032 0.000 0.000 0.000 
 97 7.604056e+08 2.2175 3.9199 3.1249  8.0869 4.2629 0.0000 0.6764 0.2834 0.0401 0.106 0.293  0.860 0.243 0.301 0.140 0.000 0.034 0.000 0.000 0.000 
 98 7.653525e+08 2.2335 3.9298 3.1485  8.0921 4.2377 0.0000 0.6352 0.3142 0.0505 0.109 0.303  0.846 0.248 0.311 0.154 0.000 0.036 0.000 0.000 0.000 
 99 7.756497e+08 2.2641 3.9360 3.1427  8.1034 4.1948 0.0000 0.5387 0.3818 0.0795 0.111 0.322  0.813 0.260 0.325 0.187 0.000 0.039 0.000 0.000 0.000 
100 7.865675e+08 2.2960 3.9423 3.1360  8.1181 4.1552 0.0000 0.4208 0.4517 0.1274 0.118 0.340  0.768 0.271 0.342 0.233 0.000 0.044 0.000 0.000 0.000 
101 7.967518e+08 2.3255 3.9451 3.1177  8.1357 4.1290 0.0000 0.3002 0.5019 0.1978 0.124 0.357  0.715 0.282 0.357 0.286 0.000 0.051 0.000 0.000 0.000 tmaxcheb
102 8.076719e+08 2.3576 3.9400 3.0652  8.1608 4.1244 0.0000 0.1700 0.5089 0.3209 0.128 0.372  0.648 0.294 0.369 0.354 0.000 0.058 0.000 0.000 0.000 
103 8.123384e+08 2.3723 3.9306 3.0129  8.1766 4.1417 0.0000 0.1128 0.4827 0.4044 0.127 0.377  0.619 0.299 0.372 0.382 0.000 0.063 0.000 0.000 0.000 
104 8.149838e+08 2.3809 3.9217 2.9687  8.1865 4.1568 0.0000 0.0866 0.4560 0.4572 0.131 0.381  0.605 0.302 0.374 0.397 0.000 0.065 0.000 0.001 0.000 
105 8.166591e+08 2.3875 3.9114 2.9209  8.1963 4.1768 0.0000 0.0656 0.4311 0.5032 0.133 0.382  0.596 0.304 0.372 0.405 0.000 0.069 0.000 0.001 0.000 
106 8.178897e+08 2.3930 3.9011 2.8742  8.2045 4.1954 0.0000 0.0516 0.4076 0.5407 0.127 0.384  0.590 0.306 0.372 0.412 0.000 0.070 0.000 0.001 0.000 
107 8.184288e+08 2.3952 3.8918 2.8348  8.2113 4.2154 0.0000 0.0406 0.3951 0.5642 0.127 0.384  0.592 0.306 0.371 0.410 0.000 0.072 0.000 0.001 0.000 
108 8.188188e+08 2.3977 3.8815 2.7911  8.2177 4.2346 0.0000 0.0324 0.3838 0.5837 0.127 0.384  0.592 0.307 0.369 0.409 0.000 0.077 0.000 0.001 0.000 
109 8.191364e+08 2.3998 3.8707 2.7458  8.2238 4.2537 0.0000 0.0258 0.3730 0.6011 0.127 0.384  0.594 0.307 0.366 0.407 0.000 0.077 0.000 0.001 0.000 
110 8.193958e+08 2.4017 3.8595 2.6991  8.2297 4.2723 0.0000 0.0205 0.3631 0.6162 0.127 0.384  0.596 0.308 0.364 0.405 0.000 0.077 0.000 0.001 0.000 
111 8.196102e+08 2.4030 3.8499 2.6594  8.2344 4.2876 0.0000 0.0170 0.3557 0.6272 0.127 0.384  0.598 0.308 0.363 0.403 0.000 0.077 0.000 0.001 0.000 
112 8.197876e+08 2.4041 3.8400 2.6187  8.2389 4.3026 0.0000 0.0140 0.3490 0.6368 0.127 0.384  0.601 0.308 0.362 0.400 0.000 0.077 0.000 0.001 0.000 
113 8.199369e+08 2.4049 3.8300 2.5779  8.2433 4.3174 0.0000 0.0116 0.3431 0.6451 0.127 0.384  0.604 0.308 0.360 0.397 0.000 0.077 0.000 0.002 0.000 
114 8.200606e+08 2.4055 3.8195 2.5353  8.2477 4.3323 0.0000 0.0095 0.3379 0.6524 0.127 0.384  0.607 0.308 0.359 0.393 0.000 0.077 0.000 0.002 0.000 
115 8.201640e+08 2.4058 3.8100 2.4970  8.2514 4.3452 0.0000 0.0080 0.3339 0.6579 0.127 0.384  0.611 0.309 0.358 0.390 0.000 0.077 0.000 0.002 0.000 
116 8.202526e+08 2.4059 3.8008 2.4601  8.2549 4.3574 0.0000 0.0068 0.3306 0.6624 0.127 0.384  0.614 0.309 0.357 0.386 0.000 0.078 0.000 0.002 0.000 
117 8.202764e+08 2.4060 3.7952 2.4376  8.2570 4.3647 0.0000 0.0062 0.3288 0.6649 0.127 0.384  0.616 0.309 0.357 0.384 0.000 0.078 0.000 0.002 0.000 lmaxcheb
118 8.203515e+08 2.4059 3.7897 2.4157  8.2591 4.3720 0.0000 0.0056 0.3272 0.6671 0.127 0.384  0.619 0.309 0.356 0.381 0.000 0.078 0.000 0.002 0.000 
119 8.204231e+08 2.4050 3.7749 2.3574  8.2651 4.3935 0.0000 0.0041 0.3230 0.6727 0.127 0.384  0.627 0.309 0.353 0.371 0.000 0.079 0.000 0.002 0.000 
120 8.204997e+08 2.4040 3.7674 2.3284  8.2689 4.4075 0.0000 0.0034 0.3209 0.6756 0.127 0.384  0.633 0.309 0.353 0.364 0.000 0.079 0.000 0.003 0.000 
121 8.205948e+08 2.3989 3.7543 2.2811  8.2796 4.4478 0.0000 0.0018 0.3163 0.6817 0.112 0.384  0.656 0.310 0.349 0.331 0.000 0.079 0.000 0.003 0.000 
122 8.206875e+08 2.3856 3.7445 2.2552  8.2945 4.5103 0.0000 0.0006 0.3128 0.6865 0.091 0.384  0.705 0.310 0.346 0.245 0.127 0.141 0.000 0.004 0.000 
123 8.207584e+08 2.3593 3.7367 2.2503  8.3125 4.6222 0.0000 0.0000 0.3109 0.6890 0.000 0.384  0.796 0.310 0.341 0.027 0.000 0.178 0.000 0.008 0.000 
124 8.208011e+08 2.3422 3.7313 2.2458  8.3156 4.7222 0.0000 0.0000 0.3109 0.6890 0.000 0.384  0.829 0.310 0.338 0.031 0.024 0.184 0.000 0.011 0.000 lmin1cheb
125 8.208459e+08 2.3695 3.7241 2.1897  8.3256 4.8160 0.0000 0.0000 0.3109 0.6890 0.000 0.384  0.769 0.310 0.335 0.092 0.036 0.196 0.000 0.013 0.000 
126 8.208728e+08 2.3952 3.7218 2.1548  8.3288 4.8472 0.0000 0.0000 0.3109 0.6890 0.000 0.384  0.725 0.310 0.334 0.142 0.040 0.198 0.000 0.013 0.000 
127 8.209026e+08 2.4429 3.7179 2.0915  8.3298 4.8932 0.0000 0.0000 0.3109 0.6890 0.000 0.384  0.637 0.310 0.333 0.311 0.049 0.200 0.000 0.012 0.000 
128 8.209482e+08 2.4720 3.7165 2.0568  8.3183 4.9234 0.0000 0.0000 0.3109 0.6890 0.000 0.384  0.518 0.311 0.334 0.515 0.062 0.200 0.000 0.010 0.000 lmaxeagb
129 8.212385e+08 2.4335 3.7200 2.1093  8.2817 5.0532 0.0000 0.0000 0.3109 0.6890 0.000 0.384  0.269 0.312 0.339 0.716 0.077 0.206 0.000 0.008 0.000 
130 8.214924e+08 2.4309 3.7200 2.1119  8.2690 5.1167 0.0000 0.0000 0.3109 0.6890 0.000 0.384  0.162 0.313 0.339 0.836 0.086 0.211 0.000 0.008 0.000 lmineagb
131 8.219563e+08 2.4599 3.7169 2.0705  8.2536 5.2057 0.0000 0.0000 0.3109 0.6890 0.000 0.384  0.029 0.313 0.338 0.993 0.104 0.211 0.000 0.007 0.000 
132 8.222524e+08 2.4925 3.7144 2.0279  8.2464 5.2428 0.0000 0.0000 0.3109 0.6890 0.000 0.384  0.011 0.313 0.336 1.003 0.108 0.212 0.000 0.007 0.000 
133 8.226151e+08 2.5444 3.7111 1.9628  8.2348 5.3012 0.0000 0.0000 0.3109 0.6890 0.000 0.384  0.004 0.313 0.332 1.000 0.113 0.217 0.000 0.006 0.000 
134 8.229705e+08 2.5843 3.7088 1.9137  8.2291 5.3435 0.0000 0.0000 0.3109 0.6890 0.000 0.384  0.002 0.314 0.330 0.999 0.122 0.220 0.000 0.006 0.000 
135 8.233139e+08 2.6213 3.7071 1.8699  8.2259 5.3804 0.0000 0.0000 0.3109 0.6890 0.000 0.384  0.001 0.314 0.329 0.997 0.127 0.223 0.000 0.006 0.000 
136 8.236351e+08 2.6575 3.7050 1.8253  8.2242 5.4150 0.0000 0.0000 0.3109 0.6890 0.000 0.384  0.001 0.314 0.328 0.996 0.127 0.225 0.000 0.006 0.000 
137 8.239353e+08 2.7072 3.7026 1.7660  8.2235 5.4613 0.0000 0.0000 0.3109 0.6890 0.000 0.384  0.000 0.314 0.326 0.994 0.129 0.230 0.000 0.006 0.000 
138 8.242064e+08 2.7382 3.7010 1.7286  8.2238 5.4894 0.0000 0.0000 0.3109 0.6890 0.000 0.384  0.000 0.314 0.325 0.992 0.135 0.232 0.000 0.007 0.005 
139 8.244519e+08 2.7846 3.6987 1.6730  8.2246 5.5302 0.0000 0.0000 0.3109 0.6890 0.000 0.384  0.000 0.314 0.324 0.991 0.144 0.238 0.000 0.007 0.015 
140 8.246739e+08 2.8222 3.6971 1.6290  8.2256 5.5633 0.0000 0.0000 0.3109 0.6890 0.000 0.384  0.000 0.315 0.324 0.988 0.151 0.240 0.000 0.007 0.024 
141 8.248689e+08 2.8641 3.6947 1.5775  8.2269 5.5995 0.0000 0.0000 0.3109 0.6890 0.000 0.378  0.000 0.315 0.323 0.985 0.159 0.244 0.000 0.007 0.031 
142 8.250459e+08 2.9062 3.6928 1.5278  8.2283 5.6359 0.0000 0.0000 0.3109 0.6890 0.000 0.369  0.000 0.315 0.323 0.982 0.167 0.248 0.000 0.008 0.040 
143 8.252049e+08 2.9437 3.6910 1.4831  8.2294 5.6687 0.0000 0.0000 0.3109 0.6890 0.000 0.363  0.000 0.315 0.322 0.980 0.182 0.252 0.000 0.009 0.045 
144 8.253448e+08 2.9901 3.6887 1.4275  8.2297 5.7074 0.0000 0.0000 0.3109 0.6890 0.000 0.357  0.000 0.315 0.322 0.980 0.190 0.257 0.000 0.009 0.054 
145 8.254763e+08 3.0268 3.6871 1.3844  8.2288 5.7378 0.0000 0.0000 0.3109 0.6890 0.000 0.353  0.000 0.315 0.321 0.979 0.197 0.259 0.000 0.009 0.058 
146 8.256015e+08 3.0703 3.6847 1.3313  8.2269 5.7754 0.0000 0.0000 0.3109 0.6890 0.000 0.349  0.000 0.314 0.321 0.976 0.205 0.263 0.000 0.010 0.066 
147 8.257189e+08 3.1104 3.6827 1.2832  8.2245 5.8109 0.0000 0.0000 0.3109 0.6890 0.000 0.345  0.000 0.314 0.320 0.974 0.212 0.267 0.000 0.011 0.072 
148 8.258283e+08 3.1473 3.6807 1.2383  8.2214 5.8443 0.0000 0.0000 0.3109 0.6890 0.000 0.343  0.000 0.314 0.320 0.972 0.219 0.271 0.000 0.011 0.080 
149 8.259320e+08 3.1896 3.6785 1.1872  8.2167 5.8838 0.0000 0.0000 0.3109 0.6890 0.000 0.340  0.000 0.313 0.320 0.970 0.227 0.275 0.000 0.012 0.086 
150 8.260312e+08 3.2269 3.6768 1.1431  8.2115 5.9203 0.0000 0.0000 0.3109 0.6890 0.000 0.337  0.000 0.313 0.320 0.967 0.234 0.280 0.000 0.013 0.096 
151 8.261257e+08 3.2667 3.6743 1.0933  8.2045 5.9614 0.0000 0.0000 0.3109 0.6890 0.000 0.336  0.000 0.313 0.321 0.964 0.242 0.284 0.000 0.014 0.104 
152 8.262223e+08 3.3111 3.6723 1.0409  8.1940 6.0124 0.0000 0.0000 0.3109 0.6890 0.000 0.334  0.001 0.313 0.321 0.959 0.252 0.290 0.000 0.015 0.115 
153 8.263253e+08 3.3484 3.6698 0.9936  8.1808 6.0645 0.0000 0.0000 0.3109 0.6890 0.000 0.333  0.004 0.314 0.321 0.951 0.261 0.296 0.000 0.017 0.127 
154 8.264339e+08 3.3910 3.6677 0.9426  8.1614 6.1340 0.0000 0.0000 0.3109 0.6890 0.000 0.331  0.053 0.316 0.321 0.897 0.274 0.303 0.000 0.020 0.142 
155 8.265103e+08 3.4265 3.6655 0.8983  8.1475 6.1797 0.0000 0.0000 0.3109 0.6890 0.000 0.331  0.155 0.318 0.321 0.794 0.281 0.308 0.000 0.022 0.150 
156 8.265684e+08 3.4678 3.6632 0.8478  8.1335 6.2217 0.0000 0.0000 0.3109 0.6890 0.000 0.330  0.302 0.320 0.322 0.649 0.287 0.311 0.000 0.022 0.162 
157 8.266170e+08 3.5101 3.6607 0.7955  8.1207 6.2582 0.0000 0.0000 0.3109 0.6890 0.000 0.329  0.461 0.321 0.323 0.490 0.292 0.314 0.000 0.022 0.170 
158 8.266725e+08 3.5483 3.6584 0.7481  8.1060 6.2957 0.0000 0.0000 0.3109 0.6890 0.000 0.329  0.592 0.323 0.324 0.360 0.297 0.317 0.000 0.022 0.177 
159 8.267360e+08 3.5801 3.6568 0.7099  8.0869 6.3366 0.0000 0.0000 0.3109 0.6890 0.000 0.329  0.679 0.324 0.325 0.290 0.301 0.320 0.000 0.021 0.185 
160 8.267454e+08 3.5853 3.6564 0.7031  8.0837 6.3425 0.0000 0.0000 0.3109 0.6890 0.000 0.329  0.696 0.325 0.326 0.238 0.301 0.320 0.000 0.021 0.187 
161 8.267512e+08 3.6279 3.6537 0.6497  8.0828 6.3480 0.0000 0.0000 0.3109 0.6890 0.000 0.329  0.796 0.325 0.326 0.132 0.301 0.320 0.000 0.019 0.189 
162 8.267629e+08 3.6679 3.6513 0.6001  8.0804 6.3586 0.0000 0.0000 0.3109 0.6890 0.000 0.329  0.868 0.325 0.326 0.092 0.302 0.321 0.000 0.018 0.192 1sttp
