#n   age/yr      logL   logTef grav    logTc  logrho Xc     Yc     Xc_C   Xc_O   Q_conv Q_disc L_H/L Q1_H Q2_H L_He/L Q1_He Q2_He L_C/L L_nu/L Q_Tmax phase
#(1) (2)         (3)    (4)    (5)     (6)    (7)    (8)    (9)    (10)   (11)   (12)   (13)   (14) (15)  (16) (17)   (18)  (19)  (20)  (21)   (22)   (23) 
  1 0.000000e+00 2.5612 4.3248 4.7241  7.5169 1.7530 0.7382 0.2617 0.0000 0.0000 0.335 0.346  1.011 0.000 0.594 0.000 0.000 0.000 0.000 0.000 0.000 bms
  2 1.847170e+07 2.5997 4.3236 4.6808  7.5226 1.7478 0.6828 0.3171 0.0000 0.0000 0.323 0.506  1.002 0.000 0.554 0.000 0.000 0.000 0.000 0.000 0.000 
  3 3.589147e+07 2.6361 4.3223 4.6392  7.5297 1.7485 0.6280 0.3719 0.0000 0.0000 0.306 0.564  1.002 0.000 0.533 0.000 0.000 0.000 0.000 0.000 0.000 
  4 5.115184e+07 2.6785 4.3198 4.5868  7.5384 1.7507 0.5625 0.4374 0.0000 0.0000 0.284 0.603  1.002 0.000 0.491 0.000 0.000 0.000 0.000 0.000 0.000 
  5 6.445215e+07 2.7161 4.3161 4.5344  7.5463 1.7534 0.5012 0.4987 0.0000 0.0000 0.268 0.622  1.002 0.000 0.461 0.000 0.000 0.000 0.000 0.000 0.000 
  6 7.600270e+07 2.7522 4.3110 4.4779  7.5548 1.7582 0.4373 0.5626 0.0000 0.0000 0.254 0.631  1.002 0.000 0.424 0.000 0.000 0.000 0.000 0.000 0.000 
  7 8.558604e+07 2.7869 4.3049 4.4188  7.5635 1.7670 0.3751 0.6248 0.0000 0.0000 0.233 0.641  1.002 0.000 0.386 0.000 0.000 0.000 0.000 0.000 0.000 
  8 9.419967e+07 2.8178 4.2980 4.3603  7.5728 1.7781 0.3122 0.6877 0.0000 0.0000 0.217 0.641  1.002 0.000 0.354 0.000 0.000 0.000 0.000 0.000 0.000 
  9 1.006740e+08 2.8453 4.2908 4.3040  7.5814 1.7890 0.2599 0.7400 0.0000 0.0000 0.202 0.641  1.002 0.000 0.320 0.000 0.000 0.000 0.000 0.000 0.000 
 10 1.060144e+08 2.8720 4.2824 4.2437  7.5912 1.8063 0.2067 0.7932 0.0000 0.0000 0.188 0.641  1.003 0.266 0.267 0.000 0.000 0.000 0.000 0.000 0.000 
 11 1.104904e+08 2.8949 4.2742 4.1880  7.6012 1.8270 0.1596 0.8403 0.0000 0.0000 0.175 0.650  1.003 0.000 0.200 0.000 0.000 0.000 0.000 0.000 0.000 
 12 1.143658e+08 2.9177 4.2654 4.1300  7.6141 1.8574 0.1108 0.8891 0.0000 0.0000 0.162 0.650  1.003 0.000 0.180 0.000 0.000 0.000 0.000 0.000 0.000 
 13 1.180815e+08 2.9417 4.2572 4.0732  7.6342 1.9101 0.0590 0.9410 0.0000 0.0000 0.148 0.650  1.002 0.000 0.177 0.000 0.000 0.000 0.000 0.000 0.000 
 14 1.194519e+08 2.9514 4.2559 4.0583  7.6464 1.9448 0.0389 0.9610 0.0000 0.0000 0.141 0.650  1.001 0.000 0.184 0.000 0.000 0.000 0.000 0.000 0.000 tminms
 15 1.210901e+08 2.9699 4.2641 4.0726  7.6836 2.0561 0.0100 0.9899 0.0000 0.0000 0.132 0.650  0.987 0.000 0.227 0.000 0.000 0.000 0.000 0.000 0.000 
 16 1.214107e+08 2.9800 4.2745 4.1041  7.7076 2.1334 0.0039 0.9960 0.0000 0.0000 0.127 0.650  0.962 0.000 0.269 0.000 0.000 0.000 0.000 0.000 0.000 
 17 1.215493e+08 2.9907 4.2840 4.1314  7.7297 2.2137 0.0016 0.9983 0.0000 0.0000 0.119 0.650  0.922 0.000 0.314 0.000 0.000 0.000 0.000 0.000 0.000 
 18 1.216176e+08 3.0072 4.2932 4.1517  7.7542 2.3248 0.0004 0.9995 0.0000 0.0000 0.098 0.650  0.820 0.000 0.367 0.000 0.000 0.000 0.000 0.000 0.000 
 19 1.216524e+08 3.0154 4.2974 4.1603  7.7686 2.5078 0.0000 0.9999 0.0000 0.0000 0.022 0.650  0.901 0.000 0.544 0.000 0.000 0.000 0.000 0.000 0.000 tmaxlms
 20 1.216752e+08 2.9949 4.2891 4.1476  7.7434 2.6887 0.0000 0.9999 0.0000 0.0000 0.000 0.650  1.206 0.009 0.405 0.000 0.000 0.000 0.000 0.000 0.000 
 21 1.216883e+08 2.9869 4.2823 4.1284  7.7395 2.7536 0.0000 0.9999 0.0000 0.0000 0.000 0.650  1.213 0.019 0.392 0.000 0.000 0.000 0.000 0.000 0.000 lminsgb
 22 1.217086e+08 2.9990 4.2721 4.0755  7.7391 2.8484 0.0000 0.9999 0.0000 0.0000 0.000 0.650  1.185 0.030 0.367 0.000 0.000 0.000 0.000 0.000 0.000 
 23 1.217318e+08 3.0193 4.2646 4.0252  7.7410 2.9220 0.0000 0.9999 0.0000 0.0000 0.000 0.650  1.152 0.040 0.348 0.000 0.000 0.000 0.000 0.000 0.000 
 24 1.217597e+08 3.0407 4.2549 3.9650  7.7449 3.0112 0.0000 0.9999 0.0000 0.0000 0.000 0.650  1.120 0.049 0.335 0.000 0.000 0.000 0.000 0.000 0.000 
 25 1.217920e+08 3.0551 4.2457 3.9138  7.7501 3.0900 0.0000 0.9999 0.0000 0.0000 0.000 0.650  1.099 0.055 0.320 0.000 0.000 0.000 0.000 0.000 0.000 
 26 1.218274e+08 3.0679 4.2349 3.8578  7.7580 3.1761 0.0000 0.9999 0.0000 0.0000 0.000 0.650  1.084 0.065 0.298 0.000 0.000 0.000 0.000 0.000 0.000 
 27 1.218652e+08 3.0752 4.2273 3.8201  7.7646 3.2339 0.0000 0.9999 0.0000 0.0000 0.000 0.645  1.077 0.072 0.293 0.000 0.000 0.000 0.000 0.000 0.000 
 28 1.219037e+08 3.0849 4.2151 3.7616  7.7770 3.3212 0.0000 0.9999 0.0000 0.0000 0.000 0.645  1.068 0.082 0.274 0.000 0.000 0.000 0.000 0.000 0.000 
 29 1.219418e+08 3.0907 4.2062 3.7202  7.7868 3.3799 0.0000 0.9999 0.0000 0.0000 0.000 0.645  1.065 0.088 0.264 0.000 0.000 0.000 0.000 0.000 0.000 
 30 1.219787e+08 3.0961 4.1967 3.6768  7.7980 3.4389 0.0000 0.9999 0.0000 0.0000 0.000 0.645  1.063 0.091 0.256 0.000 0.000 0.000 0.000 0.000 0.000 
 31 1.220140e+08 3.1012 4.1865 3.6309  7.8105 3.4981 0.0000 0.9999 0.0000 0.0000 0.000 0.645  1.062 0.098 0.247 0.000 0.000 0.000 0.000 0.000 0.000 
 32 1.220472e+08 3.1059 4.1753 3.5814  7.8243 3.5577 0.0000 0.9999 0.0000 0.0000 0.000 0.645  1.061 0.103 0.243 0.000 0.000 0.000 0.000 0.000 0.000 
 33 1.220781e+08 3.1082 4.1693 3.5551  7.8316 3.5876 0.0000 0.9999 0.0000 0.0000 0.000 0.645  1.061 0.106 0.238 0.000 0.000 0.000 0.000 0.000 0.000 
 34 1.221068e+08 3.1126 4.1564 3.4991  7.8472 3.6474 0.0000 0.9999 0.0000 0.0000 0.000 0.645  1.062 0.112 0.232 0.000 0.000 0.000 0.000 0.000 0.000 
 35 1.221333e+08 3.1147 4.1494 3.4690  7.8554 3.6774 0.0000 0.9999 0.0000 0.0000 0.000 0.645  1.062 0.114 0.228 0.000 0.000 0.000 0.000 0.000 0.000 
 36 1.221579e+08 3.1186 4.1342 3.4043  7.8726 3.7376 0.0000 0.9999 0.0000 0.0000 0.000 0.645  1.063 0.119 0.222 0.000 0.000 0.000 0.000 0.000 0.000 
 37 1.221806e+08 3.1204 4.1260 3.3697  7.8816 3.7677 0.0000 0.9999 0.0000 0.0000 0.000 0.645  1.065 0.121 0.220 0.000 0.000 0.000 0.000 0.000 0.000 
 38 1.222015e+08 3.1222 4.1171 3.3323  7.8908 3.7979 0.0000 0.9999 0.0000 0.0000 0.000 0.645  1.066 0.123 0.218 0.000 0.000 0.000 0.000 0.000 0.000 
 39 1.222210e+08 3.1238 4.1077 3.2931  7.9002 3.8280 0.0000 0.9999 0.0000 0.0000 0.000 0.645  1.068 0.124 0.215 0.000 0.000 0.000 0.000 0.000 0.000 
 40 1.222393e+08 3.1256 4.0939 3.2361  7.9134 3.8691 0.0000 0.9999 0.0000 0.0000 0.000 0.645  1.073 0.128 0.213 0.000 0.000 0.000 0.000 0.000 0.000 
 41 1.222559e+08 3.1267 4.0831 3.1918  7.9230 3.8986 0.0000 0.9999 0.0000 0.0000 0.000 0.645  1.075 0.129 0.211 0.000 0.000 0.000 0.000 0.000 0.000 
 42 1.222715e+08 3.1276 4.0725 3.1485  7.9319 3.9255 0.0000 0.9999 0.0000 0.0000 0.000 0.645  1.079 0.130 0.209 0.000 0.000 0.000 0.000 0.000 0.000 
 43 1.222858e+08 3.1282 4.0635 3.1119  7.9390 3.9467 0.0000 0.9999 0.0000 0.0000 0.000 0.645  1.080 0.132 0.207 0.000 0.000 0.000 0.000 0.000 0.000 
 44 1.222992e+08 3.1289 4.0516 3.0636  7.9480 3.9730 0.0000 0.9999 0.0000 0.0000 0.000 0.645  1.084 0.133 0.206 0.000 0.000 0.000 0.000 0.000 0.000 
 45 1.223115e+08 3.1293 4.0412 3.0216  7.9553 3.9942 0.0000 0.9999 0.0000 0.0000 0.000 0.645  1.086 0.134 0.203 0.000 0.000 0.000 0.000 0.000 0.000 
 46 1.223232e+08 3.1295 4.0330 2.9886  7.9608 4.0101 0.0000 0.9999 0.0000 0.0000 0.000 0.645  1.089 0.135 0.202 0.000 0.000 0.000 0.000 0.000 0.000 
 47 1.223327e+08 3.1297 4.0242 2.9532  7.9664 4.0262 0.0000 0.9999 0.0000 0.0000 0.000 0.645  1.091 0.136 0.201 0.000 0.000 0.000 0.000 0.000 0.000 lmaxsgb
 48 1.223430e+08 3.1297 4.0116 2.9028  7.9739 4.0477 0.0000 0.9999 0.0000 0.0000 0.000 0.645  1.094 0.137 0.200 0.000 0.000 0.000 0.000 0.000 0.000 
 49 1.223526e+08 3.1296 4.0014 2.8621  7.9797 4.0639 0.0000 0.9999 0.0000 0.0000 0.000 0.645  1.096 0.138 0.199 0.000 0.000 0.000 0.000 0.000 0.000 
 50 1.223616e+08 3.1295 3.9942 2.8334  7.9835 4.0748 0.0000 0.9999 0.0000 0.0000 0.000 0.645  1.099 0.139 0.199 0.000 0.000 0.000 0.000 0.000 0.000 
 51 1.223702e+08 3.1291 3.9828 2.7882  7.9894 4.0913 0.0000 0.9999 0.0000 0.0000 0.000 0.645  1.101 0.140 0.198 0.000 0.000 0.001 0.000 0.000 0.000 
 52 1.223780e+08 3.1288 3.9747 2.7561  7.9934 4.1023 0.0000 0.9999 0.0000 0.0000 0.000 0.645  1.103 0.140 0.197 0.000 0.000 0.002 0.000 0.000 0.000 
 53 1.223856e+08 3.1281 3.9617 2.7048  7.9993 4.1189 0.0000 0.9999 0.0000 0.0000 0.000 0.645  1.107 0.142 0.196 0.000 0.000 0.005 0.000 0.000 0.000 
 54 1.223926e+08 3.1275 3.9525 2.6686  8.0034 4.1300 0.0000 0.9999 0.0000 0.0000 0.000 0.645  1.109 0.142 0.196 0.000 0.000 0.006 0.000 0.000 0.000 
 55 1.223994e+08 3.1268 3.9427 2.6301  8.0075 4.1411 0.0000 0.9999 0.0000 0.0000 0.000 0.645  1.113 0.143 0.195 0.000 0.000 0.007 0.000 0.000 0.000 
 56 1.224059e+08 3.1259 3.9324 2.5898  8.0116 4.1523 0.0000 0.9999 0.0000 0.0000 0.000 0.645  1.115 0.143 0.195 0.000 0.000 0.009 0.000 0.000 0.000 
 57 1.224119e+08 3.1249 3.9214 2.5468  8.0159 4.1634 0.0000 0.9999 0.0000 0.0000 0.000 0.645  1.118 0.144 0.194 0.000 0.000 0.011 0.000 0.000 0.000 
 58 1.224178e+08 3.1236 3.9098 2.5017  8.0202 4.1745 0.0000 0.9999 0.0001 0.0000 0.000 0.645  1.122 0.145 0.193 0.000 0.000 0.011 0.000 0.000 0.000 
 59 1.224232e+08 3.1229 3.9037 2.4780  8.0224 4.1799 0.0000 0.9998 0.0001 0.0000 0.000 0.645  1.123 0.145 0.193 0.000 0.000 0.011 0.000 0.000 0.000 
 60 1.224284e+08 3.1213 3.8908 2.4280  8.0269 4.1907 0.0000 0.9998 0.0001 0.0000 0.000 0.645  1.127 0.146 0.193 0.000 0.000 0.014 0.000 0.000 0.000 
 61 1.224332e+08 3.1203 3.8841 2.4022  8.0293 4.1959 0.0000 0.9998 0.0001 0.0000 0.000 0.645  1.131 0.146 0.192 0.001 0.000 0.014 0.000 0.000 0.000 
 62 1.224377e+08 3.1182 3.8699 2.3475  8.0342 4.2061 0.0000 0.9997 0.0002 0.0000 0.000 0.645  1.135 0.147 0.192 0.001 0.000 0.016 0.000 0.000 0.000 
 63 1.224421e+08 3.1171 3.8625 2.3190  8.0367 4.2109 0.0000 0.9997 0.0002 0.0000 0.000 0.645  1.137 0.147 0.192 0.001 0.000 0.016 0.000 0.000 0.000 
 64 1.224462e+08 3.1158 3.8549 2.2899  8.0394 4.2155 0.0000 0.9996 0.0003 0.0000 0.000 0.645  1.140 0.148 0.191 0.001 0.000 0.019 0.000 0.000 0.000 
 65 1.224502e+08 3.1130 3.8391 2.2295  8.0451 4.2234 0.0000 0.9994 0.0005 0.0000 0.000 0.645  1.148 0.148 0.191 0.002 0.000 0.019 0.000 0.000 0.000 
 66 1.224538e+08 3.1113 3.8309 2.1984  8.0483 4.2271 0.0000 0.9993 0.0006 0.0000 0.000 0.645  1.150 0.149 0.191 0.002 0.000 0.020 0.000 0.000 0.000 
 67 1.224574e+08 3.1097 3.8227 2.1672  8.0514 4.2303 0.0000 0.9993 0.0006 0.0000 0.000 0.645  1.153 0.149 0.191 0.003 0.000 0.019 0.000 0.000 0.000 
 68 1.224609e+08 3.1079 3.8147 2.1370  8.0545 4.2331 0.0000 0.9992 0.0007 0.0000 0.001 0.645  1.156 0.149 0.191 0.004 0.000 0.019 0.000 0.000 0.000 
 69 1.224641e+08 3.1044 3.7989 2.0773  8.0603 4.2378 0.0000 0.9991 0.0008 0.0000 0.002 0.645  1.164 0.150 0.190 0.006 0.000 0.018 0.000 0.000 0.000 
 70 1.224673e+08 3.1025 3.7911 2.0480  8.0631 4.2396 0.0000 0.9990 0.0009 0.0000 0.003 0.645  1.167 0.150 0.190 0.007 0.000 0.018 0.000 0.000 0.000 
 71 1.224702e+08 3.1005 3.7834 2.0192  8.0659 4.2410 0.0000 0.9990 0.0009 0.0000 0.004 0.645  1.170 0.150 0.190 0.009 0.000 0.018 0.000 0.000 0.000 
 72 1.224732e+08 3.0963 3.7682 1.9626  8.0712 4.2429 0.0000 0.9988 0.0011 0.0000 0.006 0.645  1.178 0.151 0.190 0.014 0.000 0.017 0.000 0.000 0.000 
 73 1.224764e+08 3.0940 3.7608 1.9353  8.0738 4.2433 0.0000 0.9987 0.0012 0.0000 0.006 0.645  1.181 0.151 0.190 0.018 0.000 0.016 0.000 0.000 0.000 
 74 1.224801e+08 3.0888 3.7480 1.8893  8.0791 4.2425 0.0000 0.9986 0.0013 0.0000 0.010 0.645  1.189 0.151 0.189 0.028 0.000 0.016 0.000 0.000 0.000 
 75 1.224857e+08 3.0826 3.7394 1.8611  8.0843 4.2393 0.0000 0.9984 0.0015 0.0000 0.013 0.645  1.196 0.151 0.189 0.043 0.000 0.015 0.000 0.000 0.000 
 76 1.224947e+08 3.0652 3.7276 1.8313  8.0945 4.2205 0.0000 0.9979 0.0020 0.0000 0.023 0.645  1.213 0.152 0.188 0.095 0.000 0.016 0.000 0.000 0.000 
 77 1.225075e+08 3.0524 3.7203 1.8149  8.1003 4.1903 0.0000 0.9972 0.0027 0.0000 0.033 0.645  1.204 0.153 0.188 0.137 0.000 0.017 0.000 0.000 0.000 brgb
 78 1.225221e+08 3.0688 3.7128 1.7685  8.1025 4.1521 0.0000 0.9964 0.0035 0.0000 0.042 0.645  1.113 0.154 0.188 0.137 0.000 0.018 0.000 0.000 0.000 
 79 1.225370e+08 3.1034 3.7092 1.7195  8.1026 4.1272 0.0000 0.9956 0.0043 0.0000 0.046 0.636  1.012 0.155 0.189 0.115 0.000 0.018 0.000 0.000 0.000 
 80 1.226035e+08 3.1413 3.7065 1.6708  8.0997 4.0664 0.0000 0.9918 0.0081 0.0000 0.048 0.625  0.926 0.158 0.191 0.066 0.000 0.019 0.000 0.000 0.000 trgb
 81 1.229335e+08 3.1323 3.7095 1.6918  8.1021 4.0211 0.0000 0.9757 0.0241 0.0001 0.045 0.625  0.922 0.167 0.199 0.066 0.000 0.021 0.000 0.000 0.000 lmincheb
 82 1.232910e+08 3.1531 3.7171 1.7014  8.1060 3.9886 0.0000 0.9567 0.0428 0.0004 0.060 0.625  0.900 0.174 0.207 0.071 0.000 0.022 0.000 0.000 0.000 
 83 1.233888e+08 3.1673 3.7225 1.7088  8.1060 3.9842 0.0000 0.9632 0.0364 0.0003 0.048 0.625  0.893 0.175 0.209 0.069 0.000 0.022 0.000 0.000 0.000 
 84 1.234490e+08 3.1799 3.7341 1.7426  8.1069 3.9780 0.0000 0.9584 0.0411 0.0004 0.060 0.625  0.896 0.177 0.211 0.070 0.000 0.022 0.000 0.000 0.000 
 85 1.234903e+08 3.1830 3.7431 1.7755  8.1073 3.9742 0.0000 0.9576 0.0419 0.0004 0.063 0.625  0.900 0.177 0.211 0.070 0.000 0.023 0.000 0.000 0.000 
 86 1.235247e+08 3.1857 3.7567 1.8272  8.1076 3.9706 0.0000 0.9569 0.0426 0.0004 0.063 0.625  0.904 0.179 0.212 0.070 0.000 0.023 0.000 0.000 0.000 
 87 1.235553e+08 3.1870 3.7656 1.8615  8.1078 3.9688 0.0000 0.9557 0.0437 0.0005 0.063 0.625  0.907 0.179 0.213 0.070 0.000 0.023 0.000 0.000 0.000 
 88 1.235904e+08 3.1884 3.7753 1.8989  8.1081 3.9668 0.0000 0.9543 0.0451 0.0005 0.063 0.625  0.909 0.179 0.213 0.071 0.000 0.023 0.000 0.000 0.000 
 89 1.236312e+08 3.1904 3.7874 1.9453  8.1085 3.9636 0.0000 0.9524 0.0469 0.0005 0.064 0.625  0.911 0.180 0.215 0.072 0.000 0.023 0.000 0.000 0.000 
 90 1.236771e+08 3.1924 3.7984 1.9873  8.1090 3.9604 0.0000 0.9502 0.0491 0.0006 0.064 0.625  0.911 0.181 0.216 0.073 0.000 0.023 0.000 0.000 0.000 
 91 1.237283e+08 3.1940 3.8068 2.0193  8.1094 3.9575 0.0000 0.9486 0.0507 0.0006 0.065 0.625  0.911 0.181 0.216 0.074 0.000 0.023 0.000 0.000 0.000 
 92 1.237838e+08 3.1960 3.8162 2.0549  8.1098 3.9543 0.0000 0.9463 0.0530 0.0006 0.065 0.625  0.911 0.182 0.217 0.074 0.000 0.023 0.000 0.000 0.000 
 93 1.238448e+08 3.1981 3.8266 2.0944  8.1104 3.9502 0.0000 0.9438 0.0554 0.0007 0.065 0.625  0.910 0.183 0.218 0.076 0.000 0.023 0.000 0.000 0.000 
 94 1.239105e+08 3.2006 3.8382 2.1383  8.1110 3.9454 0.0000 0.9406 0.0585 0.0008 0.066 0.625  0.910 0.184 0.220 0.077 0.000 0.023 0.000 0.000 0.000 
 95 1.239809e+08 3.2020 3.8445 2.1621  8.1114 3.9428 0.0000 0.9386 0.0604 0.0008 0.066 0.625  0.909 0.185 0.221 0.078 0.000 0.024 0.000 0.000 0.000 
 96 1.240571e+08 3.2050 3.8580 2.2131  8.1123 3.9367 0.0000 0.9343 0.0647 0.0009 0.067 0.625  0.908 0.187 0.222 0.080 0.000 0.024 0.000 0.000 0.000 
 97 1.241387e+08 3.2066 3.8652 2.2403  8.1128 3.9333 0.0000 0.9315 0.0674 0.0010 0.068 0.625  0.907 0.187 0.223 0.081 0.000 0.024 0.000 0.000 0.000 
 98 1.242256e+08 3.2084 3.8728 2.2689  8.1133 3.9294 0.0000 0.9288 0.0700 0.0011 0.069 0.625  0.906 0.188 0.225 0.082 0.000 0.025 0.000 0.000 0.000 
 99 1.243211e+08 3.2121 3.8888 2.3292  8.1145 3.9211 0.0000 0.9222 0.0764 0.0013 0.070 0.625  0.904 0.191 0.227 0.085 0.000 0.025 0.000 0.000 0.000 
100 1.244231e+08 3.2142 3.8972 2.3607  8.1152 3.9164 0.0000 0.9185 0.0799 0.0014 0.070 0.625  0.903 0.192 0.228 0.087 0.000 0.025 0.000 0.000 0.000 
101 1.245296e+08 3.2163 3.9058 2.3930  8.1159 3.9115 0.0000 0.9145 0.0838 0.0016 0.071 0.625  0.901 0.193 0.230 0.088 0.000 0.025 0.000 0.000 0.000 
102 1.246476e+08 3.2201 3.9209 2.4496  8.1174 3.9024 0.0000 0.9066 0.0914 0.0018 0.072 0.625  0.899 0.195 0.233 0.092 0.000 0.026 0.000 0.000 0.000 
103 1.247761e+08 3.2219 3.9277 2.4750  8.1181 3.8981 0.0000 0.9027 0.0952 0.0020 0.073 0.625  0.897 0.197 0.235 0.094 0.000 0.026 0.000 0.000 0.000 
104 1.249141e+08 3.2253 3.9402 2.5216  8.1194 3.8897 0.0000 0.8948 0.1027 0.0023 0.074 0.625  0.894 0.198 0.237 0.097 0.000 0.027 0.000 0.000 0.000 
105 1.250622e+08 3.2284 3.9515 2.5637  8.1207 3.8820 0.0000 0.8870 0.1102 0.0027 0.075 0.625  0.891 0.200 0.240 0.101 0.000 0.027 0.000 0.000 0.000 
106 1.252225e+08 3.2312 3.9613 2.6001  8.1219 3.8747 0.0000 0.8798 0.1170 0.0031 0.076 0.625  0.888 0.203 0.243 0.104 0.000 0.027 0.000 0.000 0.000 
107 1.253964e+08 3.2339 3.9703 2.6334  8.1230 3.8679 0.0000 0.8722 0.1242 0.0034 0.077 0.625  0.886 0.204 0.245 0.107 0.000 0.027 0.000 0.000 0.000 
108 1.255826e+08 3.2375 3.9822 2.6774  8.1247 3.8588 0.0000 0.8607 0.1351 0.0041 0.079 0.625  0.881 0.207 0.248 0.112 0.000 0.028 0.000 0.000 0.000 
109 1.257854e+08 3.2397 3.9892 2.7032  8.1258 3.8531 0.0000 0.8537 0.1417 0.0045 0.080 0.625  0.879 0.209 0.250 0.115 0.000 0.029 0.000 0.000 0.000 
110 1.260071e+08 3.2439 4.0019 2.7498  8.1278 3.8423 0.0000 0.8385 0.1559 0.0055 0.082 0.625  0.873 0.212 0.254 0.121 0.000 0.030 0.000 0.000 0.000 
111 1.262484e+08 3.2468 4.0105 2.7813  8.1293 3.8346 0.0000 0.8273 0.1663 0.0062 0.084 0.625  0.869 0.214 0.257 0.126 0.000 0.030 0.000 0.000 0.000 
112 1.265139e+08 3.2513 4.0228 2.8260  8.1316 3.8233 0.0000 0.8091 0.1831 0.0076 0.086 0.625  0.862 0.217 0.261 0.134 0.000 0.031 0.000 0.000 0.000 
113 1.268104e+08 3.2552 4.0326 2.8613  8.1337 3.8137 0.0000 0.7922 0.1986 0.0091 0.088 0.625  0.856 0.220 0.264 0.140 0.000 0.032 0.000 0.000 0.000 
114 1.271324e+08 3.2591 4.0422 2.8958  8.1360 3.8037 0.0000 0.7735 0.2156 0.0108 0.090 0.625  0.849 0.223 0.269 0.148 0.000 0.033 0.000 0.000 0.000 
115 1.274823e+08 3.2638 4.0531 2.9347  8.1388 3.7926 0.0000 0.7490 0.2377 0.0132 0.092 0.625  0.840 0.227 0.273 0.157 0.000 0.033 0.000 0.000 0.000 
116 1.278533e+08 3.2684 4.0636 2.9721  8.1417 3.7815 0.0000 0.7237 0.2600 0.0162 0.095 0.625  0.830 0.231 0.279 0.167 0.000 0.034 0.000 0.000 0.000 
117 1.282451e+08 3.2731 4.0741 3.0094  8.1449 3.7706 0.0000 0.6956 0.2845 0.0198 0.098 0.625  0.819 0.234 0.283 0.179 0.000 0.036 0.000 0.000 0.000 
118 1.286754e+08 3.2776 4.0836 3.0429  8.1481 3.7605 0.0000 0.6670 0.3090 0.0239 0.101 0.625  0.808 0.237 0.288 0.190 0.000 0.036 0.000 0.000 0.000 
119 1.291690e+08 3.2830 4.0939 3.0787  8.1523 3.7491 0.0000 0.6286 0.3412 0.0301 0.104 0.625  0.793 0.242 0.293 0.205 0.000 0.038 0.000 0.000 0.000 
120 1.297609e+08 3.2892 4.1041 3.1133  8.1576 3.7374 0.0000 0.5804 0.3802 0.0392 0.108 0.625  0.775 0.246 0.300 0.224 0.000 0.041 0.000 0.000 0.000 
121 1.304393e+08 3.2961 4.1143 3.1472  8.1642 3.7267 0.0000 0.5214 0.4259 0.0526 0.113 0.625  0.752 0.252 0.307 0.247 0.000 0.043 0.000 0.000 0.000 
122 1.312168e+08 3.3038 4.1246 3.1807  8.1727 3.7171 0.0000 0.4498 0.4771 0.0730 0.118 0.625  0.723 0.258 0.316 0.277 0.000 0.047 0.000 0.000 0.000 
123 1.322442e+08 3.3135 4.1346 3.2110  8.1851 3.7100 0.0000 0.3571 0.5335 0.1092 0.126 0.625  0.682 0.265 0.324 0.319 0.000 0.054 0.000 0.000 0.000 
124 1.336975e+08 3.3280 4.1401 3.2185  8.2054 3.7136 0.0000 0.2361 0.5786 0.1851 0.135 0.625  0.622 0.274 0.335 0.380 0.000 0.057 0.000 0.000 0.000 tmaxcheb
125 1.352266e+08 3.3463 4.1316 3.1662  8.2382 3.7590 0.0000 0.1077 0.5595 0.3327 0.138 0.625  0.556 0.283 0.341 0.445 0.000 0.067 0.000 0.000 0.000 
126 1.357289e+08 3.3536 4.1222 3.1213  8.2541 3.7940 0.0000 0.0694 0.5264 0.4040 0.139 0.625  0.539 0.286 0.341 0.462 0.000 0.071 0.000 0.000 0.000 
127 1.360453e+08 3.3595 4.1117 3.0734  8.2684 3.8300 0.0000 0.0450 0.4895 0.4654 0.139 0.625  0.531 0.289 0.341 0.470 0.000 0.074 0.000 0.001 0.000 
128 1.362043e+08 3.3633 4.1015 3.0288  8.2795 3.8616 0.0000 0.0308 0.4666 0.5024 0.139 0.625  0.530 0.290 0.340 0.471 0.000 0.076 0.000 0.001 0.000 
129 1.363178e+08 3.3664 4.0918 2.9869  8.2889 3.8890 0.0000 0.0219 0.4485 0.5295 0.139 0.625  0.531 0.291 0.338 0.469 0.000 0.077 0.000 0.001 0.000 
130 1.364007e+08 3.3691 4.0808 2.9402  8.2985 3.9183 0.0000 0.0149 0.4321 0.5528 0.136 0.625  0.534 0.291 0.338 0.466 0.000 0.078 0.000 0.001 0.000 
131 1.364595e+08 3.3709 4.0707 2.8980  8.3068 3.9440 0.0000 0.0106 0.4207 0.5686 0.132 0.625  0.539 0.291 0.336 0.459 0.000 0.078 0.000 0.001 0.000 
132 1.365010e+08 3.3719 4.0621 2.8626  8.3135 3.9655 0.0000 0.0079 0.4132 0.5787 0.129 0.625  0.545 0.292 0.335 0.452 0.000 0.079 0.000 0.001 0.000 
133 1.365309e+08 3.3727 4.0509 2.8170  8.3217 3.9922 0.0000 0.0054 0.4062 0.5883 0.125 0.625  0.553 0.292 0.334 0.441 0.000 0.079 0.000 0.001 0.000 
134 1.365437e+08 3.3728 4.0450 2.7933  8.3259 4.0063 0.0000 0.0044 0.4033 0.5922 0.123 0.625  0.558 0.292 0.333 0.433 0.000 0.080 0.000 0.001 0.000 lmaxcheb
135 1.365629e+08 3.3726 4.0367 2.7603  8.3321 4.0270 0.0000 0.0033 0.3999 0.5967 0.120 0.625  0.568 0.292 0.332 0.419 0.000 0.080 0.000 0.001 0.000 
136 1.365772e+08 3.3715 4.0263 2.7198  8.3398 4.0535 0.0000 0.0022 0.3967 0.6010 0.114 0.625  0.582 0.293 0.330 0.394 0.000 0.081 0.000 0.002 0.000 
137 1.365880e+08 3.3694 4.0149 2.6763  8.3485 4.0846 0.0000 0.0013 0.3941 0.6045 0.107 0.625  0.601 0.293 0.330 0.353 0.000 0.080 0.000 0.002 0.000 
138 1.365964e+08 3.3666 4.0043 2.6367  8.3572 4.1167 0.0000 0.0007 0.3924 0.6067 0.098 0.625  0.623 0.293 0.328 0.298 0.000 0.081 0.000 0.002 0.000 
139 1.366028e+08 3.3635 3.9954 2.6042  8.3647 4.1456 0.0000 0.0004 0.3914 0.6080 0.087 0.625  0.645 0.293 0.327 0.240 0.151 0.156 0.000 0.002 0.000 
140 1.366079e+08 3.3584 3.9834 2.5613  8.3752 4.1894 0.0000 0.0001 0.3906 0.6091 0.068 0.625  0.679 0.293 0.326 0.130 0.139 0.166 0.000 0.003 0.000 
141 1.366122e+08 3.3535 3.9735 2.5266  8.3836 4.2301 0.0000 0.0000 0.3902 0.6096 0.034 0.625  0.708 0.293 0.324 0.038 0.000 0.179 0.000 0.003 0.000 
142 1.366156e+08 3.3481 3.9634 2.4916  8.3887 4.2720 0.0000 0.0000 0.3902 0.6097 0.000 0.625  0.733 0.293 0.324 0.018 0.015 0.190 0.000 0.004 0.000 
143 1.366185e+08 3.3431 3.9542 2.4598  8.3932 4.3043 0.0000 0.0000 0.3902 0.6097 0.000 0.625  0.741 0.293 0.323 0.026 0.022 0.190 0.000 0.004 0.000 
144 1.366210e+08 3.3385 3.9451 2.4280  8.3973 4.3315 0.0000 0.0000 0.3902 0.6097 0.000 0.625  0.747 0.293 0.322 0.040 0.028 0.190 0.000 0.004 0.000 
145 1.366232e+08 3.3338 3.9342 2.3891  8.4016 4.3587 0.0000 0.0000 0.3902 0.6097 0.000 0.625  0.750 0.293 0.321 0.063 0.034 0.190 0.000 0.005 0.000 
146 1.366252e+08 3.3305 3.9240 2.3516  8.4051 4.3808 0.0000 0.0000 0.3902 0.6097 0.000 0.625  0.749 0.293 0.321 0.094 0.035 0.190 0.000 0.005 0.000 
147 1.366271e+08 3.3288 3.9176 2.3277  8.4070 4.3929 0.0000 0.0000 0.3902 0.6097 0.000 0.625  0.746 0.293 0.320 0.119 0.036 0.190 0.000 0.006 0.000 
148 1.366288e+08 3.3259 3.9018 2.2674  8.4109 4.4193 0.0000 0.0000 0.3902 0.6097 0.000 0.625  0.730 0.293 0.320 0.207 0.042 0.190 0.000 0.006 0.000 
149 1.366304e+08 3.3250 3.8920 2.2291  8.4125 4.4330 0.0000 0.0000 0.3902 0.6097 0.000 0.625  0.712 0.293 0.320 0.284 0.046 0.190 0.000 0.006 0.000 
150 1.366320e+08 3.3250 3.8920 2.2291  8.4125 4.4330 0.0000 0.0000 0.3902 0.6097 0.000 0.625  0.712 0.293 0.320 0.284 0.046 0.190 0.000 0.006 0.000 
151 1.366324e+08 3.3248 3.8786 2.1757  8.4138 4.4488 0.0000 0.0000 0.3902 0.6097 0.000 0.625  0.678 0.293 0.320 0.420 0.053 0.190 0.000 0.006 0.000 lmin1cheb
152 1.366339e+08 3.3253 3.8690 2.1368  8.4142 4.4587 0.0000 0.0000 0.3902 0.6097 0.000 0.625  0.648 0.293 0.320 0.552 0.058 0.190 0.000 0.006 0.000 
153 1.366354e+08 3.3267 3.8585 2.0934  8.4136 4.4673 0.0000 0.0000 0.3902 0.6097 0.000 0.625  0.606 0.293 0.320 0.715 0.060 0.187 0.000 0.006 0.000 
154 1.366369e+08 3.3284 3.8515 2.0637  8.4127 4.4718 0.0000 0.0000 0.3902 0.6097 0.000 0.625  0.573 0.293 0.320 0.822 0.062 0.187 0.000 0.006 0.000 
155 1.366384e+08 3.3335 3.8382 2.0054  8.4100 4.4785 0.0000 0.0000 0.3902 0.6097 0.000 0.625  0.505 0.293 0.320 0.958 0.070 0.187 0.000 0.006 0.000 
156 1.366399e+08 3.3402 3.8275 1.9559  8.4076 4.4834 0.0000 0.0000 0.3902 0.6097 0.000 0.625  0.453 0.293 0.320 0.955 0.071 0.187 0.000 0.005 0.000 
157 1.366416e+08 3.3450 3.8217 1.9279  8.4063 4.4865 0.0000 0.0000 0.3902 0.6097 0.000 0.625  0.427 0.293 0.320 0.915 0.075 0.187 0.000 0.005 0.000 
158 1.366436e+08 3.3582 3.8101 1.8683  8.4045 4.4950 0.0000 0.0000 0.3902 0.6097 0.000 0.625  0.381 0.293 0.321 0.794 0.075 0.190 0.000 0.005 0.000 
159 1.366466e+08 3.3751 3.8005 1.8130  8.4035 4.5071 0.0000 0.0000 0.3902 0.6097 0.000 0.625  0.339 0.293 0.321 0.688 0.075 0.190 0.000 0.005 0.000 
160 1.366538e+08 3.4040 3.7985 1.7761  8.4034 4.5415 0.0000 0.0000 0.3902 0.6097 0.000 0.625  0.260 0.293 0.322 0.664 0.079 0.190 0.000 0.004 0.000 
161 1.366580e+08 3.4081 3.8071 1.8064  8.4031 4.5621 0.0000 0.0000 0.3902 0.6097 0.000 0.625  0.220 0.293 0.322 0.721 0.079 0.190 0.000 0.004 0.000 lmaxeagb
162 1.366631e+08 3.4066 3.8185 1.8535  8.4025 4.5851 0.0000 0.0000 0.3902 0.6097 0.000 0.625  0.182 0.293 0.323 0.773 0.083 0.190 0.000 0.004 0.000 
163 1.366691e+08 3.4048 3.8244 1.8789  8.4024 4.5980 0.0000 0.0000 0.3902 0.6097 0.000 0.625  0.164 0.293 0.323 0.796 0.084 0.190 0.000 0.004 0.000 
164 1.366776e+08 3.3994 3.8353 1.9279  8.4023 4.6266 0.0000 0.0000 0.3902 0.6097 0.000 0.625  0.128 0.293 0.324 0.846 0.086 0.190 0.000 0.004 0.000 
165 1.366951e+08 3.3784 3.8392 1.9645  8.4039 4.6970 0.0000 0.0000 0.3902 0.6097 0.000 0.625  0.060 0.293 0.324 0.991 0.088 0.188 0.000 0.004 0.000 
166 1.367016e+08 3.3705 3.8310 1.9396  8.4048 4.7177 0.0000 0.0000 0.3902 0.6097 0.000 0.625  0.045 0.293 0.324 1.036 0.088 0.188 0.000 0.005 0.000 
167 1.367061e+08 3.3705 3.8310 1.9396  8.4048 4.7177 0.0000 0.0000 0.3902 0.6097 0.000 0.625  0.045 0.293 0.324 1.036 0.088 0.188 0.000 0.005 0.000 
168 1.367102e+08 3.3569 3.8088 1.8644  8.4064 4.7483 0.0000 0.0000 0.3902 0.6097 0.000 0.625  0.027 0.293 0.324 1.105 0.088 0.188 0.000 0.005 0.000 
169 1.367135e+08 3.3516 3.7989 1.8301  8.4070 4.7588 0.0000 0.0000 0.3902 0.6097 0.000 0.625  0.022 0.293 0.324 1.131 0.088 0.191 0.000 0.005 0.000 
170 1.367163e+08 3.3478 3.7913 1.8035  8.4075 4.7656 0.0000 0.0000 0.3902 0.6097 0.000 0.625  0.019 0.293 0.324 1.149 0.088 0.191 0.000 0.005 0.000 
171 1.367188e+08 3.3428 3.7807 1.7661  8.4080 4.7738 0.0000 0.0000 0.3902 0.6097 0.000 0.625  0.016 0.293 0.324 1.172 0.088 0.191 0.000 0.005 0.000 
172 1.367209e+08 3.3369 3.7676 1.7196  8.4086 4.7824 0.0000 0.0000 0.3902 0.6097 0.000 0.625  0.014 0.293 0.323 1.198 0.088 0.191 0.000 0.005 0.000 
173 1.367230e+08 3.3336 3.7606 1.6949  8.4090 4.7867 0.0000 0.0000 0.3902 0.6097 0.000 0.625  0.012 0.293 0.323 1.211 0.088 0.191 0.000 0.005 0.000 
174 1.367251e+08 3.3298 3.7527 1.6671  8.4093 4.7915 0.0000 0.0000 0.3902 0.6097 0.000 0.625  0.011 0.293 0.323 1.227 0.088 0.191 0.000 0.006 0.000 
175 1.367276e+08 3.3196 3.7365 1.6125  8.4101 4.8022 0.0000 0.0000 0.3902 0.6097 0.000 0.625  0.008 0.293 0.322 1.268 0.088 0.189 0.000 0.006 0.000 
176 1.367311e+08 3.3125 3.7298 1.5928  8.4106 4.8084 0.0000 0.0000 0.3902 0.6097 0.000 0.625  0.007 0.293 0.322 1.295 0.090 0.189 0.000 0.006 0.000 
177 1.367360e+08 3.2919 3.7198 1.5734  8.4118 4.8224 0.0000 0.0000 0.3902 0.6097 0.000 0.625  0.005 0.293 0.320 1.371 0.090 0.189 0.000 0.006 0.000 
178 1.367419e+08 3.2618 3.7119 1.5719  8.4133 4.8391 0.0000 0.0000 0.3902 0.6097 0.000 0.625  0.003 0.294 0.317 1.483 0.090 0.189 0.000 0.007 0.000 
179 1.367432e+08 3.2618 3.7119 1.5719  8.4133 4.8391 0.0000 0.0000 0.3902 0.6097 0.000 0.625  0.003 0.294 0.317 1.483 0.090 0.189 0.000 0.007 0.000 lmineagb
180 1.367479e+08 3.2705 3.7041 1.5320  8.4151 4.8572 0.0000 0.0000 0.3902 0.6097 0.000 0.625  0.001 0.294 0.314 1.468 0.090 0.189 0.000 0.007 0.000 
181 1.367507e+08 3.3157 3.6997 1.4692  8.4160 4.8662 0.0000 0.0000 0.3902 0.6097 0.000 0.625  0.001 0.294 0.312 1.333 0.090 0.189 0.000 0.006 0.000 
182 1.367532e+08 3.3157 3.6997 1.4692  8.4160 4.8662 0.0000 0.0000 0.3902 0.6097 0.000 0.625  0.001 0.294 0.312 1.333 0.090 0.189 0.000 0.006 0.000 
183 1.367563e+08 3.3677 3.6963 1.4036  8.4168 4.8750 0.0000 0.0000 0.3902 0.6097 0.000 0.625  0.000 0.294 0.312 1.198 0.090 0.189 0.000 0.006 0.000 
184 1.367618e+08 3.4355 3.6924 1.3202  8.4184 4.8922 0.0000 0.0000 0.3902 0.6097 0.000 0.536  0.000 0.294 0.310 1.051 0.092 0.189 0.000 0.005 0.000 
185 1.367787e+08 3.4814 3.6896 1.2631  8.4224 4.9339 0.0000 0.0000 0.3902 0.6097 0.000 0.465  0.000 0.295 0.309 0.995 0.093 0.189 0.000 0.005 0.000 
186 1.368129e+08 3.5202 3.6875 1.2159  8.4296 5.0085 0.0000 0.0000 0.3902 0.6097 0.000 0.430  0.000 0.296 0.307 0.987 0.098 0.191 0.000 0.005 0.000 
187 1.368543e+08 3.5590 3.6852 1.1679  8.4377 5.0944 0.0000 0.0000 0.3902 0.6097 0.000 0.401  0.000 0.298 0.304 0.984 0.102 0.192 0.000 0.008 0.000 
188 1.368988e+08 3.5959 3.6832 1.1230  8.4469 5.1784 0.0000 0.0000 0.3902 0.6097 0.000 0.383  0.000 0.000 0.000 0.982 0.109 0.192 0.000 0.009 0.000 
189 1.369412e+08 3.6366 3.6811 1.0739  8.4582 5.2681 0.0000 0.0000 0.3902 0.6097 0.000 0.366  0.000 0.000 0.000 0.979 0.118 0.194 0.000 0.011 0.000 
190 1.369803e+08 3.6804 3.6787 1.0205  8.4711 5.3597 0.0000 0.0000 0.3902 0.6097 0.000 0.353  0.000 0.000 0.000 0.975 0.126 0.195 0.000 0.013 0.000 
191 1.370157e+08 3.7107 3.6771 0.9838  8.4803 5.4214 0.0000 0.0000 0.3902 0.6097 0.000 0.347  0.000 0.000 0.000 0.973 0.132 0.195 0.000 0.015 0.000 
192 1.370469e+08 3.7607 3.6744 0.9230  8.4956 5.5208 0.0000 0.0000 0.3902 0.6097 0.000 0.335  0.000 0.000 0.000 0.964 0.140 0.196 0.000 0.019 0.000 
193 1.370749e+08 3.8034 3.6722 0.8715  8.5084 5.6050 0.0000 0.0000 0.3902 0.6097 0.000 0.328  0.000 0.000 0.000 0.958 0.146 0.197 0.000 0.024 0.000 
194 1.371001e+08 3.8439 3.6697 0.8210  8.5195 5.6865 0.0000 0.0000 0.3902 0.6097 0.000 0.323  0.000 0.000 0.000 0.952 0.156 0.199 0.000 0.030 0.000 
195 1.371237e+08 3.8806 3.6677 0.7763  8.5282 5.7636 0.0000 0.0000 0.3902 0.6097 0.000 0.319  0.000 0.000 0.000 0.950 0.161 0.200 0.000 0.037 0.000 
196 1.371458e+08 3.9152 3.6657 0.7337  8.5343 5.8406 0.0000 0.0000 0.3902 0.6097 0.000 0.316  0.000 0.000 0.000 0.949 0.167 0.201 0.000 0.045 0.003 
197 1.371668e+08 3.9571 3.6634 0.6826  8.5377 5.9398 0.0000 0.0000 0.3902 0.6097 0.000 0.313  0.000 0.000 0.000 0.947 0.173 0.202 0.000 0.057 0.014 
198 1.371862e+08 4.0037 3.6608 0.6256  8.5298 6.0580 0.0000 0.0000 0.3902 0.6097 0.000 0.309  0.000 0.000 0.000 0.941 0.180 0.203 0.000 0.074 0.030 
199 1.372042e+08 4.0417 3.6586 0.5788  8.5162 6.1597 0.0000 0.0000 0.3902 0.6097 0.000 0.305  0.000 0.000 0.000 0.936 0.185 0.205 0.000 0.092 0.043 
200 1.372208e+08 4.0785 3.6568 0.5348  8.4948 6.2617 0.0000 0.0000 0.3902 0.6097 0.000 0.299  0.000 0.000 0.000 0.930 0.190 0.206 0.000 0.112 0.060 
201 1.372355e+08 4.1216 3.6545 0.4825  8.4590 6.3789 0.0000 0.0000 0.3902 0.6097 0.000 0.284  0.000 0.000 0.000 0.917 0.195 0.208 0.000 0.135 0.077 
202 1.372475e+08 4.1642 3.6533 0.4351  8.4184 6.4816 0.0000 0.0000 0.3902 0.6097 0.000 0.255  0.000 0.000 0.000 0.910 0.199 0.210 0.000 0.152 0.093 
203 1.372546e+08 4.1856 3.6529 0.4121  8.3936 6.5388 0.0000 0.0000 0.3902 0.6097 0.000 0.234  0.000 0.000 0.000 0.890 0.202 0.211 0.000 0.163 0.102 
204 1.372638e+08 4.2242 3.6505 0.3639  8.3555 6.6215 0.0000 0.0000 0.3902 0.6097 0.000 0.228  0.000 0.000 0.000 0.882 0.205 0.213 0.000 0.171 0.115 
205 1.372719e+08 4.2637 3.6482 0.3152  8.3228 6.6938 0.0000 0.0000 0.3902 0.6097 0.000 0.226  0.000 0.000 0.000 0.886 0.208 0.214 0.000 0.171 0.127 
206 1.372877e+08 4.2883 3.6469 0.2854  8.2631 6.8396 0.0000 0.0000 0.3902 0.6097 0.000 0.221  0.000 0.000 0.000 0.857 0.215 0.219 0.000 0.180 0.151 
207 1.372909e+08 4.2501 3.6494 0.3336  8.2522 6.8682 0.0000 0.0000 0.3902 0.6097 0.000 0.221  0.000 0.221 0.221 0.843 0.216 0.219 0.000 0.198 0.154 
208 1.372929e+08 4.2105 3.6518 0.3828  8.2455 6.8858 0.0000 0.0000 0.3902 0.6097 0.000 0.221  0.000 0.221 0.221 0.836 0.217 0.220 0.000 0.217 0.157 
209 1.372943e+08 4.1767 3.6541 0.4258  8.2412 6.8967 0.0000 0.0000 0.3902 0.6097 0.000 0.221  0.000 0.221 0.221 0.826 0.217 0.220 0.000 0.234 0.158 
210 1.372954e+08 4.1395 3.6565 0.4726  8.2378 6.9055 0.0000 0.0000 0.3902 0.6097 0.000 0.221  0.000 0.221 0.221 0.811 0.217 0.220 0.000 0.253 0.159 
211 1.372966e+08 4.0961 3.6591 0.5264  8.2340 6.9150 0.0000 0.0000 0.3902 0.6097 0.000 0.221  0.019 0.221 0.221 0.770 0.217 0.220 0.000 0.279 0.160 
212 1.372982e+08 4.1208 3.6575 0.4953  8.2278 6.9310 0.0000 0.0000 0.3902 0.6097 0.000 0.221  0.348 0.221 0.221 0.368 0.218 0.221 0.000 0.260 0.162 
213 1.373001e+08 4.1593 3.6548 0.4460  8.2217 6.9456 0.0000 0.0000 0.3902 0.6097 0.000 0.221  0.501 0.221 0.221 0.209 0.218 0.221 0.000 0.234 0.164 
214 1.373060e+08 4.1942 3.6528 0.4031  8.2018 6.9853 0.0000 0.0000 0.3902 0.6097 0.000 0.221  0.532 0.221 0.221 0.195 0.219 0.221 0.000 0.191 0.168 
215 1.373084e+08 4.2210 3.6512 0.3699  8.1943 7.0004 0.0000 0.0000 0.3902 0.6097 0.000 0.221  0.668 0.221 0.221 0.050 0.219 0.221 0.000 0.171 0.170 
216 1.373109e+08 4.2440 3.6495 0.3401  8.1867 7.0155 0.0000 0.0000 0.3902 0.6097 0.000 0.221  0.774 0.221 0.221 0.047 0.219 0.221 0.000 0.153 0.171 1sttp
