#   60  1.0 Mo Pure hydrogen grid                                                                                                           Mon Oct 17 08:11:46 2011
# Teff   log g  Mbol     BC    U      B      V      R      I      J      H      K      u      g      r      i      z      y      b-y    u-b    v-y    V-I    G-R    U-V    U-G    B-V     Age
  1500. 8.641 21.110  1.430 23.770 21.801 19.680 19.671 21.233 21.063 21.062 22.495 24.728 20.665 19.554 21.557 21.189 19.592  1.522  4.640  3.339 -2.342  0.050  5.357  4.158  2.506 1.086E+10
  1750. 8.641 20.441  1.084 23.221 21.386 19.357 19.103 20.231 20.203 20.314 21.413 24.176 20.351 19.014 20.561 20.322 19.310  1.439  4.451  3.099 -1.539  0.602  5.076  3.958  2.281 1.080E+10
  2000. 8.641 19.861  0.898 22.802 21.019 18.963 18.588 19.348 19.426 19.620 20.454 23.747 19.976 18.538 19.701 19.544 18.926  1.454  4.358  3.114 -0.981  0.977  5.006  3.878  2.302 1.073E+10
  2250. 8.641 19.350  0.642 22.406 20.725 18.708 18.194 18.596 18.737 19.002 19.638 23.338 19.712 18.201 18.966 18.871 18.681  1.424  4.188  3.025 -0.434  1.328  4.819  3.718  2.231 1.065E+10
  2500. 8.641 18.892  0.409 22.021 20.445 18.483 17.855 17.942 18.129 18.453 18.947 22.942 19.466 17.928 18.334 18.276 18.460  1.383  4.018  2.925  0.030  1.580  4.622  3.558  2.148 1.056E+10
  2750. 8.641 18.478  0.203 21.644 20.170 18.275 17.560 17.381 17.576 17.935 18.306 22.554 19.228 17.702 17.804 17.753 18.255  1.334  3.850  2.815  0.410  1.727  4.421  3.400  2.058 1.045E+10
  3000. 8.641 18.100  0.026 21.262 19.893 18.074 17.301 16.904 17.063 17.447 17.739 22.163 18.989 17.504 17.367 17.296 18.054  1.278  3.682  2.698  0.705  1.780  4.214  3.242  1.961 1.033E+10
  3250. 8.641 17.752 -0.121 20.867 19.604 17.873 17.073 16.521 16.579 16.958 17.186 21.758 18.743 17.321 17.023 16.909 17.852  1.215  3.509  2.571  0.898  1.757  3.996  3.080  1.854 1.021E+10
  3500. 8.641 17.430 -0.232 20.447 19.298 17.662 16.866 16.230 16.124 16.467 16.645 21.328 18.482 17.138 16.757 16.599 17.641  1.146  3.327  2.432  0.985  1.681  3.764  2.909  1.739 1.008E+10
  3750. 8.641 17.130 -0.311 20.001 18.972 17.440 16.671 16.006 15.709 15.978 16.109 20.873 18.205 16.951 16.544 16.357 17.419  1.070  3.135  2.283  0.987  1.572  3.518  2.728  1.613 9.940E+09
  4000. 8.641 16.849 -0.354 19.520 18.621 17.203 16.476 15.817 15.355 15.514 15.599 20.383 17.907 16.752 16.355 16.159 17.181  0.989  2.927  2.121  0.937  1.442  3.252  2.534  1.478 9.769E+09
  4250. 8.640 16.585 -0.361 18.996 18.240 16.946 16.270 15.637 15.081 15.099 15.135 19.850 17.583 16.536 16.168 15.983 16.925  0.903  2.700  1.943  0.857  1.298  2.963  2.321  1.329 9.511E+09
  4500. 8.640 16.337 -0.337 18.437 17.836 16.673 16.051 15.455 14.877 14.751 14.759 19.282 17.240 16.305 15.974 15.810 16.652  0.814  2.455  1.757  0.765  1.149  2.655  2.091  1.174 9.246E+09
  4750. 8.640 16.101 -0.294 17.873 17.431 16.395 15.825 15.270 14.716 14.482 14.450 18.710 16.893 16.067 15.777 15.639 16.374  0.730  2.208  1.575  0.669  1.005  2.350  1.859  1.024 8.923E+09
  5000. 8.640 15.877 -0.238 17.321 17.031 16.115 15.597 15.084 14.572 14.286 14.217 18.150 16.549 15.827 15.577 15.467 16.096  0.653  1.969  1.405  0.575  0.869  2.060  1.635  0.885 8.536E+09
  5250. 8.639 15.664 -0.185 16.802 16.659 15.849 15.378 14.905 14.439 14.144 14.062 17.626 16.225 15.597 15.386 15.302 15.831  0.586  1.742  1.255  0.488  0.748  1.792  1.426  0.763 8.023E+09
  5500. 8.638 15.460 -0.142 16.325 16.317 15.602 15.174 14.737 14.316 14.030 13.951 17.144 15.925 15.383 15.206 15.147 15.585  0.528  1.534  1.122  0.408  0.640  1.552  1.236  0.657 7.303E+09
  6000. 8.636 15.076 -0.095 15.486 15.729 15.171 14.817 14.443 14.100 13.844 13.786 16.301 15.407 15.010 14.892 14.876 15.156  0.432  1.156  0.905  0.270  0.459  1.132  0.899  0.482 5.536E+09
  6500. 8.634 14.725 -0.096 14.822 15.264 14.821 14.526 14.204 13.924 13.697 13.661 15.638 14.992 14.708 14.636 14.656 14.808  0.360  0.866  0.751  0.159  0.317  0.822  0.653  0.355 4.765E+09
  7000. 8.633 14.401 -0.125 14.321 14.887 14.525 14.279 14.001 13.775 13.575 13.558 15.141 14.649 14.451 14.419 14.468 14.514  0.305  0.691  0.647  0.066  0.203  0.626  0.505  0.265 4.157E+09
  7500. 8.632 14.099 -0.165 13.929 14.569 14.264 14.057 13.817 13.642 13.470 13.468 14.751 14.353 14.220 14.223 14.298 14.253  0.263  0.589  0.578 -0.011  0.112  0.503  0.419  0.200 3.647E+09
  8000. 8.632 13.816 -0.209 13.607 14.291 14.025 13.852 13.645 13.521 13.376 13.387 14.432 14.089 14.008 14.040 14.139 14.015  0.229  0.530  0.532 -0.079  0.036  0.426  0.371  0.153 3.212E+09
  8500. 8.631 13.551 -0.253 13.333 14.041 13.803 13.660 13.484 13.408 13.290 13.309 14.159 13.849 13.811 13.868 13.991 13.794  0.201  0.498  0.503 -0.140 -0.030  0.378  0.348  0.119 2.823E+09
  9000. 8.630 13.300 -0.295 13.092 13.814 13.595 13.480 13.333 13.302 13.209 13.235 13.920 13.628 13.625 13.707 13.852 13.586  0.177  0.484  0.485 -0.197 -0.088  0.350  0.340  0.095 2.472E+09
  9500. 8.629 13.063 -0.336 12.875 13.604 13.399 13.310 13.191 13.202 13.131 13.164 13.705 13.422 13.451 13.555 13.721 13.389  0.157  0.480  0.476 -0.252 -0.141  0.334  0.340  0.078 2.166E+09
 10000. 8.628 12.838 -0.376 12.676 13.410 13.214 13.150 13.057 13.109 13.058 13.095 13.507 13.230 13.287 13.412 13.599 13.204  0.140  0.479  0.471 -0.304 -0.190  0.325  0.343  0.067 1.898E+09
 10500. 8.627 12.624 -0.428 12.501 13.240 13.052 13.011 12.941 13.027 12.992 13.034 13.333 13.062 13.143 13.288 13.494 13.041  0.125  0.478  0.468 -0.352 -0.232  0.316  0.344  0.058 1.660E+09
 11000. 8.626 12.419 -0.479 12.332 13.077 12.898 12.879 12.833 12.948 12.930 12.975 13.165 12.902 13.008 13.171 13.395 12.887  0.111  0.475  0.464 -0.398 -0.273  0.306  0.343  0.050 1.443E+09
 11500. 8.625 12.224 -0.545 12.183 12.938 12.769 12.769 12.742 12.882 12.875 12.924 13.017 12.766 12.894 13.074 13.312 12.757  0.098  0.466  0.456 -0.438 -0.309  0.289  0.335  0.041 1.249E+09
 12000. 8.624 12.036 -0.623 12.049 12.818 12.660 12.675 12.666 12.825 12.828 12.879 12.884 12.649 12.798 12.992 13.242 12.648  0.086  0.451  0.446 -0.472 -0.341  0.268  0.321  0.030 1.079E+09
 12500. 8.623 11.857 -0.707 11.929 12.710 12.564 12.594 12.600 12.775 12.785 12.839 12.765 12.546 12.714 12.921 13.181 12.552  0.074  0.436  0.435 -0.501 -0.370  0.246  0.308  0.019 9.326E+08
 13000. 8.622 11.684 -0.799 11.827 12.618 12.483 12.526 12.545 12.733 12.749 12.805 12.663 12.457 12.643 12.862 13.130 12.471  0.063  0.425  0.424 -0.528 -0.397  0.226  0.297  0.009 8.110E+08
 13500. 8.621 11.518 -0.904 11.749 12.548 12.422 12.475 12.504 12.701 12.722 12.779 12.586 12.390 12.590 12.819 13.092 12.411  0.053  0.416  0.415 -0.548 -0.419  0.211  0.288  0.000 7.222E+08
 14000. 8.620 11.358 -1.012 11.682 12.487 12.370 12.431 12.469 12.673 12.697 12.755 12.519 12.332 12.545 12.781 13.060 12.358  0.044  0.409  0.407 -0.566 -0.438  0.198  0.281 -0.008 6.547E+08
 14500. 8.620 11.203 -1.114 11.613 12.425 12.317 12.387 12.433 12.645 12.673 12.731 12.450 12.272 12.499 12.744 13.026 12.306  0.034  0.401  0.397 -0.583 -0.459  0.183  0.273 -0.018 5.954E+08
 15000. 8.619 11.054 -1.209 11.538 12.358 12.263 12.340 12.395 12.614 12.646 12.706 12.376 12.210 12.450 12.703 12.990 12.252  0.024  0.389  0.383 -0.599 -0.479  0.163  0.262 -0.031 5.428E+08
 15500. 8.618 10.910 -1.297 11.457 12.289 12.207 12.291 12.354 12.581 12.616 12.678 12.295 12.145 12.399 12.660 12.952 12.197  0.014  0.372  0.366 -0.613 -0.498  0.139  0.247 -0.047 4.960E+08
 16000. 8.617 10.769 -1.383 11.373 12.220 12.152 12.241 12.311 12.546 12.586 12.649 12.212 12.081 12.348 12.615 12.911 12.143  0.005  0.351  0.347 -0.625 -0.515  0.111  0.229 -0.064 4.545E+08
 16500. 8.616 10.634 -1.465 11.290 12.151 12.098 12.192 12.268 12.511 12.555 12.619 12.129 12.018 12.297 12.571 12.870 12.091 -0.003  0.327  0.326 -0.635 -0.529  0.081  0.207 -0.081 4.174E+08
 17000. 8.615 10.502 -1.545 11.207 12.085 12.047 12.143 12.226 12.476 12.523 12.590 12.046 11.957 12.248 12.527 12.830 12.040 -0.011  0.301  0.306 -0.644 -0.543  0.050  0.184 -0.098 3.842E+08
 20000. 8.610  9.784 -1.980 10.750 11.728 11.764 11.875 11.984 12.272 12.336 12.412 11.591 11.629 11.974 12.278 12.595 11.761 -0.044  0.151  0.198 -0.681 -0.601 -0.123  0.046 -0.176 2.405E+08
 25000. 8.602  8.795 -2.560 10.125 11.230 11.354 11.485 11.624 11.964 12.049 12.140 10.967 11.166 11.576 11.910 12.246 11.356 -0.080 -0.040  0.071 -0.728 -0.667 -0.337 -0.133 -0.263 1.209E+08
 30000. 8.594  7.982 -2.984  9.570 10.769 10.966 11.108 11.270 11.649 11.752 11.855 10.412 10.735 11.195 11.550 11.900 10.971 -0.105 -0.190 -0.033 -0.759 -0.713 -0.503 -0.273 -0.329 6.219E+07
 35000. 8.579  7.275 -3.369  9.145 10.395 10.644 10.789 10.962 11.357 11.469 11.572  9.988 10.380 10.872 11.240 11.594 10.651 -0.122 -0.279 -0.108 -0.771 -0.736 -0.606 -0.360 -0.374 3.566E+07
 40000. 8.569  6.671 -3.771  8.893 10.169 10.442 10.589 10.768 11.171 11.286 11.389  9.737 10.163 10.671 11.045 11.402 10.450 -0.129 -0.325 -0.142 -0.779 -0.748 -0.656 -0.403 -0.396 1.545E+07
 45000. 8.560  6.136 -4.152  8.709 10.000 10.288 10.437 10.621 11.028 11.144 11.247  9.552 10.000 10.518 10.897 11.255 10.298 -0.133 -0.353 -0.164 -0.783 -0.755 -0.687 -0.430 -0.410 5.478E+06
 50000. 8.551  5.656 -4.506  8.560  9.862 10.162 10.312 10.498 10.908 11.026 11.128  9.404  9.866 10.392 10.773 11.133 10.172 -0.136 -0.373 -0.180 -0.787 -0.761 -0.709 -0.449 -0.420 2.373E+06
 55000. 8.542  5.219 -4.832  8.432  9.743 10.051 10.202 10.391 10.803 10.922 11.024  9.276  9.750 10.281 10.665 11.026 10.061 -0.139 -0.388 -0.192 -0.790 -0.765 -0.726 -0.463 -0.428 1.371E+06
 60000. 8.533  4.818 -5.133  8.318  9.636  9.951 10.103 10.293 10.707 10.827 10.929  9.163  9.646 10.182 10.568 10.929  9.962 -0.141 -0.400 -0.202 -0.792 -0.769 -0.740 -0.475 -0.435 9.600E+05
 65000. 8.524  4.449 -5.411  8.216  9.540  9.860 10.013 10.205 10.620 10.741 10.842  9.061  9.551 10.091 10.479 10.840  9.871 -0.143 -0.410 -0.210 -0.794 -0.772 -0.751 -0.485 -0.440 7.405E+05
 70000. 8.515  4.105 -5.669  8.121  9.449  9.775  9.928 10.121 10.538 10.659 10.761  8.966  9.462 10.006 10.395 10.757  9.786 -0.145 -0.419 -0.217 -0.796 -0.775 -0.760 -0.493 -0.445 6.090E+05
 75000. 8.506  3.781 -5.910  8.029  9.362  9.691  9.845 10.040 10.458 10.579 10.681  8.874  9.376  9.923 10.313 10.676  9.703 -0.146 -0.426 -0.223 -0.798 -0.777 -0.769 -0.500 -0.449 5.144E+05
 80000. 8.496  3.478 -6.135  7.944  9.280  9.614  9.768  9.963 10.383 10.505 10.606  8.789  9.296  9.846 10.237 10.600  9.625 -0.147 -0.433 -0.228 -0.799 -0.779 -0.776 -0.506 -0.453 4.504E+05
 85000. 8.487  3.192 -6.347  7.863  9.203  9.539  9.694  9.891 10.311 10.433 10.534  8.708  9.220  9.772 10.164 10.528  9.551 -0.148 -0.438 -0.232 -0.801 -0.781 -0.782 -0.511 -0.456 4.098E+05
 90000. 8.478  2.921 -6.546  7.785  9.127  9.467  9.623  9.820 10.241 10.364 10.465  8.630  9.146  9.700 10.093 10.457  9.479 -0.149 -0.443 -0.236 -0.802 -0.783 -0.788 -0.516 -0.459 3.836E+05
