#n   age/yr      logL   logTef grav    logTc  logrho Xc     Yc     Xc_C   Xc_O   Q_conv Q_disc L_H/L Q1_H Q2_H L_He/L Q1_He Q2_He L_C/L L_nu/L Q_Tmax phase
#(1) (2)         (3)    (4)    (5)     (6)    (7)    (8)    (9)    (10)   (11)   (12)   (13)   (14) (15)  (16) (17)   (18)  (19)  (20)  (21)   (22)   (23) 
  1 0.000000e+00 0.3167 3.8331 4.4411  7.1971 1.9901 0.7330 0.2629 0.0000 0.0019 0.070 0.180  1.001 0.000 0.401 0.000 0.000 0.000 0.000 0.000 0.000 bms
  2 5.807825e+08 0.3549 3.8350 4.4105  7.2109 2.0320 0.6642 0.3316 0.0000 0.0019 0.058 0.612  1.000 0.000 0.454 0.000 0.000 0.000 0.000 0.000 0.000 
  3 1.161328e+09 0.3955 3.8373 4.3791  7.2300 2.0874 0.5816 0.4142 0.0000 0.0018 0.049 0.676  1.000 0.000 0.467 0.000 0.000 0.000 0.000 0.000 0.000 
  4 1.700317e+09 0.4343 3.8392 4.3479  7.2497 2.1465 0.4973 0.4986 0.0000 0.0017 0.041 0.703  1.000 0.000 0.482 0.000 0.000 0.000 0.000 0.000 0.000 
  5 2.201062e+09 0.4756 3.8404 4.3114  7.2729 2.2179 0.4004 0.5954 0.0000 0.0014 0.035 0.720  1.000 0.000 0.482 0.000 0.000 0.000 0.000 0.000 0.000 
  6 2.411535e+09 0.4939 3.8406 4.2939  7.2842 2.2530 0.3544 0.6415 0.0000 0.0012 0.033 0.728  1.000 0.000 0.482 0.000 0.000 0.000 0.000 0.000 0.000 tmaxms
  7 2.895222e+09 0.5344 3.8387 4.2458  7.3149 2.3417 0.2312 0.7648 0.0000 0.0005 0.034 0.743  1.001 0.000 0.474 0.000 0.000 0.000 0.000 0.000 0.000 
  8 3.320668e+09 0.5685 3.8334 4.1905  7.3516 2.4457 0.0961 0.9000 0.0000 0.0002 0.037 0.750  1.001 0.000 0.454 0.000 0.000 0.000 0.000 0.000 0.000 
  9 3.410937e+09 0.5791 3.8328 4.1775  7.3629 2.4872 0.0619 0.9342 0.0000 0.0002 0.035 0.750  1.000 0.000 0.454 0.000 0.000 0.000 0.000 0.000 0.000 tminms
 10 3.531921e+09 0.6148 3.8372 4.1594  7.3803 2.6354 0.0143 0.9818 0.0000 0.0001 0.017 0.750  0.996 0.000 0.482 0.000 0.000 0.000 0.000 0.000 0.000 
 11 3.564862e+09 0.6350 3.8396 4.1488  7.3469 2.7870 0.0051 0.9910 0.0000 0.0001 0.000 0.750  1.000 0.000 0.496 0.000 0.000 0.000 0.000 0.000 0.000 tmaxlms
 12 3.825378e+09 0.6697 3.8348 4.0949  7.3207 2.9209 0.0001 0.9960 0.0000 0.0001 0.000 0.757  1.001 0.006 0.474 0.000 0.000 0.000 0.000 0.000 0.000 
 13 4.039728e+09 0.7065 3.8297 4.0377  7.3294 3.0219 0.0000 0.9961 0.0000 0.0001 0.000 0.757  1.001 0.027 0.461 0.000 0.000 0.000 0.000 0.000 0.000 
 14 4.200382e+09 0.7394 3.8241 3.9824  7.3365 3.1445 0.0000 0.9961 0.0000 0.0001 0.000 0.757  1.001 0.037 0.448 0.000 0.000 0.000 0.000 0.000 0.000 
 15 4.323074e+09 0.7687 3.8167 3.9235  7.3432 3.2874 0.0000 0.9961 0.0000 0.0001 0.000 0.757  1.002 0.046 0.435 0.000 0.000 0.000 0.000 0.000 0.000 
 16 4.417110e+09 0.7889 3.8097 3.8753  7.3502 3.4149 0.0000 0.9961 0.0000 0.0001 0.000 0.757  1.002 0.058 0.415 0.000 0.000 0.000 0.000 0.000 0.000 
 17 4.486209e+09 0.8067 3.8005 3.8207  7.3624 3.5771 0.0000 0.9961 0.0000 0.0001 0.000 0.757  1.003 0.070 0.387 0.000 0.000 0.000 0.000 0.000 0.000 
 18 4.534590e+09 0.8155 3.7907 3.7727  7.3796 3.7371 0.0000 0.9961 0.0000 0.0001 0.000 0.757  1.005 0.079 0.353 0.000 0.000 0.000 0.000 0.000 0.000 
 19 4.543482e+09 0.8162 3.7866 3.7556  7.3882 3.8005 0.0000 0.9961 0.0000 0.0001 0.000 0.757  1.006 0.084 0.336 0.000 0.000 0.000 0.000 0.000 0.000 lmaxsgb
 20 4.575478e+09 0.8125 3.7779 3.7245  7.4079 3.9260 0.0000 0.9961 0.0000 0.0001 0.000 0.757  1.008 0.092 0.308 0.000 0.000 0.000 0.000 0.000 0.000 
 21 4.599608e+09 0.8014 3.7685 3.6980  7.4297 4.0499 0.0000 0.9961 0.0000 0.0001 0.000 0.757  1.010 0.098 0.278 0.000 0.000 0.000 0.000 0.000 0.000 
 22 4.619854e+09 0.7838 3.7589 3.6772  7.4512 4.1719 0.0000 0.9961 0.0000 0.0001 0.000 0.757  1.012 0.107 0.243 0.000 0.000 0.000 0.000 0.000 0.000 
 23 4.639424e+09 0.7647 3.7491 3.6571  7.4698 4.2915 0.0000 0.9961 0.0000 0.0001 0.000 0.757  1.012 0.114 0.218 0.000 0.000 0.000 0.000 0.000 0.000 
 24 4.662387e+09 0.7528 3.7397 3.6314  7.4833 4.4090 0.0000 0.9961 0.0000 0.0001 0.000 0.754  1.010 0.122 0.197 0.000 0.000 0.000 0.000 0.000 0.000 
 25 4.673364e+09 0.7544 3.7356 3.6134  7.4877 4.4668 0.0000 0.9961 0.0000 0.0001 0.000 0.750  1.008 0.125 0.190 0.000 0.000 0.000 0.000 0.000 0.000 brgb
 26 4.700015e+09 0.7721 3.7280 3.5653  7.4915 4.5802 0.0000 0.9961 0.0000 0.0001 0.000 0.629  1.004 0.134 0.177 0.000 0.000 0.000 0.000 0.000 0.000 
 27 4.710808e+09 0.7875 3.7252 3.5387  7.4913 4.6260 0.0000 0.9961 0.0000 0.0001 0.000 0.584  1.002 0.137 0.175 0.000 0.000 0.000 0.000 0.000 0.000 brgbs
 28 4.733970e+09 0.8289 3.7212 3.4813  7.4892 4.7079 0.0000 0.9961 0.0000 0.0001 0.000 0.482  1.000 0.143 0.172 0.000 0.000 0.000 0.000 0.000 0.000 
 29 4.754087e+09 0.8674 3.7188 3.4332  7.4875 4.7631 0.0000 0.9961 0.0000 0.0001 0.000 0.424  0.999 0.148 0.172 0.000 0.000 0.000 0.000 0.000 0.000 
 30 4.772493e+09 0.9039 3.7172 3.3903  7.4866 4.8063 0.0000 0.9961 0.0000 0.0001 0.000 0.384  0.999 0.152 0.172 0.000 0.000 0.000 0.000 0.000 0.000 
 31 4.789907e+09 0.9460 3.7150 3.3394  7.4865 4.8505 0.0000 0.9961 0.0000 0.0001 0.000 0.351  0.998 0.156 0.174 0.000 0.000 0.000 0.000 0.000 0.000 
 32 4.805854e+09 0.9880 3.7134 3.2910  7.4873 4.8888 0.0000 0.9961 0.0000 0.0001 0.000 0.317  0.998 0.160 0.176 0.000 0.000 0.000 0.000 0.000 0.000 
 33 4.820786e+09 1.0272 3.7121 3.2466  7.4888 4.9210 0.0000 0.9961 0.0000 0.0001 0.000 0.296  0.997 0.164 0.178 0.000 0.000 0.000 0.000 0.000 0.000 
 34 4.834548e+09 1.0672 3.7106 3.2006  7.4911 4.9511 0.0000 0.9961 0.0000 0.0001 0.000 0.282  0.997 0.167 0.180 0.000 0.000 0.000 0.000 0.000 0.000 
 35 4.847264e+09 1.1115 3.7090 3.1499  7.4943 4.9820 0.0000 0.9961 0.0000 0.0001 0.000 0.268  0.997 0.171 0.182 0.000 0.000 0.000 0.000 0.000 0.000 
 36 4.859107e+09 1.1499 3.7076 3.1059  7.4974 5.0071 0.0000 0.9961 0.0000 0.0001 0.000 0.259  0.997 0.175 0.185 0.000 0.000 0.000 0.000 0.000 0.000 
 37 4.870065e+09 1.1906 3.7061 3.0592  7.5012 5.0322 0.0000 0.9961 0.0000 0.0001 0.000 0.250  0.997 0.178 0.187 0.000 0.000 0.000 0.000 0.000 0.000 
 38 4.879949e+09 1.2314 3.7043 3.0112  7.5053 5.0558 0.0000 0.9961 0.0000 0.0001 0.000 0.247  0.997 0.182 0.190 0.000 0.000 0.000 0.000 0.000 0.000 
 39 4.889168e+09 1.2719 3.7026 2.9639  7.5097 5.0781 0.0000 0.9961 0.0000 0.0001 0.000 0.244  0.997 0.185 0.193 0.000 0.000 0.000 0.000 0.000 0.000 
 40 4.897793e+09 1.3125 3.7008 2.9161  7.5144 5.1000 0.0000 0.9961 0.0000 0.0001 0.000 0.241  0.997 0.188 0.195 0.000 0.000 0.000 0.000 0.000 0.000 
 41 4.905647e+09 1.3506 3.6989 2.8704  7.5191 5.1198 0.0000 0.9961 0.0000 0.0001 0.000 0.239  0.997 0.191 0.198 0.000 0.000 0.000 0.000 0.000 0.000 
 42 4.912951e+09 1.3925 3.6970 2.8209  7.5245 5.1406 0.0000 0.9961 0.0000 0.0001 0.000 0.238  0.996 0.195 0.201 0.000 0.000 0.000 0.000 0.000 0.000 
 43 4.919638e+09 1.4323 3.6947 2.7719  7.5298 5.1598 0.0000 0.9961 0.0000 0.0001 0.000 0.238  0.996 0.198 0.204 0.000 0.000 0.000 0.000 0.000 0.000 
 44 4.925832e+09 1.4725 3.6932 2.7257  7.5353 5.1785 0.0000 0.9961 0.0000 0.0001 0.000 0.238  0.996 0.201 0.207 0.000 0.000 0.000 0.000 0.000 0.000 
 45 4.931613e+09 1.5139 3.6910 2.6755  7.5413 5.1975 0.0000 0.9961 0.0000 0.0001 0.000 0.238  0.996 0.205 0.210 0.000 0.000 0.000 0.000 0.000 0.000 
 46 4.936967e+09 1.5521 3.6891 2.6297  7.5469 5.2145 0.0000 0.9961 0.0000 0.0001 0.000 0.238  0.996 0.208 0.213 0.000 0.000 0.000 0.000 0.000 0.000 
 47 4.941954e+09 1.5906 3.6860 2.5788  7.5530 5.2320 0.0000 0.9961 0.0000 0.0001 0.000 0.238  0.996 0.211 0.216 0.000 0.000 0.000 0.000 0.000 0.000 
 48 4.946726e+09 1.6315 3.6847 2.5327  7.5595 5.2502 0.0000 0.9961 0.0000 0.0001 0.000 0.238  0.996 0.215 0.219 0.000 0.000 0.000 0.000 0.000 0.000 
 49 4.951208e+09 1.6723 3.6823 2.4823  7.5663 5.2685 0.0000 0.9961 0.0000 0.0001 0.000 0.238  0.996 0.218 0.222 0.000 0.000 0.000 0.000 0.000 0.000 
 50 4.955527e+09 1.7112 3.6803 2.4354  7.5733 5.2863 0.0000 0.9961 0.0000 0.0001 0.000 0.238  0.996 0.222 0.226 0.000 0.000 0.000 0.000 0.000 0.000 
 51 4.960116e+09 1.7513 3.6777 2.3849  7.5818 5.3074 0.0000 0.9961 0.0000 0.0001 0.000 0.238  0.995 0.226 0.230 0.000 0.000 0.000 0.000 0.000 0.000 
 52 4.964528e+09 1.7721 3.6768 2.3605  7.5903 5.3278 0.0000 0.9961 0.0000 0.0001 0.000 0.238  0.995 0.230 0.234 0.000 0.000 0.000 0.000 0.000 0.000 rgbbb
 53 4.969371e+09 1.7352 3.6794 2.4078  7.6002 5.3519 0.0000 0.9961 0.0000 0.0001 0.000 0.238  0.993 0.235 0.238 0.000 0.000 0.000 0.000 0.000 0.000 
 54 4.971167e+09 1.7128 3.6811 2.4370  7.6037 5.3609 0.0000 0.9961 0.0000 0.0001 0.000 0.239  0.994 0.237 0.240 0.000 0.000 0.000 0.000 0.000 0.000 rgbbe
 55 4.974434e+09 1.7511 3.6785 2.3883  7.6077 5.3743 0.0000 0.9961 0.0000 0.0001 0.000 0.242  0.996 0.239 0.242 0.000 0.000 0.000 0.000 0.000 0.000 
 56 4.977826e+09 1.7911 3.6764 2.3399  7.6110 5.3885 0.0000 0.9961 0.0000 0.0001 0.000 0.244  0.996 0.242 0.244 0.000 0.000 0.000 0.000 0.000 0.000 
 57 4.981038e+09 1.8304 3.6738 2.2902  7.6137 5.4025 0.0000 0.9961 0.0000 0.0001 0.000 0.247  0.996 0.245 0.247 0.000 0.000 0.000 0.000 0.000 0.000 
 58 4.984132e+09 1.8634 3.6717 2.2488  7.6158 5.4139 0.0000 0.9961 0.0000 0.0001 0.000 0.249  0.996 0.247 0.249 0.000 0.000 0.000 0.000 0.000 0.000 
 59 4.987254e+09 1.9096 3.6686 2.1902  7.6184 5.4296 0.0000 0.9961 0.0000 0.0001 0.000 0.252  0.996 0.250 0.252 0.000 0.000 0.000 0.000 0.000 0.000 
 60 4.990169e+09 1.9459 3.6664 2.1451  7.6208 5.4416 0.0000 0.9961 0.0000 0.0001 0.000 0.255  0.996 0.257 0.257 0.000 0.000 0.000 0.000 0.000 0.000 
 61 4.993004e+09 1.9887 3.6640 2.0927  7.6243 5.4559 0.0000 0.9961 0.0000 0.0001 0.000 0.258  0.996 0.256 0.258 0.000 0.000 0.000 0.000 0.000 0.000 
 62 4.995623e+09 2.0224 3.6620 2.0510  7.6275 5.4670 0.0000 0.9961 0.0000 0.0001 0.000 0.260  0.996 0.258 0.260 0.000 0.000 0.000 0.000 0.000 0.000 
 63 4.998037e+09 2.0630 3.6593 1.9996  7.6319 5.4803 0.0000 0.9961 0.0000 0.0001 0.000 0.264  0.996 0.262 0.264 0.000 0.000 0.000 0.000 0.000 0.000 
 64 5.000272e+09 2.1030 3.6569 1.9500  7.6367 5.4932 0.0000 0.9961 0.0000 0.0001 0.000 0.267  0.996 0.265 0.267 0.000 0.000 0.000 0.000 0.000 0.000 
 65 5.002318e+09 2.1424 3.6542 1.8998  7.6418 5.5058 0.0000 0.9961 0.0000 0.0001 0.000 0.270  0.996 0.268 0.270 0.000 0.000 0.000 0.000 0.000 0.000 
 66 5.004246e+09 2.1808 3.6516 1.8510  7.6473 5.5180 0.0000 0.9961 0.0000 0.0001 0.000 0.273  0.996 0.271 0.273 0.000 0.000 0.000 0.000 0.000 0.000 
 67 5.006003e+09 2.2267 3.6486 1.7931  7.6541 5.5323 0.0000 0.9961 0.0000 0.0001 0.000 0.277  0.996 0.278 0.278 0.000 0.000 0.000 0.000 0.000 0.000 
 68 5.007663e+09 2.2631 3.6460 1.7463  7.6600 5.5439 0.0000 0.9961 0.0000 0.0001 0.000 0.280  0.996 0.278 0.280 0.000 0.000 0.000 0.000 0.000 0.000 
 69 5.009201e+09 2.3060 3.6428 1.6906  7.6672 5.5576 0.0000 0.9961 0.0000 0.0001 0.000 0.284  0.996 0.282 0.284 0.000 0.000 0.000 0.000 0.000 0.000 
 70 5.010605e+09 2.3410 3.6398 1.6436  7.6734 5.5687 0.0000 0.9961 0.0000 0.0001 0.000 0.287  0.995 0.285 0.287 0.000 0.000 0.000 0.000 0.000 0.000 
 71 5.011932e+09 2.3826 3.6371 1.5912  7.6810 5.5818 0.0000 0.9961 0.0000 0.0001 0.000 0.291  0.995 0.289 0.291 0.000 0.000 0.000 0.000 0.000 0.000 
 72 5.013156e+09 2.4233 3.6341 1.5385  7.6886 5.5947 0.0000 0.9961 0.0000 0.0001 0.000 0.295  0.995 0.293 0.294 0.000 0.000 0.000 0.000 0.000 0.000 
 73 5.014269e+09 2.4577 3.6318 1.4949  7.6950 5.6052 0.0000 0.9961 0.0000 0.0001 0.000 0.298  0.995 0.298 0.299 0.000 0.000 0.000 0.000 0.000 0.000 
 74 5.015323e+09 2.5032 3.6285 1.4362  7.7025 5.6201 0.0000 0.9961 0.0000 0.0001 0.000 0.302  0.995 0.303 0.303 0.000 0.000 0.000 0.000 0.000 0.044 
 75 5.016289e+09 2.5420 3.6257 1.3862  7.7081 5.6329 0.0000 0.9961 0.0000 0.0001 0.000 0.306  0.995 0.307 0.307 0.000 0.000 0.000 0.000 0.000 0.082 
 76 5.017182e+09 2.5803 3.6229 1.3367  7.7140 5.6456 0.0000 0.9961 0.0000 0.0001 0.000 0.310  0.995 0.308 0.310 0.000 0.000 0.000 0.000 0.000 0.097 
 77 5.018009e+09 2.6179 3.6204 1.2891  7.7200 5.6580 0.0000 0.9961 0.0000 0.0001 0.000 0.314  0.995 0.312 0.313 0.000 0.000 0.000 0.000 0.000 0.113 
 78 5.018779e+09 2.6548 3.6178 1.2418  7.7262 5.6703 0.0000 0.9961 0.0000 0.0001 0.000 0.318  0.995 0.316 0.317 0.000 0.000 0.000 0.000 0.000 0.122 
 79 5.019487e+09 2.6967 3.6145 1.1867  7.7335 5.6844 0.0000 0.9961 0.0000 0.0001 0.000 0.322  0.994 0.320 0.322 0.000 0.000 0.000 0.000 0.000 0.132 
 80 5.020146e+09 2.7377 3.6112 1.1325  7.7407 5.6983 0.0000 0.9961 0.0000 0.0001 0.000 0.326  0.994 0.324 0.326 0.000 0.000 0.000 0.000 0.000 0.141 
 81 5.020760e+09 2.7726 3.6086 1.0872  7.7470 5.7101 0.0000 0.9961 0.0000 0.0001 0.000 0.330  0.994 0.328 0.330 0.000 0.000 0.000 0.000 0.000 0.147 
 82 5.021331e+09 2.8120 3.6055 1.0354  7.7542 5.7236 0.0000 0.9961 0.0000 0.0001 0.000 0.335  0.994 0.333 0.334 0.000 0.000 0.000 0.000 0.000 0.157 
 83 5.021870e+09 2.8560 3.6021 0.9778  7.7624 5.7389 0.0000 0.9961 0.0000 0.0001 0.000 0.340  0.994 0.338 0.339 0.000 0.000 0.000 0.000 0.000 0.163 
 84 5.022374e+09 2.8928 3.5989 0.9282  7.7695 5.7521 0.0000 0.9961 0.0000 0.0001 0.000 0.344  0.994 0.344 0.344 0.000 0.000 0.000 0.000 0.000 0.170 
 85 5.022847e+09 2.9290 3.5960 0.8804  7.7766 5.7651 0.0000 0.9961 0.0000 0.0001 0.000 0.349  0.994 0.349 0.349 0.000 0.000 0.000 0.000 0.000 0.176 
 86 5.023287e+09 2.9695 3.5927 0.8267  7.7845 5.7798 0.0000 0.9961 0.0000 0.0001 0.000 0.354  0.993 0.354 0.354 0.000 0.000 0.000 0.000 0.000 0.182 
 87 5.023693e+09 3.0092 3.5893 0.7734  7.7923 5.7943 0.0000 0.9961 0.0000 0.0001 0.000 0.359  0.993 0.359 0.359 0.000 0.000 0.000 0.000 0.000 0.191 
 88 5.024074e+09 3.0462 3.5865 0.7252  7.7996 5.8078 0.0000 0.9961 0.0000 0.0001 0.000 0.364  0.993 0.364 0.364 0.000 0.000 0.000 0.000 0.000 0.194 
 89 5.024429e+09 3.0880 3.5828 0.6686  7.8081 5.8235 0.0000 0.9961 0.0000 0.0001 0.000 0.369  0.993 0.367 0.369 0.000 0.000 0.000 0.000 0.000 0.201 
 90 5.024756e+09 3.1249 3.5793 0.6177  7.8155 5.8375 0.0000 0.9961 0.0000 0.0001 0.000 0.374  0.993 0.372 0.374 0.000 0.000 0.000 0.000 0.000 0.203 
 91 5.025065e+09 3.1652 3.5756 0.5626  7.8238 5.8531 0.0000 0.9961 0.0000 0.0001 0.000 0.380  0.992 0.378 0.380 0.000 0.000 0.000 0.000 0.000 0.209 
 92 5.025354e+09 3.2002 3.5724 0.5148  7.8310 5.8668 0.0000 0.9961 0.0000 0.0001 0.000 0.385  0.992 0.383 0.385 0.000 0.000 0.000 0.000 0.000 0.212 
 93 5.025616e+09 3.2387 3.5680 0.4587  7.8390 5.8821 0.0000 0.9961 0.0000 0.0001 0.000 0.391  0.992 0.389 0.390 0.000 0.000 0.000 0.000 0.000 0.216 
 94 5.025869e+09 3.2760 3.5644 0.4070  7.8468 5.8972 0.0000 0.9961 0.0000 0.0001 0.000 0.397  0.992 0.395 0.396 0.000 0.000 0.000 0.000 0.000 0.222 
 95 5.026065e+09 3.2957 3.5626 0.3801  7.8535 5.9103 0.0000 0.9961 0.0000 0.0001 0.000 0.401  0.992 0.401 0.401 0.000 0.000 0.000 0.000 0.000 0.229 
 96 5.026287e+09 3.3318 3.5585 0.3276  7.8609 5.9250 0.0000 0.9961 0.0000 0.0001 0.000 0.407  0.991 0.407 0.407 0.000 0.000 0.000 0.000 0.000 0.229 
 97 5.026495e+09 3.3715 3.5542 0.2707  7.8690 5.9413 0.0000 0.9961 0.0000 0.0001 0.000 0.413  0.991 0.413 0.413 0.000 0.097 0.209 0.000 0.000 0.232 
 98 5.026694e+09 3.4100 3.5501 0.2158  7.8769 5.9571 0.0000 0.9961 0.0000 0.0001 0.000 0.420  0.991 0.418 0.419 0.000 0.030 0.277 0.000 0.000 0.232 
 99 5.026896e+09 3.4482 3.5462 0.1620  7.8848 5.9727 0.0000 0.9961 0.0000 0.0001 0.000 0.427  0.991 0.425 0.426 0.001 0.002 0.314 0.000 0.000 0.203 
100 5.026966e+09 3.4594 3.5449 0.1456  7.8861 5.9755 0.0000 0.9961 0.0000 0.0001 0.000 0.429  0.991 0.428 0.429 0.006 0.000 0.323 0.000 0.000 0.144 trgb
