 
   Teff    log g   log L/Lo     Age(Gyr)      Y       F220W   F250W   F330W   F344N   F435W   F475W   F502N   F550M   F555W   F606W   F625W   F658N   F660N   F775W   F814W  F850LP   F892N   BC(V)    M_U     M_B     M_V     M_R      M_I	G
   50164.  8.17907 -0.114571   0.001801742 0.10E+01   6.121   6.639   7.312   7.403   9.051   9.187   9.308   9.406   9.330   9.363   9.482   9.388   9.489   9.659   9.687   9.845   9.872  -4.330   7.817   9.084   9.383   9.527   9.721	 9.409
   49412.  8.18077 -0.142514   0.001875958 0.10E+01   6.174   6.698   7.372   7.463   9.111   9.244   9.358   9.457   9.381   9.415   9.535   9.441   9.543   9.713   9.742   9.899   9.925  -4.312   7.876   9.144   9.434   9.580   9.775	 9.460
   48658.  8.18246 -0.170908   0.001954861 0.10E+01   6.259   6.792   7.468   7.560   9.203   9.333   9.437   9.537   9.462   9.497   9.617   9.524   9.626   9.797   9.826   9.981  10.007  -4.321   7.969   9.236   9.514   9.662   9.859	 9.540
   47900.  8.18413 -0.199860   0.002039053 0.10E+01   6.370   6.914   7.588   7.679   9.310   9.436   9.532   9.633   9.559   9.593   9.712   9.619   9.721   9.892   9.919  10.072  10.098  -4.344   8.085   9.343   9.610   9.758   9.952	 9.636
   47140.  8.18577 -0.229277   0.002128622 0.10E+01   6.477   7.023   7.687   7.777   9.394   9.517   9.610   9.708   9.636   9.669   9.785   9.691   9.793   9.961   9.988  10.138  10.164  -4.347   8.181   9.426   9.686   9.831  10.020	 9.712
   46376.  8.18742 -0.259342   0.002224958 0.10E+01   6.572   7.114   7.766   7.855   9.460   9.581   9.672   9.767   9.697   9.728   9.843   9.747   9.849  10.014  10.041  10.188  10.215  -4.332   8.256   9.492   9.746   9.887  10.073	 9.772
   45602.  8.18909 -0.290232   0.002329350 0.10E+01   6.657   7.193   7.835   7.922   9.517   9.636   9.726   9.819   9.750   9.780   9.893   9.796   9.898  10.062  10.087  10.233  10.259  -4.307   8.322   9.549   9.799   9.937  10.120	 9.824
   44821.  8.19078 -0.321929   0.002442773 0.10E+01   6.737   7.266   7.898   7.985   9.571   9.687   9.775   9.867   9.799   9.828   9.939   9.842   9.944  10.105  10.131  10.275  10.301  -4.276   8.383   9.602   9.847   9.983  10.163	 9.872
   44029.  8.19250 -0.354642   0.002567079 0.10E+01   6.812   7.335   7.959   8.044   9.621   9.736   9.823   9.913   9.845   9.874   9.984   9.886   9.988  10.147  10.172  10.314  10.341  -4.241   8.441   9.652   9.893  10.028  10.204	 9.918
   43226.  8.19424 -0.388326   0.002703437 0.10E+01   6.886   7.401   8.017   8.102   9.671   9.784   9.868   9.958   9.891   9.918  10.027   9.928  10.030  10.188  10.212  10.353  10.379  -4.201   8.497   9.701   9.938  10.070  10.244	 9.962
   42416.  8.19601 -0.422963   0.002853328 0.10E+01   6.957   7.466   8.075   8.158   9.719   9.830   9.913  10.001   9.935   9.961  10.069   9.970  10.072  10.228  10.252  10.391  10.417  -4.159   8.552   9.749   9.982  10.112  10.284	10.006
   41624.  8.19773 -0.457436   0.003012932 0.10E+01   7.026   7.528   8.130   8.213   9.766   9.875   9.956  10.043   9.977  10.003  10.109  10.010  10.112  10.266  10.290  10.427  10.454  -4.114   8.605   9.796  10.024  10.153  10.321	10.048
   40853.  8.19941 -0.491612   0.003182538 0.10E+01   7.091   7.588   8.183   8.265   9.810   9.918   9.997  10.082  10.018  10.043  10.148  10.048  10.150  10.303  10.326  10.462  10.488  -4.069   8.656   9.840  10.064  10.191  10.357	10.088
   40100.  8.20105 -0.525542   0.003363136 0.10E+01   7.155   7.645   8.234   8.315   9.853   9.959  10.036  10.121  10.057  10.081  10.185  10.084  10.186  10.338  10.361  10.495  10.522  -4.023   8.705   9.883  10.103  10.228  10.392	10.126
   39365.  8.20261 -0.559256   0.003555645 0.10E+01   7.216   7.701   8.283   8.364   9.895   9.999  10.074  10.157  10.094  10.118  10.221  10.120  10.222  10.372  10.394  10.528  10.554  -3.976   8.752   9.924  10.140  10.264  10.425	10.163
   38648.  8.20412 -0.592680   0.003761305 0.10E+01   7.275   7.755   8.332   8.412   9.936  10.037  10.111  10.193  10.131  10.154  10.256  10.154  10.256  10.405  10.427  10.559  10.585  -3.928   8.798   9.964  10.176  10.298  10.458	10.199
   37951.  8.20560 -0.625772   0.003981368 0.10E+01   7.333   7.808   8.379   8.458   9.975  10.075  10.146  10.228  10.166  10.188  10.289  10.187  10.289  10.437  10.459  10.589  10.615  -3.880   8.843  10.003  10.211  10.332  10.489	10.234
   37272.  8.20704 -0.658575   0.004217589 0.10E+01   7.390   7.859   8.424   8.503  10.013  10.111  10.181  10.261  10.200  10.222  10.322  10.219  10.321  10.468  10.489  10.618  10.644  -3.832   8.887  10.041  10.245  10.364  10.520	10.268
   36612.  8.20846 -0.691052   0.004471821 0.10E+01   7.445   7.909   8.469   8.548  10.051  10.147  10.214  10.294  10.234  10.255  10.354  10.251  10.353  10.498  10.519  10.646  10.673  -3.784   8.930  10.078  10.278  10.396  10.549	10.300
   35969.  8.20984 -0.723199   0.004746290 0.10E+01   7.499   7.959   8.513   8.591  10.087  10.182  10.247  10.326  10.266  10.287  10.385  10.281  10.383  10.528  10.548  10.674  10.700  -3.736   8.972  10.115  10.310  10.427  10.578	10.303
   35343.  8.21120 -0.755061   0.005043296 0.10E+01   7.552   8.007   8.556   8.633  10.123  10.216  10.279  10.357  10.298  10.318  10.415  10.311  10.413  10.556  10.576  10.701  10.727  -3.687   9.013  10.150  10.341  10.456  10.606	10.334
   34733.  8.21251 -0.786641   0.005365554 0.10E+01   7.604   8.055   8.598   8.675  10.159  10.250  10.310  10.387  10.329  10.348  10.445  10.340  10.442  10.584  10.604  10.727  10.754  -3.639   9.053  10.185  10.372  10.486  10.634	10.365
   34140.  8.21381 -0.817852   0.005716446 0.10E+01   7.656   8.101   8.640   8.716  10.194  10.282  10.341  10.417  10.359  10.378  10.474  10.369  10.471  10.611  10.631  10.753  10.779  -3.591   9.093  10.220  10.402  10.515  10.661	10.395
   33561.  8.21506 -0.848780   0.006099622 0.10E+01   7.706   8.147   8.681   8.756  10.228  10.315  10.371  10.446  10.389  10.407  10.502  10.397  10.498  10.638  10.657  10.778  10.804  -3.543   9.132  10.254  10.431  10.543  10.687	10.424
   33000.  8.21628 -0.879326   0.006519342 0.10E+01   7.756   8.192   8.720   8.796  10.262  10.347  10.400  10.474  10.418  10.435  10.529  10.424  10.525  10.664  10.683  10.802  10.828  -3.495   9.170  10.287  10.460  10.570  10.712	10.453
   32454.  8.21747 -0.909491   0.006980483 0.10E+01   7.804   8.236   8.759   8.834  10.295  10.377  10.429  10.502  10.446  10.463  10.556  10.450  10.551  10.689  10.707  10.825  10.852  -3.447   9.207  10.320  10.487  10.596  10.737	10.481
   31923.  8.21862 -0.939305   0.007488411 0.10E+01   7.852   8.279   8.797   8.871  10.326  10.407  10.456  10.528  10.473  10.489  10.581  10.475  10.576  10.713  10.731  10.848  10.874  -3.400   9.243  10.351  10.514  10.622  10.760	10.537
   31408.  8.21974 -0.968684   0.008049791 0.10E+01   7.899   8.321   8.833   8.906  10.358  10.437  10.483  10.554  10.499  10.515  10.606  10.499  10.601  10.736  10.753  10.869  10.895  -3.352   9.278  10.382  10.540  10.646  10.783	10.563
   30908.  8.22084 -0.997662   0.008673301 0.10E+01   7.944   8.362   8.867   8.940  10.388  10.465  10.509  10.579  10.525  10.540  10.630  10.522  10.624  10.757  10.775  10.890  10.916  -3.305   9.311  10.411  10.565  10.670  10.804	10.588
   30422.  8.22192 -1.026241   0.009368279 0.10E+01   7.988   8.400   8.900   8.973  10.416  10.491  10.534  10.602  10.549  10.563  10.652  10.544  10.646  10.778  10.795  10.909  10.935  -3.258   9.342  10.440  10.589  10.692  10.824	10.612
   29951.  8.22298 -1.054427   0.010145697 0.10E+01   8.031   8.438   8.932   9.004  10.444  10.517  10.558  10.625  10.572  10.586  10.674  10.565  10.667  10.798  10.815  10.927  10.954  -3.210   9.373  10.467  10.612  10.713  10.844	10.634
   29492.  8.22403 -1.082276   0.011017372 0.10E+01   8.073   8.474   8.962   9.033  10.470  10.542  10.581  10.647  10.594  10.607  10.694  10.585  10.686  10.817  10.833  10.945  10.971  -3.162   9.401  10.493  10.634  10.733  10.862	10.656
   29047.  8.22505 -1.109748   0.011997023 0.10E+01   8.113   8.508   8.990   9.061  10.495  10.565  10.603  10.667  10.616  10.627  10.713  10.603  10.705  10.834  10.851  10.962  10.988  -3.114   9.428  10.518  10.655  10.752  10.879	10.677
   28614.  8.22605 -1.136845   0.013100152 0.10E+01   8.151   8.540   9.017   9.087  10.519  10.588  10.623  10.686  10.635  10.647  10.732  10.621  10.723  10.851  10.867  10.977  11.004  -3.066   9.454  10.541  10.674  10.771  10.896	10.695
   28192.  8.22703 -1.163597   0.014343004 0.10E+01   8.187   8.570   9.042   9.111  10.541  10.608  10.642  10.704  10.654  10.665  10.749  10.638  10.739  10.867  10.883  10.992  11.019  -3.018   9.478  10.563  10.693  10.787  10.911	10.714
   27782.  8.22799 -1.190021   0.015743151 0.10E+01   8.220   8.598   9.065   9.134  10.562  10.628  10.660  10.721  10.672  10.682  10.765  10.653  10.755  10.882  10.898  11.006  11.033  -2.969   9.500  10.584  10.710  10.803  10.926	10.731
   27382.  8.22893 -1.216146   0.017317559 0.10E+01   8.252   8.624   9.087   9.155  10.581  10.646  10.677  10.737  10.688  10.697  10.780  10.668  10.770  10.896  10.911  11.020  11.046  -2.920   9.521  10.603  10.726  10.818  10.940	10.747
   26992.  8.22985 -1.241970   0.019082870 0.10E+01   8.280   8.648   9.107   9.175  10.599  10.663  10.693  10.752  10.703  10.712  10.794  10.682  10.783  10.909  10.924  11.032  11.058  -2.870   9.540  10.621  10.741  10.832  10.953	10.762
   26612.  8.23076 -1.267544   0.021055347 0.10E+01   8.307   8.669   9.125   9.193  10.616  10.679  10.707  10.765  10.717  10.726  10.807  10.694  10.796  10.921  10.936  11.043  11.070  -2.820   9.558  10.637  10.755  10.845  10.965	10.775
   26240.  8.23164 -1.292853   0.023248387 0.10E+01   8.330   8.689   9.142   9.209  10.631  10.693  10.720  10.778  10.730  10.738  10.818  10.706  10.807  10.932  10.947  11.054  11.080  -2.769   9.574  10.653  10.767  10.857  10.976	10.787
   25892.  8.23268 -1.317102   0.025625440 0.10E+01   8.351   8.707   9.157   9.224  10.645  10.706  10.732  10.789  10.741  10.749  10.829  10.717  10.818  10.942  10.957  11.064  11.090  -2.720   9.588  10.666  10.779  10.867  10.986	10.799
   25535.  8.23337 -1.341878   0.028239772 0.10E+01   8.370   8.723   9.170   9.238  10.658  10.718  10.743  10.799  10.752  10.759  10.839  10.726  10.828  10.951  10.966  11.073  11.099  -2.668   9.602  10.679  10.789  10.877  10.995	10.809
   25215.  8.23430 -1.364771   0.030948694 0.10E+01   8.387   8.737   9.183   9.250  10.670  10.729  10.753  10.809  10.761  10.769  10.848  10.735  10.837  10.960  10.975  11.081  11.107  -2.620   9.614  10.691  10.799  10.886  11.003	10.819
   24940.  8.23493 -1.384396   0.033408347 0.10E+01   8.400   8.748   9.192   9.259  10.679  10.738  10.760  10.816  10.769  10.776  10.855  10.742  10.843  10.966  10.981  11.087  11.114  -2.579   9.623  10.699  10.806  10.893  11.010	10.826
   24638.  8.23561 -1.406242   0.036359931 0.10E+01   8.414   8.760   9.202   9.269  10.688  10.747  10.768  10.824  10.777  10.784  10.863  10.749  10.851  10.974  10.988  11.094  11.120  -2.532   9.633  10.709  10.814  10.900  11.017	10.834
   24327.  8.23630 -1.428998   0.039667706 0.10E+01   8.428   8.772   9.212   9.279  10.698  10.756  10.777  10.831  10.785  10.791  10.870  10.756  10.858  10.981  10.995  11.101  11.127  -2.483   9.642  10.718  10.822  10.908  11.024	10.842
   24027.  8.23711 -1.451398   0.043188760 0.10E+01   8.441   8.783   9.222   9.289  10.707  10.764  10.785  10.839  10.793  10.799  10.877  10.764  10.865  10.987  11.002  11.108  11.134  -2.435   9.652  10.728  10.829  10.915  11.031	10.849
   23723.  8.23779 -1.474221   0.046978157 0.10E+01   8.455   8.794   9.232   9.298  10.716  10.773  10.793  10.847  10.800  10.807  10.884  10.771  10.872  10.994  11.009  11.114  11.140  -2.385   9.661  10.737  10.837  10.922  11.037	10.856
   23428.  8.23850 -1.496642   0.050944637 0.10E+01   8.469   8.806   9.242   9.308  10.726  10.782  10.801  10.854  10.808  10.814  10.892  10.778  10.879  11.001  11.016  11.121  11.147  -2.337   9.671  10.746  10.845  10.930  11.044	10.864
   23133.  8.23913 -1.519281   0.055147306 0.10E+01   8.484   8.819   9.253   9.319  10.736  10.792  10.810  10.863  10.817  10.823  10.900  10.786  10.887  11.009  11.023  11.128  11.155  -2.289   9.682  10.756  10.853  10.938  11.052	10.872
   22850.  8.23992 -1.541449   0.059540018 0.10E+01   8.503   8.835   9.266   9.332  10.749  10.803  10.821  10.873  10.828  10.833  10.910  10.795  10.897  11.018  11.033  11.137  11.164  -2.244   9.695  10.769  10.864  10.947  11.061	10.883
   22562.  8.24060 -1.564174   0.064225454 0.10E+01   8.525   8.853   9.282   9.348  10.763  10.817  10.834  10.885  10.840  10.845  10.921  10.806  10.908  11.029  11.043  11.148  11.174  -2.200   9.710  10.783  10.876  10.959  11.071	10.895
   22279.  8.24126 -1.586774   0.069082943 0.10E+01   8.550   8.875   9.300   9.365  10.779  10.832  10.848  10.899  10.854  10.859  10.934  10.819  10.920  11.041  11.055  11.159  11.186  -2.157   9.727  10.799  10.890  10.971  11.083	10.909
   22001.  8.24197 -1.609273   0.074148694 0.10E+01   8.578   8.898   9.319   9.384  10.797  10.849  10.864  10.914  10.870  10.874  10.949  10.833  10.934  11.054  11.068  11.172  11.199  -2.116   9.746  10.817  10.905  10.986  11.096	10.923
   21725.  8.24268 -1.631912   0.079455441 0.10E+01   8.608   8.924   9.341   9.405  10.817  10.868  10.882  10.931  10.887  10.890  10.964  10.848  10.950  11.068  11.083  11.187  11.213  -2.076   9.767  10.836  10.922  11.001  11.111	10.940
   21615.  8.24297 -1.641019   0.081621332 0.10E+01   8.621   8.935   9.350   9.414  10.825  10.876  10.890  10.938  10.894  10.897  10.971  10.855  10.956  11.075  11.089  11.193  11.219  -2.061   9.775  10.844  10.930  11.008  11.117	10.948
   21562.  8.24310 -1.645437   0.082686229 0.10E+01   8.627   8.940   9.354   9.418  10.829  10.880  10.893  10.941  10.897  10.901  10.974  10.858  10.959  11.078  11.092  11.196  11.222  -2.053   9.779  10.848  10.933  11.011  11.120	10.951
   21509.  8.24324 -1.649869   0.083751761 0.10E+01   8.634   8.945   9.359   9.423  10.833  10.883  10.897  10.945  10.901  10.904  10.978  10.861  10.962  11.081  11.095  11.199  11.225  -2.046   9.784  10.852  10.936  11.014  11.123	10.954
   21456.  8.24338 -1.654276   0.084831454 0.10E+01   8.640   8.950   9.363   9.427  10.837  10.887  10.901  10.948  10.905  10.908  10.981  10.864  10.966  11.084  11.098  11.202  11.228  -2.038   9.788  10.856  10.940  11.018  11.126	10.958
   21401.  8.24352 -1.658907   0.085958234 0.10E+01   8.647   8.956   9.368   9.432  10.842  10.892  10.905  10.952  10.909  10.912  10.985  10.868  10.969  11.087  11.101  11.205  11.232  -2.031   9.793  10.860  10.944  11.021  11.130	10.962
   21346.  8.24367 -1.663519   0.087096622 0.10E+01   8.653   8.962   9.373   9.436  10.846  10.896  10.908  10.956  10.912  10.915  10.988  10.871  10.972  11.090  11.105  11.208  11.235  -2.023   9.797  10.865  10.948  11.025  11.133	10.966
   21289.  8.24381 -1.668306   0.088286132 0.10E+01   8.660   8.968   9.378   9.441  10.850  10.900  10.913  10.960  10.916  10.919  10.992  10.875  10.976  11.094  11.108  11.212  11.238  -2.015   9.802  10.869  10.952  11.028  11.136	10.970
   21231.  8.24396 -1.673152   0.089503409 0.10E+01   8.668   8.974   9.383   9.446  10.855  10.905  10.917  10.964  10.921  10.923  10.996  10.879  10.980  11.097  11.112  11.215  11.242  -2.007   9.807  10.874  10.956  11.032  11.140	10.974
   21171.  8.24412 -1.678217   0.090782268 0.10E+01   8.675   8.980   9.388   9.452  10.860  10.909  10.922  10.968  10.925  10.927  11.000  10.882  10.984  11.101  11.115  11.219  11.245  -1.999   9.812  10.879  10.960  11.036  11.143	10.977
   21111.  8.24427 -1.683358   0.092093375 0.10E+01   8.683   8.987   9.394   9.457  10.865  10.914  10.926  10.973  10.930  10.932  11.004  10.887  10.988  11.105  11.119  11.223  11.249  -1.990   9.818  10.884  10.965  11.040  11.147	10.982
   21048.  8.24443 -1.688712   0.093463517 0.10E+01   8.692   8.994   9.399   9.463  10.870  10.919  10.931  10.977  10.934  10.936  11.008  10.891  10.992  11.109  11.123  11.227  11.253  -1.981   9.823  10.889  10.969  11.045  11.151	10.986
   20983.  8.24460 -1.694169   0.094881834 0.10E+01   8.700   9.001   9.406   9.469  10.876  10.925  10.936  10.982  10.939  10.941  11.013  10.895  10.997  11.113  11.127  11.231  11.257  -1.973   9.829  10.894  10.974  11.049  11.156	10.991
   20918.  8.24476 -1.699794   0.096349763 0.10E+01   8.709   9.009   9.412   9.475  10.882  10.930  10.942  10.987  10.944  10.946  11.017  10.900  11.001  11.118  11.132  11.235  11.262  -1.964   9.835  10.900  10.979  11.054  11.160	10.996
   20849.  8.24494 -1.705652   0.097894938 0.10E+01   8.718   9.017   9.418   9.481  10.888  10.936  10.947  10.992  10.950  10.951  11.022  10.905  11.006  11.122  11.136  11.240  11.266  -1.954   9.841  10.906  10.985  11.059  11.165	11.002
   20779.  8.24511 -1.711722   0.099498695 0.10E+01   8.728   9.025   9.425   9.488  10.894  10.942  10.953  10.998  10.955  10.957  11.028  10.910  11.011  11.127  11.141  11.245  11.271  -1.945   9.848  10.912  10.990  11.064  11.169	11.007
   20707.  8.24529 -1.717875   0.101153795 0.10E+01   8.737   9.033   9.432   9.494  10.900  10.948  10.959  11.003  10.961  10.962  11.033  10.915  11.016  11.132  11.146  11.250  11.276  -1.935   9.855  10.918  10.996  11.069  11.174	11.013
   20633.  8.24548 -1.724349   0.102905345 0.10E+01   8.748   9.042   9.439   9.502  10.907  10.954  10.965  11.010  10.967  10.968  11.039  10.920  11.022  11.137  11.151  11.255  11.281  -1.925   9.862  10.925  11.002  11.075  11.180	11.019
   20556.  8.24567 -1.731025   0.104727421 0.10E+01   8.759   9.051   9.447   9.509  10.914  10.961  10.972  11.016  10.974  10.974  11.044  10.926  11.027  11.143  11.157  11.260  11.287  -1.915   9.869  10.932  11.008  11.081  11.185	11.025
   20476.  8.24585 -1.737932   0.106625035 0.10E+01   8.770   9.061   9.455   9.517  10.921  10.968  10.979  11.022  10.980  10.981  11.051  10.932  11.033  11.148  11.163  11.266  11.292  -1.904   9.877  10.939  11.015  11.087  11.191	11.032
   20396.  8.24605 -1.744984   0.108597770 0.10E+01   8.782   9.070   9.463   9.525  10.929  10.975  10.986  11.029  10.987  10.988  11.057  10.938  11.039  11.154  11.168  11.272  11.298  -1.893   9.885  10.947  11.022  11.093  11.197	11.038
   20311.  8.24626 -1.752402   0.110675884 0.10E+01   8.794   9.081   9.472   9.533  10.937  10.983  10.994  11.036  10.994  10.995  11.064  10.945  11.046  11.161  11.175  11.278  11.305  -1.882   9.893  10.955  11.029  11.100  11.203	11.045
   20226.  8.24648 -1.759933   0.112823940 0.10E+01   8.807   9.092   9.481   9.542  10.945  10.991  11.002  11.044  11.002  11.002  11.071  10.951  11.053  11.167  11.181  11.285  11.311  -1.871   9.902  10.963  11.037  11.107  11.209	11.053
   20137.  8.24670 -1.767785   0.115080023 0.10E+01   8.820   9.103   9.490   9.551  10.954  11.000  11.010  11.052  11.010  11.010  11.078  10.959  11.060  11.174  11.188  11.292  11.318  -1.859   9.911  10.972  11.044  11.114  11.216	11.060
   20047.  8.24691 -1.775779   0.117414007 0.10E+01   8.834   9.114   9.499   9.560  10.962  11.008  11.018  11.059  11.018  11.017  11.085  10.966  11.067  11.181  11.195  11.299  11.325  -1.847   9.920  10.980  11.052  11.121  11.223	11.068
   19954.  8.24713 -1.784114   0.119852102 0.10E+01   8.849   9.127   9.510   9.571  10.972  11.018  11.028  11.068  11.027  11.026  11.094  10.974  11.075  11.189  11.203  11.307  11.333  -1.835   9.931  10.990  11.062  11.130  11.231	11.078
   19860.  8.24736 -1.792566   0.122357609 0.10E+01   8.864   9.139   9.521   9.581  10.982  11.027  11.037  11.077  11.036  11.035  11.102  10.982  11.083  11.196  11.210  11.314  11.341  -1.823   9.941  11.000  11.070  11.138  11.238	11.086
   19763.  8.24759 -1.801248   0.124963882 0.10E+01   8.879   9.152   9.531   9.591  10.992  11.036  11.047  11.086  11.045  11.044  11.111  10.990  11.091  11.204  11.218  11.322  11.349  -1.810   9.951  11.010  11.080  11.146  11.246	11.095
   19665.  8.24783 -1.810133   0.127669769 0.10E+01   8.895   9.166   9.542   9.602  11.002  11.046  11.057  11.096  11.055  11.053  11.120  10.999  11.100  11.212  11.227  11.331  11.357  -1.798   9.962  11.020  11.089  11.155  11.255	11.104
   19565.  8.24807 -1.819275   0.130478076 0.10E+01   8.911   9.179   9.553   9.613  11.013  11.057  11.067  11.105  11.065  11.063  11.129  11.008  11.109  11.221  11.235  11.339  11.366  -1.784   9.973  11.030  11.099  11.164  11.263	11.114
   19463.  8.24832 -1.828562   0.133375790 0.10E+01   8.927   9.193   9.565   9.624  11.024  11.067  11.077  11.115  11.075  11.072  11.138  11.017  11.118  11.230  11.244  11.348  11.374  -1.771   9.984  11.041  11.109  11.173  11.272	11.124
   19359.  8.24856 -1.838107   0.136381567 0.10E+01   8.944   9.208   9.577   9.636  11.035  11.078  11.088  11.126  11.086  11.083  11.148  11.026  11.127  11.239  11.253  11.357  11.384  -1.758   9.996  11.053  11.120  11.183  11.281	11.135
   19254.  8.24881 -1.847808   0.139473714 0.10E+01   8.962   9.222   9.589   9.648  11.047  11.090  11.100  11.136  11.096  11.093  11.158  11.036  11.137  11.248  11.262  11.367  11.393  -1.745  10.008  11.064  11.130  11.193  11.290	11.145
   19147.  8.24907 -1.857706   0.142667931 0.10E+01   8.980   9.237   9.602   9.660  11.058  11.101  11.111  11.147  11.108  11.104  11.168  11.046  11.147  11.258  11.272  11.376  11.403  -1.731  10.020  11.076  11.141  11.203  11.300	11.155
   19039.  8.24932 -1.867795   0.145963361 0.10E+01   8.998   9.253   9.614   9.673  11.070  11.113  11.123  11.159  11.119  11.115  11.179  11.056  11.157  11.267  11.282  11.386  11.413  -1.717  10.033  11.088  11.153  11.214  11.310	11.167
   18929.  8.24958 -1.878108   0.149371935 0.10E+01   9.017   9.269   9.628   9.685  11.083  11.125  11.136  11.170  11.131  11.127  11.190  11.067  11.168  11.278  11.292  11.397  11.423  -1.703  10.046  11.100  11.165  11.225  11.320	11.179
   18818.  8.24984 -1.888613   0.152888138 0.10E+01   9.037   9.285   9.641   9.699  11.096  11.138  11.149  11.183  11.144  11.139  11.201  11.078  11.179  11.288  11.303  11.408  11.434  -1.689  10.059  11.113  11.177  11.236  11.331	11.191
   18706.  8.25010 -1.899278   0.156513106 0.10E+01   9.057   9.302   9.655   9.712  11.109  11.151  11.162  11.195  11.156  11.151  11.213  11.089  11.191  11.299  11.314  11.418  11.445  -1.675  10.073  11.127  11.190  11.248  11.342	11.203
   18592.  8.25037 -1.910186   0.160262795 0.10E+01   9.078   9.320   9.670   9.726  11.123  11.164  11.175  11.208  11.169  11.164  11.225  11.101  11.202  11.310  11.325  11.430  11.456  -1.661  10.087  11.140  11.203  11.259  11.353	11.216
   18476.  8.25064 -1.921285   0.164138454 0.10E+01   9.099   9.337   9.684   9.740  11.137  11.178  11.190  11.221  11.183  11.177  11.238  11.113  11.214  11.322  11.336  11.441  11.468  -1.647  10.102  11.154  11.216  11.272  11.365	11.229
   18358.  8.25091 -1.932645   0.168157995 0.10E+01   9.121   9.356   9.700   9.755  11.151  11.192  11.204  11.235  11.197  11.190  11.251  11.126  11.227  11.334  11.348  11.454  11.480  -1.632  10.117  11.169  11.230  11.285  11.377	11.243
   18239.  8.25118 -1.944222   0.172322325 0.10E+01   9.143   9.375   9.715   9.770  11.166  11.207  11.219  11.249  11.211  11.204  11.264  11.139  11.240  11.346  11.361  11.466  11.493  -1.617  10.132  11.183  11.244  11.298  11.389	11.257
   18118.  8.25146 -1.956143   0.176661249 0.10E+01   9.166   9.394   9.731   9.786  11.181  11.222  11.234  11.264  11.226  11.219  11.278  11.152  11.253  11.359  11.373  11.479  11.505  -1.603  10.148  11.199  11.259  11.311  11.402	11.271
   17994.  8.25174 -1.968278   0.181145961 0.10E+01   9.190   9.414   9.748   9.802  11.197  11.237  11.251  11.279  11.241  11.234  11.292  11.166  11.267  11.372  11.387  11.492  11.519  -1.587  10.165  11.214  11.274  11.326  11.415	11.286
   17868.  8.25202 -1.980776   0.185842620 0.10E+01   9.215   9.435   9.765   9.819  11.213  11.253  11.267  11.294  11.257  11.249  11.307  11.180  11.281  11.386  11.400  11.505  11.532  -1.572  10.182  11.230  11.290  11.340  11.428	11.302
   17740.  8.25231 -1.993607   0.190743405 0.10E+01   9.241   9.457   9.783   9.836  11.230  11.270  11.284  11.311  11.274  11.265  11.322  11.195  11.296  11.400  11.414  11.520  11.546  -1.556  10.199  11.247  11.306  11.355  11.442	11.317
   17607.  8.25261 -2.006898   0.195897003 0.10E+01   9.268   9.480   9.802   9.855  11.248  11.288  11.302  11.328  11.291  11.282  11.338  11.210  11.311  11.415  11.429  11.534  11.561  -1.540  10.218  11.265  11.324  11.371  11.457	11.335
   17473.  8.25291 -2.020553   0.201275331 0.10E+01   9.295   9.503   9.821   9.873  11.266  11.306  11.321  11.345  11.309  11.299  11.354  11.226  11.327  11.430  11.444  11.549  11.576  -1.524  10.237  11.283  11.341  11.387  11.472	11.352
   17335.  8.25321 -2.034637   0.206929610 0.10E+01   9.324   9.527   9.841   9.893  11.285  11.324  11.340  11.363  11.328  11.317  11.371  11.243  11.344  11.445  11.460  11.565  11.592  -1.507  10.257  11.302  11.360  11.404  11.488	11.370
   17193.  8.25352 -2.049240   0.212879847 0.10E+01   9.354   9.553   9.862   9.913  11.304  11.343  11.360  11.382  11.347  11.335  11.389  11.260  11.361  11.462  11.476  11.581  11.608  -1.490  10.278  11.321  11.379  11.422  11.504	11.389
   17048.  8.25384 -2.064242   0.219123701 0.10E+01   9.386   9.579   9.884   9.934  11.324  11.364  11.381  11.402  11.367  11.355  11.408  11.278  11.379  11.479  11.493  11.598  11.624  -1.472  10.299  11.341  11.399  11.440  11.521	11.409
   16898.  8.25416 -2.079851   0.225734727 0.10E+01   9.419   9.607   9.907   9.957  11.346  11.385  11.403  11.422  11.388  11.375  11.427  11.296  11.397  11.496  11.510  11.615  11.642  -1.454  10.322  11.363  11.419  11.459  11.538	11.428
   16746.  8.25449 -2.095893   0.232673884 0.10E+01   9.453   9.636   9.931   9.980  11.368  11.406  11.425  11.443  11.409  11.396  11.447  11.315  11.416  11.514  11.528  11.632  11.659  -1.435  10.345  11.385  11.441  11.478  11.556	11.450
   16590.  8.25482 -2.112484   0.239993548 0.10E+01   9.488   9.666   9.955  10.004  11.391  11.429  11.448  11.465  11.432  11.417  11.467  11.335  11.436  11.533  11.547  11.650  11.677  -1.415  10.370  11.408  11.463  11.499  11.575	11.471
   16430.  8.25516 -2.129659   0.247734297 0.10E+01   9.525   9.697   9.981  10.029  11.414  11.452  11.472  11.488  11.455  11.439  11.488  11.356  11.457  11.552  11.566  11.669  11.696  -1.395  10.395  11.431  11.486  11.520  11.594	11.494
   16267.  8.25550 -2.147399   0.255911686 0.10E+01   9.564   9.729  10.008  10.055  11.438  11.476  11.497  11.511  11.479  11.462  11.510  11.377  11.478  11.572  11.586  11.688  11.715  -1.375  10.421  11.455  11.509  11.541  11.614	11.516
   16099.  8.25585 -2.165696   0.264546468 0.10E+01   9.604   9.763  10.036  10.082  11.463  11.501  11.522  11.535  11.503  11.486  11.532  11.399  11.499  11.593  11.606  11.708  11.735  -1.353  10.449  11.480  11.534  11.563  11.634	11.540
   15929.  8.25620 -2.184557   0.273658899 0.10E+01   9.647   9.799  10.066  10.111  11.490  11.527  11.549  11.560  11.529  11.511  11.556  11.421  11.522  11.614  11.627  11.728  11.755  -1.331  10.477  11.506  11.559  11.586  11.655	11.565
   15755.  8.25656 -2.203924   0.283237677 0.10E+01   9.690   9.836  10.096  10.140  11.516  11.554  11.576  11.585  11.555  11.536  11.579  11.444  11.545  11.635  11.648  11.748  11.775  -1.308  10.506  11.533  11.584  11.610  11.676	11.589
   15579.  8.25692 -2.223841   0.293344051 0.10E+01   9.736   9.874  10.127  10.171  11.544  11.580  11.603  11.611  11.581  11.561  11.604  11.467  11.568  11.657  11.669  11.769  11.796  -1.285  10.537  11.560  11.611  11.634  11.697	11.616
   15401.  8.25728 -2.244202   0.303957597 0.10E+01   9.783   9.913  10.160  10.203  11.572  11.608  11.632  11.638  11.609  11.588  11.629  11.491  11.592  11.679  11.691  11.790  11.817  -1.261  10.568  11.589  11.638  11.658  11.719	11.642
   15220.  8.25765 -2.265054   0.315118811 0.10E+01   9.831   9.954  10.193  10.235  11.601  11.637  11.660  11.665  11.636  11.614  11.654  11.516  11.616  11.702  11.714  11.811  11.838  -1.236  10.600  11.617  11.665  11.683  11.741	11.668
   15040.  8.25801 -2.286074   0.326668088 0.10E+01   9.881   9.996  10.227  10.268  11.630  11.665  11.690  11.692  11.664  11.641  11.679  11.540  11.641  11.725  11.736  11.833  11.860  -1.211  10.633  11.646  11.693  11.708  11.764	11.695
   14859.  8.25837 -2.307531   0.338791977 0.10E+01   9.932  10.039  10.262  10.303  11.660  11.694  11.719  11.719  11.693  11.668  11.705  11.565  11.666  11.747  11.759  11.854  11.881  -1.186  10.667  11.676  11.721  11.733  11.786	11.723
   14682.  8.25885 -2.328828   0.351325580 0.10E+01   9.984  10.082  10.298  10.337  11.690  11.724  11.749  11.747  11.721  11.695  11.730  11.590  11.690  11.770  11.781  11.875  11.903  -1.160  10.701  11.706  11.749  11.759  11.809	11.750
   14496.  8.25911 -2.351179   0.364578618 0.10E+01  10.039  10.128  10.335  10.374  11.721  11.754  11.779  11.775  11.751  11.724  11.757  11.615  11.716  11.794  11.804  11.897  11.924  -1.133  10.736  11.737  11.778  11.785  11.832	11.778
   14322.  8.25935 -2.372417   0.377531670 0.10E+01  10.092  10.172  10.371  10.409  11.751  11.783  11.808  11.802  11.778  11.750  11.782  11.639  11.740  11.816  11.826  11.918  11.945  -1.108  10.770  11.766  11.805  11.809  11.853	11.804
   14160.  8.25987 -2.392722   0.390645967 0.10E+01  10.143  10.215  10.406  10.442  11.779  11.811  11.836  11.829  11.805  11.776  11.806  11.663  11.763  11.838  11.848  11.938  11.965  -1.084  10.804  11.795  11.832  11.833  11.874	11.830
   13987.  8.26016 -2.414288   0.404662771 0.10E+01  10.198  10.261  10.443  10.479  11.810  11.841  11.866  11.856  11.834  11.803  11.832  11.687  11.788  11.860  11.870  11.959  11.986  -1.058  10.839  11.825  11.860  11.859  11.896	11.857
   13830.  8.26047 -2.434282   0.418085114 0.10E+01  10.250  10.305  10.479  10.513  11.839  11.868  11.893  11.882  11.860  11.828  11.856  11.710  11.811  11.881  11.890  11.978  12.005  -1.034  10.872  11.853  11.886  11.882  11.917	11.883
   13677.  8.26078 -2.453928   0.431642551 0.10E+01  10.301  10.347  10.513  10.547  11.867  11.895  11.920  11.907  11.886  11.853  11.879  11.733  11.833  11.902  11.910  11.997  12.024  -1.010  10.905  11.881  11.911  11.905  11.937	11.907
   13531.  8.26113 -2.472939   0.445195951 0.10E+01  10.352  10.390  10.548  10.580  11.894  11.922  11.947  11.931  11.912  11.877  11.902  11.754  11.855  11.922  11.930  12.015  12.042  -0.987  10.937  11.909  11.936  11.927  11.956	11.931
   13388.  8.26142 -2.491645   0.458841706 0.10E+01  10.402  10.431  10.582  10.613  11.921  11.948  11.972  11.955  11.936  11.901  11.924  11.776  11.876  11.941  11.949  12.033  12.060  -0.965  10.969  11.935  11.960  11.949  11.975	11.954
   13251.  8.26167 -2.509714   0.472331840 0.10E+01  10.451  10.472  10.615  10.646  11.948  11.974  11.997  11.978  11.960  11.924  11.945  11.796  11.897  11.960  11.968  12.050  12.077  -0.943  11.001  11.962  11.984  11.970  11.994	11.977
   13121.  8.26195 -2.527121   0.485742731 0.10E+01  10.499  10.512  10.647  10.677  11.973  11.998  12.021  12.000  11.984  11.946  11.966  11.816  11.916  11.978  11.985  12.066  12.094  -0.923  11.031  11.987  12.007  11.990  12.011	11.999
   12995.  8.26224 -2.544163   0.499256319 0.10E+01  10.547  10.552  10.679  10.708  11.998  12.022  12.045  12.022  12.006  11.967  11.986  11.836  11.936  11.996  12.003  12.083  12.110  -0.902  11.061  12.012  12.029  12.010  12.029	12.021
   12872.  8.26249 -2.561017   0.512901472 0.10E+01  10.594  10.591  10.711  10.739  12.024  12.046  12.069  12.044  12.029  11.989  12.006  11.855  11.955  12.014  12.020  12.099  12.126  -0.882  11.091  12.037  12.051  12.030  12.046	12.042
   12754.  8.26275 -2.577264   0.526457757 0.10E+01  10.640  10.630  10.742  10.769  12.048  12.070  12.092  12.065  12.051  12.010  12.026  11.874  11.974  12.031  12.037  12.114  12.142  -0.863  11.120  12.061  12.073  12.049  12.063	12.063
   12638.  8.26298 -2.593289   0.540161071 0.10E+01  10.686  10.668  10.773  10.800  12.072  12.093  12.114  12.086  12.073  12.031  12.045  11.893  11.993  12.048  12.054  12.130  12.157  -0.845  11.149  12.085  12.094  12.069  12.079	12.083
   12527.  8.26322 -2.608856   0.553885983 0.10E+01  10.732  10.706  10.803  10.829  12.096  12.116  12.137  12.107  12.094  12.051  12.064  11.911  12.011  12.064  12.070  12.145  12.172  -0.827  11.178  12.109  12.115  12.087  12.095	12.103
   12419.  8.26347 -2.624157   0.567801811 0.10E+01  10.777  10.743  10.833  10.859  12.120  12.138  12.158  12.127  12.115  12.071  12.083  11.929  12.029  12.081  12.086  12.160  12.187  -0.809  11.206  12.132  12.136  12.106  12.111	12.124
   12314.  8.26371 -2.639229   0.581900907 0.10E+01  10.821  10.780  10.863  10.888  12.144  12.161  12.180  12.147  12.136  12.091  12.102  11.947  12.047  12.097  12.102  12.175  12.202  -0.792  11.234  12.156  12.156  12.124  12.127	12.143
   12211.  8.26395 -2.653992   0.596178461 0.10E+01  10.866  10.817  10.893  10.917  12.167  12.183  12.202  12.167  12.157  12.111  12.120  11.964  12.064  12.113  12.117  12.189  12.217  -0.775  11.262  12.179  12.176  12.142  12.143	12.162
   12111.  8.26418 -2.668565   0.610709316 0.10E+01  10.910  10.854  10.923  10.946  12.190  12.205  12.223  12.187  12.177  12.130  12.138  11.982  12.082  12.129  12.133  12.203  12.231  -0.759  11.290  12.202  12.196  12.160  12.158	12.181
   12013.  8.26441 -2.682897   0.625512738 0.10E+01  10.953  10.890  10.952  10.974  12.213  12.226  12.244  12.206  12.197  12.149  12.156  11.999  12.099  12.144  12.148  12.217  12.245  -0.743  11.317  12.224  12.216  12.177  12.173	12.200
   11917.  8.26464 -2.697074   0.640658959 0.10E+01  10.997  10.926  10.981  11.002  12.235  12.248  12.264  12.225  12.217  12.167  12.173  12.015  12.115  12.159  12.162  12.231  12.258  -0.726  11.344  12.246  12.235  12.194  12.187	12.219
   11823.  8.26487 -2.711088   0.656188437 0.10E+01  11.042  10.964  11.011  11.032  12.259  12.270  12.286  12.245  12.238  12.187  12.192  12.033  12.133  12.176  12.179  12.246  12.273  -0.712  11.373  12.270  12.256  12.213  12.203	12.239
   11730.  8.26508 -2.724955   0.672148092 0.10E+01  11.084  10.999  11.040  11.060  12.282  12.291  12.306  12.263  12.257  12.206  12.209  12.050  12.149  12.190  12.193  12.259  12.287  -0.696  11.400  12.292  12.275  12.229  12.218	12.257
   11640.  8.26531 -2.738579   0.688429821 0.10E+01  11.126  11.034  11.067  11.087  12.303  12.311  12.325  12.281  12.275  12.223  12.225  12.065  12.165  12.204  12.207  12.271  12.299  -0.680  11.426  12.314  12.293  12.245  12.231	12.274
   10884.  8.26732 -2.857278   0.861350308 0.10E+01  11.521  11.361  11.331  11.344  12.511  12.506  12.511  12.452  12.453  12.391  12.382  12.216  12.315  12.341  12.340  12.394  12.422  -0.557  11.674  12.519  12.467  12.400  12.364	12.440
   10154.  8.26933 -2.979802   1.107647696 0.10E+01  11.957  11.724  11.624  11.630  12.743  12.722  12.714  12.639  12.648  12.576  12.554  12.381  12.480  12.490  12.486  12.529  12.557  -0.442  11.949  12.749  12.658  12.569  12.508	12.621
    9554.  8.27088 -3.087194   1.380606249 0.10E+01  12.365  12.064  11.899  11.899  12.962  12.926  12.905  12.815  12.832  12.749  12.716  12.536  12.635  12.629  12.622  12.654  12.682  -0.353  12.207  12.965  12.837  12.727  12.644	12.790
    9057.  8.27206 -3.181223   1.740489665 0.10E+01  12.741  12.377  12.155  12.148  13.167  13.116  13.084  12.979  13.003  12.911  12.867  12.681  12.779  12.760  12.750  12.771  12.800  -0.286  12.448  13.167  13.005  12.875  12.771	12.948
    8611.  8.27291 -3.269794   2.097951425 0.10E+01  13.109  12.684  12.407  12.395  13.370  13.305  13.262  13.143  13.173  13.071  13.017  12.825  12.923  12.890  12.876  12.888  12.917  -0.231  12.685  13.368  13.172  13.023  12.897	13.104
    8217.  8.27352 -3.351824   2.390860126 0.10E+01  13.462  12.981  12.651  12.634  13.569  13.490  13.436  13.304  13.340  13.229  13.165  12.967  13.065  13.018  13.001  13.003  13.032  -0.190  12.916  13.564  13.335  13.168  13.021	13.256
    7853.  8.27400 -3.431031   2.672045885 0.10E+01  13.819  13.281  12.900  12.879  13.771  13.679  13.615  13.469  13.512  13.390  13.316  13.112  13.210  13.149  13.129  13.120  13.150  -0.159  13.151  13.764  13.503  13.316  13.148	13.413
    7508.  8.27439 -3.509339   2.932210221 0.10E+01  14.191  13.590  13.153  13.127  13.975  13.868  13.793  13.633  13.682  13.550  13.466  13.256  13.354  13.278  13.255  13.235  13.266  -0.130  13.389  13.965  13.670  13.463  13.273	13.567
    7174.  8.27470 -3.588615   3.174125372 0.10E+01  14.588  13.918  13.420  13.388  14.188  14.065  13.979  13.803  13.860  13.717  13.622  13.406  13.503  13.412  13.385  13.355  13.385  -0.106  13.640  14.175  13.844  13.615  13.402	13.727
