#n   age/yr      logL   logTef grav    logTc  logrho Xc     Yc     Xc_C   Xc_O   Q_conv Q_disc L_H/L Q1_H Q2_H L_He/L Q1_He Q2_He L_C/L L_nu/L Q_Tmax phase
#(1) (2)         (3)    (4)    (5)     (6)    (7)    (8)    (9)    (10)   (11)   (12)   (13)   (14) (15)  (16) (17)   (18)  (19)  (20)  (21)   (22)   (23) 
  1 0.000000e+00 3.3605 4.3399 4.2862  7.4790 1.1038 0.7520 0.2305 0.0000 0.0081 0.359 0.000  1.013 0.363 0.438 0.000 0.000 0.000 0.000 0.000 0.000 bms
  2 4.070534e+06 3.3761 4.3315 4.2370  7.4717 1.0708 0.7192 0.2637 0.0001 0.0052 0.349 0.363  1.002 0.000 0.300 0.000 0.000 0.000 0.000 0.000 0.000 
  3 9.734929e+06 3.4076 4.3261 4.1839  7.4715 1.0543 0.6700 0.3131 0.0001 0.0033 0.331 0.363  1.002 0.000 0.290 0.000 0.000 0.000 0.000 0.000 0.000 
  4 1.505937e+07 3.4436 4.3210 4.1275  7.4746 1.0455 0.6123 0.3710 0.0001 0.0021 0.318 0.363  1.002 0.000 0.279 0.000 0.000 0.000 0.000 0.000 0.000 
  5 1.973522e+07 3.4818 4.3151 4.0657  7.4796 1.0418 0.5495 0.4339 0.0001 0.0014 0.303 0.363  1.002 0.000 0.268 0.000 0.000 0.000 0.000 0.000 0.000 
  6 2.372378e+07 3.5134 4.3096 4.0121  7.4845 1.0431 0.4975 0.4859 0.0001 0.0011 0.282 0.367  1.002 0.000 0.258 0.000 0.000 0.000 0.000 0.000 0.000 
  7 2.715135e+07 3.5452 4.3026 3.9523  7.4903 1.0461 0.4413 0.5422 0.0001 0.0008 0.270 0.376  1.002 0.000 0.247 0.000 0.000 0.000 0.000 0.000 0.000 
  8 3.002691e+07 3.5735 4.2954 3.8952  7.4960 1.0521 0.3902 0.5932 0.0001 0.0007 0.254 0.382  1.002 0.000 0.236 0.000 0.000 0.000 0.000 0.000 0.000 
  9 3.243690e+07 3.6000 4.2871 3.8355  7.5020 1.0597 0.3401 0.6434 0.0001 0.0006 0.243 0.382  1.002 0.000 0.226 0.000 0.000 0.000 0.000 0.000 0.000 
 10 3.445788e+07 3.6226 4.2789 3.7801  7.5079 1.0694 0.2963 0.6872 0.0001 0.0005 0.231 0.382  1.002 0.000 0.216 0.000 0.000 0.000 0.000 0.000 0.000 
 11 3.615576e+07 3.6432 4.2700 3.7239  7.5140 1.0811 0.2544 0.7291 0.0001 0.0005 0.220 0.389  1.002 0.000 0.207 0.000 0.000 0.000 0.000 0.000 0.000 
 12 3.759260e+07 3.6619 4.2608 3.6684  7.5203 1.0950 0.2151 0.7684 0.0001 0.0004 0.208 0.389  1.002 0.000 0.197 0.000 0.000 0.000 0.000 0.000 0.000 
 13 3.881032e+07 3.6783 4.2515 3.6148  7.5268 1.1106 0.1792 0.8043 0.0001 0.0004 0.199 0.389  1.002 0.000 0.189 0.000 0.000 0.000 0.000 0.000 0.000 
 14 3.986728e+07 3.6934 4.2419 3.5613  7.5340 1.1292 0.1448 0.8387 0.0001 0.0004 0.189 0.389  1.003 0.000 0.180 0.000 0.000 0.000 0.000 0.000 0.000 
 15 4.079691e+07 3.7075 4.2321 3.5080  7.5422 1.1518 0.1119 0.8716 0.0001 0.0004 0.180 0.389  1.003 0.000 0.172 0.000 0.000 0.000 0.000 0.000 0.000 
 16 4.165450e+07 3.7209 4.2227 3.4570  7.5523 1.1806 0.0801 0.9034 0.0001 0.0004 0.172 0.389  1.002 0.000 0.164 0.000 0.000 0.000 0.000 0.000 0.000 
 17 4.256867e+07 3.7379 4.2133 3.4024  7.5701 1.2338 0.0425 0.9410 0.0002 0.0003 0.161 0.389  1.002 0.000 0.155 0.000 0.000 0.000 0.000 0.000 0.000 
 18 4.287518e+07 3.7462 4.2121 3.3893  7.5819 1.2692 0.0274 0.9561 0.0002 0.0003 0.157 0.389  1.000 0.000 0.152 0.000 0.000 0.000 0.000 0.000 0.000 tminms
 19 4.327685e+07 3.7630 4.2204 3.4057  7.6115 1.3594 0.0088 0.9748 0.0002 0.0003 0.151 0.389  0.989 0.151 0.204 0.000 0.000 0.000 0.000 0.000 0.000 
 20 4.336680e+07 3.7740 4.2307 3.4359  7.6321 1.4233 0.0039 0.9796 0.0002 0.0003 0.147 0.389  0.971 0.000 0.226 0.000 0.000 0.000 0.000 0.000 0.000 
 21 4.340857e+07 3.7838 4.2393 3.4605  7.6483 1.4759 0.0020 0.9815 0.0002 0.0003 0.144 0.389  0.944 0.000 0.243 0.000 0.000 0.000 0.000 0.000 0.000 
 22 4.343054e+07 3.7988 4.2500 3.4883  7.6703 1.5524 0.0008 0.9828 0.0002 0.0003 0.135 0.389  0.877 0.000 0.269 0.000 0.000 0.000 0.000 0.000 0.000 
 23 4.344318e+07 3.8158 4.2595 3.5093  7.6961 1.6578 0.0002 0.9833 0.0002 0.0003 0.112 0.389  0.747 0.000 0.298 0.000 0.000 0.000 0.000 0.000 0.000 
 24 4.345154e+07 3.8228 4.2644 3.5219  7.7223 1.8849 0.0000 0.9835 0.0002 0.0003 0.000 0.389  0.943 0.000 0.342 0.000 0.000 0.000 0.000 0.000 0.000 tmaxlms
 25 4.345601e+07 3.7965 4.2573 3.5198  7.7170 2.0165 0.0000 0.9835 0.0002 0.0003 0.000 0.389  1.247 0.037 0.321 0.000 0.000 0.000 0.000 0.000 0.000 
 26 4.345889e+07 3.7750 4.2489 3.5077  7.7175 2.0864 0.0000 0.9835 0.0002 0.0003 0.000 0.389  1.288 0.047 0.315 0.000 0.000 0.000 0.000 0.000 0.000 
 27 4.346163e+07 3.7621 4.2402 3.4858  7.7203 2.1425 0.0000 0.9835 0.0002 0.0003 0.000 0.389  1.310 0.054 0.310 0.000 0.000 0.000 0.000 0.000 0.000 
 28 4.346395e+07 3.7577 4.2326 3.4598  7.7238 2.1893 0.0000 0.9835 0.0002 0.0003 0.000 0.389  1.320 0.058 0.303 0.000 0.000 0.000 0.000 0.000 0.000 lminsgb
 29 4.346676e+07 3.7590 4.2234 3.4217  7.7291 2.2407 0.0000 0.9835 0.0002 0.0003 0.000 0.389  1.325 0.064 0.298 0.000 0.000 0.000 0.000 0.000 0.000 
 30 4.346951e+07 3.7659 4.2125 3.3712  7.7357 2.2976 0.0000 0.9835 0.0002 0.0003 0.000 0.389  1.317 0.068 0.288 0.000 0.000 0.000 0.000 0.000 0.000 
 31 4.347228e+07 3.7755 4.2008 3.3148  7.7432 2.3554 0.0000 0.9835 0.0002 0.0003 0.000 0.389  1.300 0.075 0.284 0.000 0.000 0.000 0.000 0.000 0.000 
 32 4.347508e+07 3.7803 4.1945 3.2848  7.7473 2.3844 0.0000 0.9835 0.0002 0.0003 0.000 0.389  1.292 0.078 0.277 0.000 0.000 0.000 0.000 0.000 0.000 
 33 4.347785e+07 3.7890 4.1814 3.2237  7.7560 2.4426 0.0000 0.9835 0.0002 0.0003 0.000 0.389  1.276 0.081 0.273 0.000 0.000 0.000 0.000 0.000 0.000 
 34 4.348065e+07 3.7926 4.1745 3.1925  7.7606 2.4716 0.0000 0.9835 0.0002 0.0003 0.000 0.389  1.269 0.085 0.269 0.000 0.000 0.000 0.000 0.000 0.000 
 35 4.348332e+07 3.7958 4.1672 3.1601  7.7655 2.5008 0.0000 0.9835 0.0002 0.0003 0.000 0.389  1.263 0.088 0.265 0.000 0.000 0.000 0.000 0.000 0.000 
 36 4.348598e+07 3.8005 4.1518 3.0938  7.7759 2.5594 0.0000 0.9835 0.0002 0.0003 0.000 0.389  1.255 0.095 0.261 0.000 0.000 0.000 0.000 0.000 0.000 
 37 4.348857e+07 3.8021 4.1436 3.0594  7.7815 2.5887 0.0000 0.9835 0.0002 0.0003 0.000 0.389  1.252 0.095 0.257 0.000 0.000 0.000 0.000 0.000 0.000 
 38 4.349114e+07 3.8033 4.1350 3.0238  7.7872 2.6181 0.0000 0.9835 0.0002 0.0003 0.000 0.389  1.250 0.097 0.253 0.000 0.000 0.000 0.000 0.000 0.000 
 39 4.349365e+07 3.8039 4.1260 2.9872  7.7931 2.6475 0.0000 0.9835 0.0002 0.0003 0.000 0.389  1.250 0.102 0.249 0.000 0.000 0.000 0.000 0.000 0.000 
 40 4.349407e+07 3.8039 4.1260 2.9872  7.7931 2.6475 0.0000 0.9835 0.0002 0.0003 0.000 0.389  1.250 0.102 0.249 0.000 0.000 0.000 0.000 0.000 0.000 lmaxsgb
 41 4.349646e+07 3.8040 4.1166 2.9495  7.7993 2.6769 0.0000 0.9835 0.0002 0.0003 0.000 0.389  1.250 0.102 0.246 0.000 0.000 0.000 0.000 0.000 0.000 
 42 4.349879e+07 3.8036 4.1066 2.9099  7.8056 2.7063 0.0000 0.9835 0.0002 0.0003 0.000 0.389  1.252 0.105 0.246 0.000 0.000 0.000 0.000 0.000 0.000 
 43 4.350100e+07 3.8017 4.0882 2.8382  7.8171 2.7576 0.0000 0.9835 0.0002 0.0003 0.000 0.389  1.257 0.108 0.239 0.000 0.000 0.000 0.000 0.000 0.000 
 44 4.350309e+07 3.8001 4.0791 2.8034  7.8224 2.7804 0.0000 0.9835 0.0002 0.0003 0.000 0.389  1.260 0.110 0.236 0.000 0.000 0.000 0.000 0.000 0.000 
 45 4.350515e+07 3.7981 4.0698 2.7682  7.8280 2.8039 0.0000 0.9835 0.0002 0.0003 0.000 0.389  1.264 0.113 0.235 0.000 0.000 0.000 0.000 0.000 0.000 
 46 4.350710e+07 3.7960 4.0615 2.7371  7.8328 2.8236 0.0000 0.9835 0.0002 0.0003 0.000 0.389  1.269 0.113 0.233 0.000 0.000 0.000 0.000 0.000 0.000 
 47 4.350901e+07 3.7931 4.0513 2.6992  7.8386 2.8471 0.0000 0.9835 0.0002 0.0003 0.000 0.389  1.275 0.116 0.230 0.000 0.000 0.000 0.000 0.000 0.000 
 48 4.351081e+07 3.7889 4.0379 2.6498  7.8458 2.8754 0.0000 0.9835 0.0002 0.0003 0.000 0.389  1.282 0.118 0.228 0.000 0.000 0.000 0.000 0.000 0.000 
 49 4.351252e+07 3.7862 4.0300 2.6209  7.8500 2.8916 0.0000 0.9835 0.0002 0.0003 0.000 0.389  1.288 0.120 0.227 0.000 0.000 0.000 0.000 0.000 0.000 
 50 4.351422e+07 3.7830 4.0208 2.5873  7.8547 2.9093 0.0000 0.9835 0.0002 0.0003 0.000 0.389  1.294 0.120 0.225 0.000 0.000 0.000 0.000 0.000 0.000 
 51 4.351582e+07 3.7790 4.0110 2.5521  7.8598 2.9286 0.0000 0.9835 0.0002 0.0003 0.000 0.389  1.301 0.121 0.223 0.000 0.000 0.000 0.000 0.000 0.000 
 52 4.351736e+07 3.7733 3.9967 2.5006  7.8665 2.9534 0.0000 0.9835 0.0002 0.0003 0.000 0.389  1.313 0.123 0.221 0.000 0.000 0.000 0.000 0.000 0.000 
 53 4.351880e+07 3.7696 3.9870 2.4655  7.8710 2.9696 0.0000 0.9835 0.0002 0.0003 0.000 0.389  1.321 0.125 0.220 0.000 0.000 0.000 0.000 0.000 0.000 
 54 4.352020e+07 3.7663 3.9795 2.4388  7.8744 2.9819 0.0000 0.9835 0.0002 0.0003 0.000 0.389  1.329 0.125 0.220 0.000 0.000 0.000 0.000 0.000 0.000 
 55 4.352152e+07 3.7616 3.9689 2.4011  7.8789 2.9982 0.0000 0.9835 0.0002 0.0003 0.000 0.389  1.339 0.127 0.218 0.000 0.000 0.000 0.000 0.000 0.000 
 56 4.352280e+07 3.7572 3.9596 2.3683  7.8828 3.0119 0.0000 0.9835 0.0002 0.0003 0.000 0.389  1.347 0.127 0.216 0.000 0.000 0.000 0.000 0.000 0.000 
 57 4.352407e+07 3.7514 3.9480 2.3277  7.8875 3.0284 0.0000 0.9835 0.0002 0.0003 0.000 0.389  1.359 0.128 0.216 0.000 0.000 0.000 0.000 0.000 0.000 
 58 4.352524e+07 3.7478 3.9410 2.3033  7.8902 3.0379 0.0000 0.9835 0.0002 0.0003 0.000 0.389  1.366 0.129 0.214 0.000 0.000 0.000 0.000 0.000 0.000 
 59 4.352639e+07 3.7437 3.9330 2.2754  7.8933 3.0484 0.0000 0.9835 0.0002 0.0003 0.000 0.389  1.375 0.129 0.214 0.000 0.000 0.000 0.000 0.000 0.000 
 60 4.352748e+07 3.7388 3.9239 2.2439  7.8966 3.0598 0.0000 0.9835 0.0002 0.0003 0.000 0.389  1.385 0.130 0.212 0.000 0.000 0.000 0.000 0.000 0.000 
 61 4.352855e+07 3.7297 3.9072 2.1862  7.9025 3.0797 0.0000 0.9835 0.0002 0.0003 0.000 0.389  1.406 0.132 0.211 0.000 0.000 0.000 0.000 0.000 0.000 
 62 4.352955e+07 3.7242 3.8968 2.1501  7.9060 3.0915 0.0000 0.9835 0.0002 0.0003 0.000 0.389  1.420 0.132 0.211 0.000 0.000 0.000 0.000 0.000 0.000 
 63 4.353052e+07 3.7190 3.8873 2.1173  7.9091 3.1018 0.0000 0.9835 0.0002 0.0003 0.000 0.389  1.431 0.133 0.209 0.000 0.000 0.000 0.000 0.000 0.000 
 64 4.353146e+07 3.7143 3.8789 2.0884  7.9117 3.1104 0.0000 0.9835 0.0002 0.0003 0.000 0.389  1.441 0.133 0.209 0.000 0.000 0.000 0.000 0.000 0.000 
 65 4.353234e+07 3.7083 3.8684 2.0524  7.9149 3.1209 0.0000 0.9835 0.0002 0.0003 0.000 0.389  1.457 0.135 0.208 0.000 0.000 0.000 0.000 0.000 0.000 
 66 4.353317e+07 3.7046 3.8621 2.0309  7.9167 3.1269 0.0000 0.9835 0.0002 0.0003 0.000 0.389  1.464 0.135 0.208 0.000 0.000 0.000 0.000 0.000 0.000 
 67 4.353396e+07 3.6956 3.8467 1.9783  7.9209 3.1407 0.0000 0.9835 0.0002 0.0003 0.000 0.389  1.485 0.136 0.207 0.000 0.000 0.000 0.000 0.000 0.000 
 68 4.353472e+07 3.6900 3.8374 1.9467  7.9234 3.1488 0.0000 0.9835 0.0002 0.0003 0.000 0.389  1.499 0.136 0.206 0.000 0.000 0.000 0.000 0.000 0.000 
 69 4.353546e+07 3.6835 3.8266 1.9100  7.9261 3.1575 0.0000 0.9835 0.0002 0.0003 0.000 0.389  1.514 0.136 0.206 0.000 0.000 0.000 0.000 0.000 0.000 
 70 4.353618e+07 3.6772 3.8169 1.8775  7.9285 3.1653 0.0000 0.9835 0.0002 0.0003 0.000 0.389  1.531 0.138 0.205 0.000 0.000 0.000 0.000 0.000 0.000 
 71 4.353685e+07 3.6713 3.8072 1.8446  7.9308 3.1727 0.0000 0.9835 0.0002 0.0003 0.000 0.389  1.549 0.138 0.204 0.000 0.000 0.000 0.000 0.000 0.000 
 72 4.353750e+07 3.6647 3.7966 1.8088  7.9332 3.1803 0.0000 0.9835 0.0002 0.0003 0.000 0.389  1.565 0.138 0.204 0.000 0.000 0.000 0.000 0.000 0.000 
 73 4.353812e+07 3.6588 3.7873 1.7775  7.9352 3.1868 0.0000 0.9835 0.0002 0.0003 0.000 0.389  1.580 0.138 0.204 0.000 0.000 0.000 0.000 0.000 0.000 
 74 4.353870e+07 3.6552 3.7817 1.7587  7.9364 3.1905 0.0000 0.9835 0.0002 0.0003 0.000 0.389  1.589 0.138 0.204 0.000 0.000 0.000 0.000 0.000 0.000 
 75 4.353927e+07 3.6464 3.7684 1.7143  7.9391 3.1992 0.0000 0.9835 0.0002 0.0003 0.000 0.389  1.613 0.139 0.203 0.000 0.000 0.000 0.000 0.000 0.000 
 76 4.353981e+07 3.6409 3.7603 1.6874  7.9407 3.2042 0.0000 0.9835 0.0002 0.0003 0.000 0.389  1.630 0.139 0.203 0.000 0.000 0.000 0.000 0.000 0.000 
 77 4.354034e+07 3.6345 3.7506 1.6550  7.9425 3.2096 0.0000 0.9835 0.0002 0.0003 0.000 0.389  1.648 0.139 0.203 0.000 0.000 0.000 0.000 0.000 0.000 
 78 4.354085e+07 3.6287 3.7428 1.6296  7.9440 3.2143 0.0000 0.9835 0.0002 0.0003 0.000 0.389  1.662 0.139 0.203 0.000 0.000 0.000 0.000 0.000 0.000 
 79 4.354132e+07 3.6219 3.7335 1.5992  7.9456 3.2194 0.0000 0.9835 0.0002 0.0003 0.000 0.389  1.683 0.139 0.202 0.000 0.000 0.000 0.000 0.000 0.000 
 80 4.354181e+07 3.6088 3.7169 1.5459  7.9485 3.2283 0.0000 0.9835 0.0002 0.0003 0.000 0.389  1.727 0.141 0.201 0.000 0.000 0.000 0.000 0.000 0.000 
 81 4.354229e+07 3.6000 3.7070 1.5151  7.9502 3.2335 0.0000 0.9835 0.0002 0.0003 0.000 0.389  1.756 0.141 0.201 0.000 0.000 0.000 0.000 0.000 0.000 
 82 4.354279e+07 3.5918 3.6987 1.4901  7.9516 3.2381 0.0000 0.9835 0.0002 0.0003 0.000 0.389  1.784 0.141 0.200 0.000 0.000 0.000 0.000 0.000 0.000 
 83 4.354329e+07 3.5800 3.6878 1.4583  7.9536 3.2442 0.0000 0.9835 0.0002 0.0003 0.000 0.389  1.825 0.141 0.200 0.000 0.000 0.000 0.000 0.000 0.000 
 84 4.354393e+07 3.5693 3.6804 1.4394  7.9553 3.2493 0.0000 0.9835 0.0002 0.0003 0.000 0.389  1.862 0.142 0.200 0.000 0.000 0.000 0.000 0.000 0.000 
 85 4.354460e+07 3.5475 3.6680 1.4116  7.9585 3.2591 0.0000 0.9835 0.0002 0.0003 0.000 0.389  1.940 0.142 0.199 0.000 0.000 0.000 0.000 0.000 0.000 
 86 4.354562e+07 3.5277 3.6615 1.4054  7.9612 3.2674 0.0000 0.9835 0.0002 0.0003 0.000 0.389  2.015 0.142 0.199 0.000 0.000 0.000 0.000 0.000 0.000 
 87 4.354670e+07 3.5052 3.6559 1.4055  7.9644 3.2774 0.0000 0.9835 0.0002 0.0003 0.000 0.389  2.099 0.143 0.198 0.000 0.000 0.000 0.000 0.000 0.000 
 88 4.354806e+07 3.4734 3.6453 1.3949  7.9701 3.2946 0.0000 0.9835 0.0002 0.0003 0.000 0.389  2.214 0.144 0.197 0.000 0.000 0.000 0.000 0.000 0.000 
 89 4.354883e+07 3.4690 3.6421 1.3865  7.9721 3.3005 0.0000 0.9835 0.0002 0.0003 0.000 0.389  2.219 0.144 0.197 0.000 0.000 0.000 0.000 0.000 0.000 brgb
 90 4.355010e+07 3.4858 3.6312 1.3261  7.9784 3.3194 0.0000 0.9835 0.0002 0.0003 0.000 0.389  2.087 0.145 0.196 0.000 0.000 0.000 0.000 0.000 0.000 
 91 4.355086e+07 3.5118 3.6262 1.2801  7.9809 3.3267 0.0000 0.9835 0.0002 0.0003 0.000 0.389  1.950 0.146 0.195 0.000 0.000 0.000 0.000 0.000 0.000 
 92 4.355145e+07 3.5545 3.6199 1.2122  7.9836 3.3347 0.0000 0.9835 0.0002 0.0003 0.000 0.386  1.758 0.146 0.195 0.000 0.000 0.000 0.000 0.000 0.000 
 93 4.355194e+07 3.5545 3.6199 1.2122  7.9836 3.3347 0.0000 0.9835 0.0002 0.0003 0.000 0.386  1.758 0.146 0.195 0.000 0.000 0.000 0.000 0.000 0.000 
 94 4.355245e+07 3.6134 3.6133 1.1269  7.9865 3.3434 0.0000 0.9835 0.0002 0.0003 0.000 0.386  1.528 0.147 0.194 0.000 0.000 0.000 0.000 0.000 0.000 
 95 4.355293e+07 3.6134 3.6133 1.1269  7.9865 3.3434 0.0000 0.9835 0.0002 0.0003 0.000 0.386  1.528 0.147 0.194 0.000 0.000 0.000 0.000 0.000 0.000 
 96 4.355351e+07 3.6811 3.6071 1.0344  7.9897 3.3530 0.0000 0.9835 0.0002 0.0003 0.000 0.378  1.311 0.147 0.194 0.000 0.000 0.000 0.000 0.000 0.000 
 97 4.355416e+07 3.7418 3.6017 0.9521  7.9932 3.3634 0.0000 0.9835 0.0002 0.0003 0.000 0.370  1.148 0.147 0.193 0.000 0.000 0.000 0.000 0.000 0.000 
 98 4.355501e+07 3.7831 3.5975 0.8940  7.9965 3.3733 0.0000 0.9835 0.0002 0.0003 0.000 0.365  1.054 0.148 0.193 0.000 0.000 0.000 0.000 0.000 0.000 
 99 4.355634e+07 3.8088 3.5951 0.8587  7.9994 3.3819 0.0000 0.9835 0.0002 0.0003 0.000 0.364  1.005 0.148 0.193 0.000 0.000 0.000 0.000 0.000 0.000 
100 4.355940e+07 3.8583 3.5905 0.7908  8.0112 3.4173 0.0000 0.9835 0.0002 0.0003 0.000 0.334  0.935 0.149 0.192 0.000 0.000 0.000 0.000 0.000 0.000 
101 4.356573e+07 3.8981 3.5871 0.7374  8.0333 3.4831 0.0000 0.9835 0.0002 0.0003 0.000 0.310  0.917 0.152 0.191 0.000 0.000 0.006 0.000 0.000 0.000 
102 4.357308e+07 3.9358 3.5835 0.6853  8.0583 3.5564 0.0000 0.9835 0.0003 0.0003 0.000 0.286  0.909 0.156 0.189 0.000 0.000 0.014 0.000 0.000 0.000 
103 4.358076e+07 3.9731 3.5797 0.6328  8.0856 3.6293 0.0000 0.9834 0.0004 0.0003 0.000 0.267  0.903 0.159 0.189 0.001 0.000 0.022 0.000 0.000 0.000 
104 4.358896e+07 4.0124 3.5760 0.5781  8.1249 3.6841 0.0000 0.9824 0.0013 0.0003 0.007 0.250  0.895 0.162 0.188 0.020 0.000 0.020 0.000 0.000 0.000 
105 4.360381e+07 4.0510 3.5725 0.5255  8.1520 3.6205 0.0000 0.9798 0.0035 0.0003 0.048 0.238  0.885 0.168 0.189 0.116 0.000 0.022 0.000 0.000 0.000 
106 4.362720e+07 4.0600 3.5716 0.5129  8.1517 3.5680 0.0000 0.9754 0.0073 0.0003 0.056 0.236  0.903 0.172 0.192 0.088 0.000 0.023 0.000 0.000 0.000 trgb
107 4.378673e+07 4.0233 3.5753 0.5634  8.1611 3.5123 0.0000 0.9465 0.0344 0.0005 0.061 0.237  0.879 0.190 0.208 0.116 0.000 0.028 0.000 0.000 0.000 
108 4.389119e+07 3.9887 3.5788 0.6114  8.1654 3.4908 0.0000 0.9291 0.0512 0.0008 0.078 0.237  0.858 0.196 0.215 0.138 0.000 0.029 0.000 0.000 0.000 
109 4.397367e+07 3.9517 3.5825 0.6627  8.1683 3.4773 0.0000 0.9114 0.0684 0.0011 0.082 0.237  0.833 0.201 0.219 0.163 0.000 0.031 0.000 0.000 0.000 
110 4.404836e+07 3.9158 3.5857 0.7108  8.1705 3.4673 0.0000 0.8957 0.0837 0.0015 0.084 0.237  0.808 0.205 0.222 0.189 0.000 0.032 0.000 0.000 0.000 
111 4.411800e+07 3.8703 3.5900 0.7730  8.1729 3.4576 0.0000 0.8758 0.1030 0.0021 0.086 0.238  0.773 0.208 0.226 0.223 0.000 0.033 0.000 0.000 0.000 
112 4.419072e+07 3.8363 3.5932 0.8198  8.1745 3.4515 0.0000 0.8607 0.1175 0.0026 0.087 0.238  0.744 0.210 0.228 0.252 0.000 0.033 0.000 0.000 0.000 
113 4.426968e+07 3.7979 3.5971 0.8732  8.1765 3.4453 0.0000 0.8416 0.1358 0.0034 0.089 0.238  0.708 0.213 0.230 0.288 0.000 0.034 0.000 0.000 0.000 
114 4.436500e+07 3.7605 3.6007 0.9250  8.1786 3.4397 0.0000 0.8190 0.1572 0.0045 0.091 0.238  0.668 0.215 0.232 0.329 0.000 0.035 0.000 0.000 0.000 
115 4.449074e+07 3.7201 3.6046 0.9805  8.1816 3.4343 0.0000 0.7857 0.1886 0.0065 0.093 0.238  0.615 0.217 0.235 0.382 0.000 0.036 0.000 0.000 0.000 
116 4.468150e+07 3.6833 3.6097 1.0371  8.1858 3.4289 0.0000 0.7352 0.2350 0.0104 0.097 0.239  0.551 0.239 0.240 0.446 0.000 0.037 0.000 0.000 0.000 
117 4.492886e+07 3.6667 3.6156 1.0768  8.1914 3.4261 0.0000 0.6675 0.2956 0.0174 0.099 0.239  0.494 0.224 0.244 0.500 0.000 0.039 0.000 0.000 0.000 lmincheb
118 4.509566e+07 3.6875 3.6226 1.0834  8.1954 3.4259 0.0000 0.6197 0.3370 0.0238 0.101 0.241  0.481 0.226 0.247 0.500 0.000 0.040 0.000 0.000 0.000 
119 4.513147e+07 3.7128 3.6274 1.0773  8.1963 3.4265 0.0000 0.6093 0.3458 0.0253 0.101 0.241  0.486 0.226 0.248 0.475 0.000 0.041 0.000 0.000 0.000 
120 4.514842e+07 3.7477 3.6347 1.0716  8.1968 3.4270 0.0000 0.6024 0.3517 0.0264 0.101 0.241  0.493 0.227 0.249 0.440 0.000 0.041 0.000 0.000 0.000 
121 4.515918e+07 3.7721 3.6416 1.0748  8.1971 3.4273 0.0000 0.5989 0.3546 0.0269 0.101 0.241  0.500 0.227 0.250 0.416 0.000 0.041 0.000 0.000 0.000 
122 4.516642e+07 3.7721 3.6416 1.0748  8.1971 3.4273 0.0000 0.5989 0.3546 0.0269 0.101 0.241  0.500 0.227 0.250 0.416 0.000 0.041 0.000 0.000 0.000 
123 4.517100e+07 3.8048 3.6623 1.1249  8.1973 3.4278 0.0000 0.5947 0.3581 0.0276 0.101 0.242  0.514 0.227 0.251 0.386 0.000 0.041 0.000 0.000 0.000 
124 4.517392e+07 3.8093 3.6698 1.1504  8.1974 3.4278 0.0000 0.5940 0.3587 0.0277 0.101 0.242  0.518 0.227 0.251 0.382 0.000 0.041 0.000 0.000 0.000 
125 4.517637e+07 3.8140 3.6802 1.1873  8.1974 3.4280 0.0000 0.5932 0.3594 0.0278 0.101 0.242  0.523 0.227 0.251 0.378 0.000 0.041 0.000 0.000 0.000 
126 4.517876e+07 3.8190 3.6938 1.2367  8.1975 3.4281 0.0000 0.5922 0.3602 0.0279 0.101 0.242  0.530 0.227 0.251 0.374 0.000 0.041 0.000 0.000 0.000 
127 4.518111e+07 3.8216 3.7021 1.2673  8.1975 3.4282 0.0000 0.5916 0.3607 0.0280 0.101 0.242  0.534 0.227 0.251 0.371 0.000 0.041 0.000 0.000 0.000 
128 4.518350e+07 3.8242 3.7108 1.2995  8.1976 3.4282 0.0000 0.5910 0.3612 0.0281 0.101 0.242  0.538 0.227 0.251 0.369 0.000 0.041 0.000 0.000 0.000 
129 4.518604e+07 3.8268 3.7203 1.3349  8.1976 3.4283 0.0000 0.5903 0.3618 0.0283 0.101 0.242  0.543 0.227 0.251 0.367 0.000 0.041 0.000 0.000 0.000 
130 4.518873e+07 3.8294 3.7301 1.3715  8.1977 3.4284 0.0000 0.5895 0.3624 0.0284 0.101 0.242  0.549 0.227 0.252 0.365 0.000 0.041 0.000 0.000 0.000 
131 4.519151e+07 3.8327 3.7436 1.4222  8.1978 3.4286 0.0000 0.5884 0.3634 0.0285 0.101 0.242  0.557 0.227 0.252 0.363 0.000 0.041 0.000 0.000 0.000 
132 4.519442e+07 3.8351 3.7533 1.4586  8.1979 3.4287 0.0000 0.5876 0.3641 0.0287 0.101 0.242  0.563 0.227 0.252 0.361 0.000 0.041 0.000 0.000 0.000 
133 4.519766e+07 3.8373 3.7628 1.4944  8.1979 3.4288 0.0000 0.5867 0.3648 0.0288 0.101 0.242  0.569 0.227 0.252 0.359 0.000 0.041 0.000 0.000 0.000 
134 4.520124e+07 3.8394 3.7720 1.5291  8.1980 3.4289 0.0000 0.5857 0.3656 0.0290 0.101 0.242  0.575 0.227 0.252 0.358 0.000 0.041 0.000 0.000 0.000 
135 4.520523e+07 3.8417 3.7829 1.5704  8.1981 3.4291 0.0000 0.5845 0.3667 0.0292 0.101 0.243  0.582 0.227 0.253 0.356 0.000 0.041 0.000 0.000 0.000 
136 4.520967e+07 3.8435 3.7912 1.6018  8.1982 3.4292 0.0000 0.5834 0.3675 0.0294 0.102 0.243  0.588 0.227 0.253 0.355 0.000 0.041 0.000 0.000 0.000 
137 4.521468e+07 3.8465 3.8048 1.6532  8.1983 3.4292 0.0000 0.5818 0.3689 0.0297 0.102 0.243  0.597 0.228 0.253 0.353 0.000 0.041 0.000 0.000 0.000 
138 4.522065e+07 3.8487 3.8146 1.6902  8.1984 3.4291 0.0000 0.5805 0.3699 0.0299 0.102 0.243  0.604 0.228 0.253 0.352 0.000 0.041 0.000 0.000 0.000 
139 4.522761e+07 3.8511 3.8248 1.7286  8.1986 3.4292 0.0000 0.5786 0.3715 0.0303 0.102 0.243  0.610 0.228 0.254 0.351 0.000 0.041 0.000 0.000 0.000 
140 4.523571e+07 3.8536 3.8351 1.7673  8.1989 3.4291 0.0000 0.5763 0.3733 0.0307 0.102 0.244  0.617 0.228 0.254 0.350 0.000 0.041 0.000 0.000 0.000 
141 4.524549e+07 3.8567 3.8456 1.8062  8.1991 3.4291 0.0000 0.5737 0.3755 0.0311 0.103 0.244  0.622 0.228 0.255 0.348 0.000 0.041 0.000 0.000 0.000 
142 4.525679e+07 3.8584 3.8510 1.8256  8.1993 3.4291 0.0000 0.5721 0.3767 0.0314 0.103 0.244  0.625 0.228 0.255 0.348 0.000 0.041 0.000 0.000 0.000 
143 4.526954e+07 3.8622 3.8621 1.8662  8.1996 3.4291 0.0000 0.5684 0.3797 0.0321 0.103 0.244  0.629 0.228 0.255 0.346 0.000 0.041 0.000 0.000 0.000 
144 4.528406e+07 3.8666 3.8737 1.9082  8.2001 3.4290 0.0000 0.5638 0.3835 0.0329 0.103 0.245  0.633 0.229 0.256 0.345 0.000 0.041 0.000 0.000 0.000 
145 4.529968e+07 3.8717 3.8865 1.9543  8.2006 3.4289 0.0000 0.5583 0.3879 0.0340 0.103 0.246  0.636 0.229 0.258 0.343 0.000 0.041 0.000 0.000 0.000 
146 4.531629e+07 3.8745 3.8933 1.9787  8.2009 3.4290 0.0000 0.5552 0.3905 0.0346 0.103 0.246  0.637 0.229 0.258 0.342 0.000 0.041 0.000 0.000 0.000 
147 4.533401e+07 3.8800 3.9063 2.0252  8.2016 3.4290 0.0000 0.5485 0.3958 0.0358 0.104 0.246  0.640 0.230 0.259 0.341 0.000 0.041 0.000 0.000 0.000 
148 4.535366e+07 3.8824 3.9124 2.0472  8.2020 3.4289 0.0000 0.5450 0.3987 0.0365 0.104 0.247  0.642 0.230 0.259 0.341 0.000 0.041 0.000 0.000 0.000 
149 4.537603e+07 3.8869 3.9234 2.0867  8.2026 3.4288 0.0000 0.5387 0.4037 0.0378 0.104 0.247  0.644 0.230 0.261 0.340 0.000 0.042 0.000 0.000 0.000 
150 4.540189e+07 3.8917 3.9358 2.1315  8.2035 3.4288 0.0000 0.5300 0.4106 0.0396 0.104 0.249  0.648 0.231 0.262 0.341 0.000 0.042 0.000 0.000 0.000 
151 4.543649e+07 3.8957 3.9464 2.1699  8.2046 3.4291 0.0000 0.5195 0.4189 0.0418 0.105 0.249  0.651 0.258 0.262 0.341 0.000 0.042 0.000 0.000 0.000 
152 4.554134e+07 3.8998 3.9570 2.2082  8.2075 3.4301 0.0000 0.4907 0.4409 0.0484 0.106 0.252  0.653 0.234 0.255 0.349 0.000 0.043 0.000 0.000 0.000 tmaxcheb
153 4.567896e+07 3.8989 3.9476 2.1715  8.2119 3.4330 0.0000 0.4498 0.4709 0.0592 0.107 0.254  0.642 0.236 0.256 0.364 0.000 0.045 0.000 0.000 0.000 
154 4.584879e+07 3.8998 3.9369 2.1278  8.2177 3.4381 0.0000 0.3992 0.5054 0.0750 0.109 0.256  0.621 0.237 0.258 0.382 0.000 0.046 0.000 0.000 0.000 
155 4.620720e+07 3.9052 3.9267 2.0816  8.2323 3.4550 0.0000 0.2932 0.5650 0.1206 0.113 0.260  0.581 0.240 0.261 0.422 0.000 0.050 0.000 0.000 0.000 
156 4.640663e+07 3.9063 3.9167 2.0405  8.2420 3.4699 0.0000 0.2365 0.5867 0.1551 0.116 0.261  0.557 0.242 0.263 0.447 0.000 0.053 0.000 0.000 0.000 
157 4.641332e+07 3.9062 3.9162 2.0386  8.2425 3.4705 0.0000 0.2343 0.5873 0.1566 0.116 0.261  0.556 0.242 0.263 0.450 0.000 0.053 0.000 0.000 0.000 lmaxcheb
158 4.654278e+07 3.9058 3.9063 1.9994  8.2496 3.4833 0.0000 0.1986 0.5952 0.1843 0.117 0.263  0.538 0.243 0.263 0.466 0.000 0.055 0.000 0.000 0.000 
159 4.663828e+07 3.9044 3.8959 1.9586  8.2558 3.4947 0.0000 0.1720 0.5970 0.2090 0.119 0.263  0.522 0.244 0.264 0.482 0.000 0.056 0.000 0.000 0.000 
160 4.671883e+07 3.9027 3.8857 1.9195  8.2612 3.5055 0.0000 0.1510 0.5950 0.2318 0.120 0.264  0.509 0.245 0.265 0.495 0.000 0.058 0.000 0.000 0.000 
161 4.678557e+07 3.9004 3.8752 1.8798  8.2662 3.5159 0.0000 0.1335 0.5909 0.2534 0.121 0.264  0.497 0.245 0.265 0.508 0.000 0.058 0.000 0.000 0.000 
162 4.683941e+07 3.8982 3.8653 1.8424  8.2703 3.5246 0.0000 0.1203 0.5860 0.2716 0.121 0.265  0.486 0.246 0.265 0.519 0.000 0.060 0.000 0.000 0.000 
163 4.688774e+07 3.8959 3.8561 1.8079  8.2740 3.5331 0.0000 0.1092 0.5806 0.2880 0.122 0.265  0.478 0.246 0.265 0.528 0.000 0.060 0.000 0.000 0.000 
164 4.692734e+07 3.8930 3.8456 1.7688  8.2776 3.5413 0.0000 0.0992 0.5744 0.3042 0.122 0.265  0.469 0.246 0.265 0.538 0.000 0.062 0.000 0.000 0.000 
165 4.696260e+07 3.8904 3.8358 1.7322  8.2808 3.5488 0.0000 0.0911 0.5684 0.3183 0.122 0.265  0.461 0.247 0.265 0.546 0.000 0.062 0.000 0.000 0.000 
166 4.699479e+07 3.8875 3.8263 1.6971  8.2837 3.5557 0.0000 0.0841 0.5626 0.3311 0.123 0.265  0.453 0.247 0.265 0.556 0.000 0.063 0.000 0.000 0.000 
167 4.702343e+07 3.8851 3.8177 1.6651  8.2860 3.5612 0.0000 0.0788 0.5573 0.3416 0.123 0.265  0.446 0.247 0.265 0.561 0.000 0.063 0.000 0.000 0.000 
168 4.705003e+07 3.8824 3.8085 1.6310  8.2883 3.5670 0.0000 0.0738 0.5516 0.3524 0.123 0.265  0.440 0.247 0.265 0.568 0.000 0.064 0.000 0.000 0.000 
169 4.707337e+07 3.8794 3.7986 1.5944  8.2907 3.5730 0.0000 0.0689 0.5454 0.3635 0.123 0.266  0.433 0.248 0.265 0.576 0.000 0.064 0.000 0.000 0.000 
170 4.709246e+07 3.8754 3.7868 1.5512  8.2933 3.5792 0.0000 0.0639 0.5390 0.3749 0.124 0.266  0.425 0.248 0.265 0.585 0.000 0.065 0.000 0.000 0.000 
171 4.710871e+07 3.8715 3.7753 1.5091  8.2956 3.5850 0.0000 0.0597 0.5335 0.3846 0.124 0.266  0.419 0.248 0.265 0.593 0.000 0.065 0.000 0.000 0.000 
172 4.712376e+07 3.8694 3.7686 1.4844  8.2968 3.5882 0.0000 0.0576 0.5305 0.3897 0.124 0.266  0.414 0.248 0.265 0.598 0.000 0.065 0.000 0.000 0.000 
173 4.713801e+07 3.8645 3.7539 1.4305  8.2993 3.5947 0.0000 0.0534 0.5242 0.4002 0.124 0.266  0.406 0.248 0.265 0.607 0.000 0.066 0.000 0.000 0.000 
174 4.715066e+07 3.8618 3.7458 1.4008  8.3005 3.5979 0.0000 0.0515 0.5210 0.4053 0.124 0.266  0.401 0.248 0.265 0.613 0.000 0.066 0.000 0.000 0.000 
175 4.716196e+07 3.8588 3.7373 1.3698  8.3017 3.6012 0.0000 0.0496 0.5177 0.4105 0.124 0.266  0.397 0.248 0.265 0.618 0.000 0.066 0.000 0.001 0.000 
176 4.717209e+07 3.8554 3.7280 1.3360  8.3031 3.6048 0.0000 0.0475 0.5146 0.4157 0.124 0.266  0.392 0.248 0.265 0.624 0.000 0.066 0.000 0.001 0.000 
177 4.718110e+07 3.8521 3.7192 1.3041  8.3042 3.6081 0.0000 0.0457 0.5118 0.4203 0.124 0.266  0.388 0.248 0.265 0.630 0.000 0.066 0.000 0.001 0.000 
178 4.718911e+07 3.8483 3.7097 1.2699  8.3054 3.6113 0.0000 0.0440 0.5091 0.4247 0.124 0.266  0.383 0.248 0.265 0.636 0.000 0.066 0.000 0.001 0.000 
179 4.719678e+07 3.8420 3.6946 1.2158  8.3071 3.6160 0.0000 0.0416 0.5051 0.4311 0.124 0.266  0.376 0.248 0.265 0.647 0.000 0.067 0.000 0.001 0.000 
180 4.720373e+07 3.8375 3.6845 1.1799  8.3082 3.6190 0.0000 0.0402 0.5026 0.4350 0.124 0.266  0.372 0.249 0.265 0.655 0.000 0.067 0.000 0.001 0.000 
181 4.721049e+07 3.8328 3.6758 1.1498  8.3091 3.6216 0.0000 0.0389 0.5004 0.4385 0.124 0.266  0.368 0.249 0.264 0.663 0.000 0.067 0.000 0.001 0.000 
182 4.721772e+07 3.8250 3.6642 1.1112  8.3104 3.6252 0.0000 0.0373 0.4975 0.4431 0.124 0.266  0.361 0.249 0.264 0.676 0.000 0.067 0.000 0.001 0.000 
183 4.722482e+07 3.8163 3.6544 1.0807  8.3115 3.6283 0.0000 0.0359 0.4949 0.4470 0.124 0.266  0.355 0.249 0.264 0.691 0.000 0.067 0.000 0.001 0.000 
184 4.723382e+07 3.8015 3.6451 1.0583  8.3129 3.6322 0.0000 0.0343 0.4918 0.4517 0.124 0.266  0.346 0.249 0.264 0.716 0.000 0.067 0.000 0.001 0.000 
185 4.724433e+07 3.7806 3.6379 1.0504  8.3146 3.6370 0.0000 0.0323 0.4879 0.4575 0.124 0.266  0.329 0.249 0.264 0.753 0.000 0.067 0.000 0.001 0.000 
186 4.725304e+07 3.7633 3.6328 1.0473  8.3156 3.6398 0.0000 0.0312 0.4857 0.4609 0.124 0.266  0.317 0.249 0.264 0.784 0.000 0.067 0.000 0.001 0.000 
187 4.726340e+07 3.7247 3.6236 1.0486  8.3178 3.6460 0.0000 0.0289 0.4809 0.4679 0.124 0.266  0.277 0.249 0.263 0.859 0.000 0.068 0.000 0.001 0.000 
188 4.726851e+07 3.7151 3.6194 1.0414  8.3189 3.6491 0.0000 0.0278 0.4786 0.4713 0.124 0.266  0.250 0.249 0.263 0.879 0.000 0.068 0.000 0.001 0.000 lmin1cheb
189 4.728879e+07 3.7341 3.6093 0.9820  8.3230 3.6613 0.0000 0.0239 0.4698 0.4840 0.124 0.266  0.182 0.249 0.262 0.842 0.000 0.069 0.000 0.001 0.000 
190 4.739079e+07 3.7684 3.6030 0.9225  8.3572 3.7651 0.0000 0.0059 0.4226 0.5493 0.116 0.266  0.199 0.250 0.261 0.755 0.000 0.071 0.000 0.001 0.000 
191 4.742346e+07 3.8039 3.5987 0.8698  8.4003 3.9067 0.0000 0.0006 0.4070 0.5701 0.090 0.266  0.260 0.250 0.260 0.444 0.124 0.138 0.000 0.003 0.000 
192 4.743135e+07 3.8403 3.5944 0.8156  8.4384 4.0719 0.0000 0.0000 0.4053 0.5724 0.000 0.266  0.290 0.250 0.259 0.220 0.115 0.157 0.000 0.005 0.000 
193 4.743686e+07 3.8724 3.5912 0.7707  8.4482 4.1664 0.0000 0.0000 0.4053 0.5724 0.000 0.266  0.231 0.250 0.259 0.694 0.118 0.158 0.000 0.005 0.000 lmaxeagb
194 4.744670e+07 3.8523 3.5933 0.7992  8.4521 4.2897 0.0000 0.0000 0.4053 0.5724 0.000 0.266  0.072 0.250 0.259 0.929 0.118 0.158 0.000 0.006 0.000 lmineagb
195 4.745770e+07 3.8788 3.5902 0.7603  8.4613 4.4043 0.0000 0.0000 0.4053 0.5724 0.000 0.266  0.006 0.250 0.258 1.026 0.111 0.158 0.000 0.006 0.000 
196 4.746364e+07 3.9151 3.5865 0.7092  8.4674 4.4614 0.0000 0.0000 0.4053 0.5724 0.000 0.266  0.001 0.250 0.258 1.013 0.093 0.158 0.000 0.006 0.000 
197 4.747033e+07 3.9516 3.5830 0.6587  8.4747 4.5200 0.0000 0.0000 0.4053 0.5724 0.000 0.266  0.000 0.250 0.257 0.995 0.081 0.158 0.000 0.006 0.000 
198 4.747857e+07 3.9982 3.5784 0.5937  8.4873 4.6081 0.0000 0.0000 0.4053 0.5724 0.000 0.266  0.000 0.251 0.256 0.978 0.078 0.158 0.000 0.007 0.000 
199 4.748826e+07 4.0376 3.5743 0.5379  8.5017 4.6967 0.0000 0.0000 0.4053 0.5724 0.000 0.266  0.000 0.251 0.255 0.968 0.081 0.157 0.000 0.008 0.000 
200 4.749995e+07 4.0725 3.5707 0.4886  8.5178 4.7858 0.0000 0.0000 0.4053 0.5724 0.000 0.266  0.000 0.253 0.253 0.961 0.085 0.158 0.000 0.009 0.000 
201 4.751338e+07 4.1140 3.5665 0.4303  8.5408 4.9054 0.0000 0.0000 0.4053 0.5724 0.000 0.267  0.000 0.000 0.000 0.956 0.090 0.158 0.000 0.013 0.000 
202 4.752799e+07 4.1511 3.5621 0.3751  8.5648 5.0260 0.0000 0.0000 0.4053 0.5724 0.000 0.266  0.000 0.000 0.000 0.953 0.096 0.157 0.000 0.018 0.000 
203 4.754358e+07 4.1842 3.5583 0.3268  8.5887 5.1477 0.0000 0.0000 0.4053 0.5724 0.000 0.263  0.000 0.000 0.000 0.951 0.102 0.157 0.000 0.026 0.000 
204 4.756005e+07 4.2208 3.5546 0.2754  8.6170 5.3017 0.0000 0.0000 0.4053 0.5724 0.000 0.261  0.000 0.000 0.000 0.947 0.110 0.158 0.000 0.041 0.000 
205 4.757610e+07 4.2629 3.5504 0.2159  8.6511 5.5107 0.0000 0.0000 0.4053 0.5724 0.000 0.259  0.000 0.000 0.000 0.937 0.119 0.157 0.000 0.080 0.000 
206 4.758971e+07 4.2997 3.5460 0.1615  8.6817 5.7291 0.0000 0.0000 0.4053 0.5724 0.000 0.256  0.000 0.000 0.000 0.923 0.127 0.155 0.000 0.159 0.000 
207 4.760420e+07 4.3367 3.5425 0.1105  8.7092 6.0902 0.0000 0.0000 0.4053 0.5724 0.000 0.254  0.000 0.000 0.000 0.925 0.135 0.153 0.028 0.474 0.015 
208 4.760799e+07 4.3425 3.5419 0.1023  8.7166 6.2318 0.0000 0.0000 0.4053 0.5724 0.000 0.251  0.000 0.000 0.000 0.903 0.138 0.152 0.266 0.752 0.021 1sttp
