#n   age/yr      logL   logTef grav    logTc  logrho Xc     Yc     Xc_C   Xc_O   Q_conv Q_disc L_H/L Q1_H Q2_H L_He/L Q1_He Q2_He L_C/L L_nu/L Q_Tmax phase
#(1) (2)         (3)    (4)    (5)     (6)    (7)    (8)    (9)    (10)   (11)   (12)   (13)   (14) (15)  (16) (17)   (18)  (19)  (20)  (21)   (22)   (23) 
  1 0.000000e+00 3.7530 4.4648 4.4902  7.5545 1.1636 0.7660 0.2330 0.0000 0.0002 0.413 0.417  1.010 0.000 0.341 0.000 0.000 0.000 0.000 0.000 0.000 bms
  2 3.104832e+06 3.7816 4.4598 4.4416  7.5511 1.1382 0.7230 0.2760 0.0000 0.0000 0.399 0.417  1.002 0.000 0.332 0.000 0.000 0.000 0.000 0.000 0.000 
  3 6.695367e+06 3.8240 4.4578 4.3912  7.5577 1.1356 0.6586 0.3405 0.0000 0.0000 0.379 0.417  1.002 0.000 0.322 0.000 0.000 0.000 0.000 0.000 0.000 
  4 9.825662e+06 3.8607 4.4551 4.3437  7.5637 1.1351 0.6014 0.3976 0.0000 0.0000 0.360 0.417  1.002 0.000 0.312 0.000 0.000 0.000 0.000 0.000 0.000 
  5 1.251709e+07 3.8998 4.4513 4.2894  7.5704 1.1363 0.5394 0.4596 0.0000 0.0000 0.339 0.417  1.002 0.000 0.302 0.000 0.000 0.000 0.000 0.000 0.000 
  6 1.483257e+07 3.9351 4.4465 4.2349  7.5770 1.1394 0.4809 0.5182 0.0000 0.0000 0.324 0.417  1.002 0.000 0.291 0.000 0.000 0.000 0.000 0.000 0.000 
  7 1.680022e+07 3.9708 4.4404 4.1748  7.5844 1.1452 0.4195 0.5795 0.0000 0.0000 0.309 0.417  1.002 0.000 0.280 0.000 0.000 0.000 0.000 0.000 0.000 
  8 1.843084e+07 4.0018 4.4339 4.1178  7.5913 1.1535 0.3655 0.6336 0.0000 0.0000 0.291 0.417  1.002 0.000 0.269 0.000 0.000 0.000 0.000 0.000 0.000 
  9 1.979803e+07 4.0302 4.4265 4.0598  7.5985 1.1637 0.3137 0.6853 0.0000 0.0000 0.278 0.417  1.002 0.000 0.258 0.000 0.000 0.000 0.000 0.000 0.000 
 10 2.094268e+07 4.0565 4.4185 4.0015  7.6059 1.1766 0.2651 0.7339 0.0000 0.0000 0.265 0.417  1.003 0.000 0.247 0.000 0.000 0.000 0.000 0.000 0.000 
 11 2.190208e+07 4.0798 4.4102 3.9450  7.6134 1.1917 0.2208 0.7782 0.0000 0.0000 0.253 0.417  1.003 0.000 0.236 0.000 0.000 0.000 0.000 0.000 0.000 
 12 2.270999e+07 4.1017 4.4013 3.8875  7.6216 1.2102 0.1784 0.8206 0.0000 0.0000 0.241 0.417  1.003 0.000 0.226 0.000 0.000 0.000 0.000 0.000 0.000 
 13 2.339894e+07 4.1212 4.3924 3.8324  7.6303 1.2316 0.1399 0.8591 0.0000 0.0000 0.230 0.417  1.003 0.000 0.216 0.000 0.000 0.000 0.000 0.000 0.000 
 14 2.400256e+07 4.1393 4.3835 3.7787  7.6405 1.2589 0.1034 0.8956 0.0000 0.0000 0.219 0.417  1.003 0.000 0.206 0.000 0.000 0.000 0.000 0.000 0.000 
 15 2.457330e+07 4.1590 4.3741 3.7214  7.6558 1.3020 0.0635 0.9356 0.0000 0.0000 0.208 0.417  1.003 0.000 0.196 0.000 0.000 0.000 0.000 0.000 0.000 
 16 2.503132e+07 4.1760 4.3692 3.6848  7.6775 1.3658 0.0302 0.9689 0.0000 0.0000 0.199 0.417  1.001 0.000 0.188 0.000 0.000 0.000 0.000 0.000 0.000 tminms
 17 2.531072e+07 4.1915 4.3776 3.7029  7.7162 1.4831 0.0074 0.9916 0.0000 0.0000 0.191 0.417  0.987 0.194 0.254 0.000 0.000 0.000 0.000 0.000 0.000 
 18 2.536299e+07 4.1991 4.3871 3.7333  7.7402 1.5579 0.0030 0.9960 0.0000 0.0000 0.187 0.417  0.962 0.190 0.280 0.000 0.000 0.000 0.000 0.000 0.000 
 19 2.538444e+07 4.2092 4.3975 3.7648  7.7668 1.6455 0.0011 0.9980 0.0000 0.0000 0.179 0.417  0.899 0.000 0.312 0.000 0.000 0.000 0.000 0.000 0.000 
 20 2.539488e+07 4.2239 4.4077 3.7909  7.8017 1.7728 0.0002 0.9988 0.0000 0.0000 0.152 0.417  0.728 0.000 0.350 0.000 0.000 0.000 0.000 0.000 0.000 
 21 2.540102e+07 4.2341 4.4138 3.8051  7.8476 2.0279 0.0000 0.9990 0.0000 0.0000 0.000 0.417  0.875 0.031 0.393 0.000 0.000 0.000 0.000 0.000 0.000 tmaxlms
 22 2.540488e+07 4.2128 4.4051 3.7916  7.8578 2.1935 0.0000 0.9990 0.0000 0.0000 0.000 0.430  1.174 0.080 0.369 0.000 0.000 0.000 0.000 0.000 0.000 
 23 2.540729e+07 4.2008 4.3963 3.7684  7.8657 2.2752 0.0000 0.9990 0.0000 0.0000 0.000 0.444  1.207 0.092 0.369 0.000 0.000 0.000 0.000 0.000 0.000 
 24 2.540905e+07 4.1975 4.3895 3.7445  7.8719 2.3263 0.0000 0.9990 0.0000 0.0000 0.000 0.444  1.227 0.095 0.356 0.000 0.000 0.000 0.000 0.000 0.000 lminsgb
 25 2.541115e+07 4.1985 4.3812 3.7103  7.8799 2.3840 0.0000 0.9990 0.0000 0.0000 0.000 0.444  1.233 0.103 0.350 0.000 0.000 0.000 0.000 0.000 0.000 
 26 2.541316e+07 4.2068 4.3676 3.6476  7.8940 2.4728 0.0000 0.9990 0.0000 0.0000 0.000 0.444  1.234 0.111 0.338 0.000 0.000 0.000 0.000 0.000 0.000 
 27 2.541510e+07 4.2149 4.3576 3.5995  7.9044 2.5312 0.0000 0.9990 0.0000 0.0000 0.000 0.444  1.230 0.119 0.328 0.000 0.000 0.000 0.000 0.000 0.000 
 28 2.541700e+07 4.2236 4.3468 3.5476  7.9156 2.5899 0.0000 0.9990 0.0000 0.0000 0.000 0.444  1.222 0.122 0.323 0.000 0.000 0.000 0.000 0.000 0.000 
 29 2.541885e+07 4.2279 4.3411 3.5205  7.9214 2.6193 0.0000 0.9990 0.0000 0.0000 0.000 0.444  1.218 0.125 0.319 0.000 0.000 0.000 0.000 0.000 0.000 
 30 2.542066e+07 4.2363 4.3291 3.4641  7.9336 2.6780 0.0000 0.9990 0.0000 0.0000 0.000 0.444  1.210 0.131 0.312 0.000 0.000 0.000 0.000 0.000 0.000 
 31 2.542241e+07 4.2403 4.3227 3.4345  7.9400 2.7076 0.0000 0.9990 0.0000 0.0000 0.000 0.444  1.207 0.135 0.307 0.000 0.000 0.000 0.000 0.000 0.000 
 32 2.542411e+07 4.2478 4.3091 3.3726  7.9532 2.7666 0.0000 0.9990 0.0000 0.0000 0.000 0.444  1.199 0.140 0.299 0.000 0.000 0.000 0.000 0.000 0.000 
 33 2.542577e+07 4.2538 4.2963 3.3154  7.9654 2.8187 0.0000 0.9990 0.0000 0.0000 0.000 0.444  1.194 0.146 0.296 0.000 0.000 0.000 0.000 0.000 0.000 
 34 2.542736e+07 4.2579 4.2861 3.2705  7.9749 2.8578 0.0000 0.9990 0.0000 0.0000 0.000 0.444  1.192 0.149 0.290 0.000 0.000 0.000 0.000 0.000 0.000 
 35 2.542890e+07 4.2612 4.2769 3.2304  7.9831 2.8909 0.0000 0.9990 0.0000 0.0000 0.000 0.444  1.188 0.152 0.287 0.000 0.000 0.000 0.000 0.000 0.000 
 36 2.543038e+07 4.2647 4.2656 3.1817  7.9931 2.9301 0.0000 0.9990 0.0000 0.0000 0.000 0.444  1.185 0.154 0.281 0.000 0.000 0.000 0.000 0.000 0.000 
 37 2.543180e+07 4.2673 4.2562 3.1415  8.0010 2.9606 0.0000 0.9990 0.0000 0.0000 0.000 0.444  1.184 0.158 0.280 0.000 0.000 0.000 0.000 0.000 0.000 
 38 2.543316e+07 4.2696 4.2464 3.1000  8.0090 2.9907 0.0000 0.9990 0.0000 0.0000 0.000 0.444  1.182 0.160 0.276 0.000 0.000 0.000 0.000 0.000 0.000 
 39 2.543447e+07 4.2718 4.2361 3.0566  8.0171 3.0207 0.0000 0.9990 0.0000 0.0000 0.000 0.444  1.180 0.161 0.274 0.000 0.000 0.000 0.000 0.000 0.000 
 40 2.543572e+07 4.2738 4.2253 3.0114  8.0254 3.0507 0.0000 0.9990 0.0000 0.0000 0.000 0.444  1.179 0.163 0.271 0.000 0.000 0.000 0.000 0.000 0.000 
 41 2.543692e+07 4.2752 4.2167 2.9756  8.0317 3.0732 0.0000 0.9990 0.0000 0.0000 0.000 0.444  1.178 0.165 0.269 0.000 0.000 0.000 0.000 0.000 0.000 
 42 2.543806e+07 4.2768 4.2047 2.9260  8.0401 3.1033 0.0000 0.9990 0.0000 0.0000 0.000 0.444  1.177 0.167 0.266 0.000 0.000 0.002 0.000 0.000 0.000 
 43 2.543916e+07 4.2780 4.1951 2.8864  8.0466 3.1260 0.0000 0.9990 0.0000 0.0000 0.000 0.444  1.176 0.169 0.264 0.000 0.000 0.005 0.000 0.000 0.000 
 44 2.544020e+07 4.2790 4.1850 2.8450  8.0532 3.1486 0.0000 0.9990 0.0000 0.0000 0.000 0.444  1.176 0.171 0.263 0.000 0.000 0.007 0.000 0.000 0.000 
 45 2.544120e+07 4.2798 4.1743 2.8014  8.0598 3.1713 0.0000 0.9990 0.0000 0.0000 0.000 0.444  1.175 0.173 0.261 0.000 0.000 0.009 0.000 0.000 0.000 
 46 2.544216e+07 4.2803 4.1668 2.7709  8.0643 3.1865 0.0000 0.9990 0.0000 0.0000 0.000 0.444  1.176 0.173 0.259 0.000 0.000 0.011 0.000 0.000 0.000 
 47 2.544305e+07 4.2809 4.1550 2.7231  8.0711 3.2093 0.0000 0.9990 0.0000 0.0000 0.000 0.444  1.175 0.175 0.258 0.000 0.000 0.014 0.000 0.000 0.000 
 48 2.544392e+07 4.2812 4.1467 2.6896  8.0757 3.2245 0.0000 0.9990 0.0000 0.0000 0.000 0.444  1.176 0.176 0.258 0.000 0.000 0.017 0.000 0.000 0.000 
 49 2.544475e+07 4.2815 4.1335 2.6365  8.0828 3.2475 0.0000 0.9990 0.0000 0.0000 0.000 0.444  1.177 0.176 0.256 0.000 0.000 0.020 0.000 0.000 0.000 
 50 2.544524e+07 4.2816 4.1289 2.6180  8.0851 3.2552 0.0000 0.9990 0.0000 0.0000 0.000 0.444  1.178 0.178 0.254 0.000 0.000 0.020 0.000 0.000 0.000 lmaxsgb
 51 2.544601e+07 4.2816 4.1193 2.5796  8.0899 3.2705 0.0000 0.9990 0.0000 0.0000 0.000 0.444  1.178 0.178 0.254 0.000 0.000 0.024 0.000 0.000 0.000 
 52 2.544675e+07 4.2815 4.1092 2.5393  8.0947 3.2857 0.0000 0.9990 0.0001 0.0000 0.000 0.444  1.178 0.179 0.253 0.000 0.000 0.027 0.000 0.000 0.000 
 53 2.544744e+07 4.2813 4.0986 2.4971  8.0997 3.3009 0.0000 0.9990 0.0001 0.0000 0.000 0.444  1.179 0.180 0.252 0.001 0.000 0.027 0.000 0.000 0.000 
 54 2.544810e+07 4.2810 4.0874 2.4526  8.1047 3.3161 0.0000 0.9989 0.0001 0.0000 0.000 0.444  1.181 0.181 0.251 0.001 0.000 0.031 0.000 0.000 0.000 
 55 2.544874e+07 4.2805 4.0755 2.4055  8.1099 3.3309 0.0000 0.9989 0.0002 0.0000 0.000 0.444  1.182 0.182 0.250 0.001 0.000 0.031 0.000 0.000 0.000 
 56 2.544935e+07 4.2802 4.0693 2.3810  8.1125 3.3383 0.0000 0.9989 0.0002 0.0000 0.000 0.444  1.184 0.182 0.249 0.002 0.000 0.031 0.000 0.000 0.000 
 57 2.544994e+07 4.2794 4.0564 2.3302  8.1180 3.3525 0.0000 0.9988 0.0003 0.0000 0.000 0.444  1.186 0.184 0.248 0.002 0.000 0.031 0.000 0.000 0.000 
 58 2.545049e+07 4.2790 4.0496 2.3034  8.1209 3.3594 0.0000 0.9987 0.0004 0.0000 0.000 0.444  1.187 0.184 0.248 0.003 0.000 0.031 0.000 0.000 0.000 
 59 2.545102e+07 4.2780 4.0355 2.2480  8.1269 3.3724 0.0000 0.9985 0.0005 0.0000 0.000 0.444  1.190 0.185 0.248 0.004 0.000 0.031 0.000 0.000 0.000 
 60 2.545152e+07 4.2774 4.0281 2.2190  8.1298 3.3782 0.0000 0.9984 0.0007 0.0000 0.000 0.444  1.194 0.185 0.248 0.006 0.000 0.030 0.000 0.000 0.000 
 61 2.545201e+07 4.2767 4.0204 2.1889  8.1330 3.3840 0.0000 0.9983 0.0007 0.0000 0.001 0.444  1.194 0.185 0.247 0.007 0.000 0.030 0.000 0.000 0.000 
 62 2.545246e+07 4.2752 4.0048 2.1280  8.1394 3.3947 0.0000 0.9981 0.0009 0.0000 0.002 0.444  1.196 0.186 0.246 0.011 0.000 0.029 0.000 0.000 0.000 
 63 2.545290e+07 4.2744 3.9967 2.0964  8.1424 3.3995 0.0000 0.9981 0.0009 0.0000 0.003 0.444  1.197 0.186 0.246 0.014 0.000 0.029 0.000 0.000 0.000 
 64 2.545332e+07 4.2735 3.9884 2.0641  8.1455 3.4041 0.0000 0.9980 0.0010 0.0000 0.004 0.444  1.199 0.186 0.246 0.017 0.000 0.029 0.000 0.000 0.000 
 65 2.545372e+07 4.2726 3.9799 2.0310  8.1485 3.4083 0.0000 0.9979 0.0011 0.0000 0.005 0.444  1.200 0.187 0.245 0.022 0.000 0.029 0.000 0.000 0.000 
 66 2.545411e+07 4.2715 3.9709 1.9961  8.1514 3.4121 0.0000 0.9978 0.0013 0.0000 0.007 0.444  1.201 0.187 0.245 0.027 0.000 0.029 0.000 0.000 0.000 
 67 2.545447e+07 4.2703 3.9614 1.9593  8.1544 3.4156 0.0000 0.9977 0.0013 0.0000 0.009 0.444  1.202 0.188 0.245 0.034 0.000 0.029 0.000 0.000 0.000 
 68 2.545483e+07 4.2691 3.9514 1.9205  8.1573 3.4187 0.0000 0.9976 0.0014 0.0000 0.011 0.444  1.204 0.188 0.244 0.042 0.000 0.028 0.000 0.000 0.000 
 69 2.545518e+07 4.2664 3.9330 1.8496  8.1622 3.4230 0.0000 0.9976 0.0014 0.0000 0.015 0.444  1.206 0.189 0.244 0.060 0.000 0.028 0.000 0.000 0.000 
 70 2.545551e+07 4.2652 3.9244 1.8164  8.1643 3.4245 0.0000 0.9975 0.0015 0.0000 0.017 0.444  1.207 0.189 0.243 0.070 0.000 0.028 0.000 0.000 0.000 
 71 2.545583e+07 4.2638 3.9150 1.7802  8.1664 3.4257 0.0000 0.9973 0.0017 0.0000 0.019 0.444  1.209 0.189 0.243 0.082 0.000 0.027 0.000 0.000 0.000 
 72 2.545614e+07 4.2617 3.9019 1.7299  8.1690 3.4264 0.0000 0.9972 0.0018 0.0000 0.022 0.444  1.209 0.190 0.243 0.099 0.000 0.027 0.000 0.000 0.000 
 73 2.545643e+07 4.2608 3.8964 1.7088  8.1700 3.4265 0.0000 0.9971 0.0019 0.0000 0.023 0.444  1.209 0.190 0.242 0.106 0.000 0.027 0.000 0.000 0.000 
 74 2.545670e+07 4.2585 3.8832 1.6583  8.1721 3.4262 0.0000 0.9969 0.0021 0.0000 0.025 0.444  1.211 0.190 0.242 0.123 0.000 0.027 0.000 0.000 0.000 
 75 2.545697e+07 4.2571 3.8752 1.6277  8.1732 3.4257 0.0000 0.9968 0.0023 0.0000 0.027 0.444  1.212 0.190 0.242 0.133 0.000 0.028 0.000 0.000 0.000 
 76 2.545722e+07 4.2554 3.8661 1.5930  8.1744 3.4250 0.0000 0.9967 0.0024 0.0000 0.029 0.444  1.212 0.191 0.242 0.144 0.000 0.028 0.000 0.000 0.000 
 77 2.545746e+07 4.2524 3.8509 1.5352  8.1760 3.4234 0.0000 0.9966 0.0024 0.0000 0.033 0.444  1.215 0.191 0.242 0.161 0.000 0.028 0.000 0.000 0.000 
 78 2.545770e+07 4.2503 3.8413 1.4989  8.1769 3.4223 0.0000 0.9964 0.0026 0.0000 0.035 0.444  1.218 0.192 0.241 0.172 0.000 0.029 0.000 0.000 0.000 
 79 2.545792e+07 4.2485 3.8329 1.4671  8.1776 3.4212 0.0000 0.9963 0.0027 0.0000 0.035 0.444  1.220 0.192 0.241 0.180 0.000 0.029 0.000 0.000 0.000 
 80 2.545814e+07 4.2458 3.8210 1.4222  8.1785 3.4195 0.0000 0.9962 0.0028 0.0000 0.037 0.444  1.224 0.192 0.241 0.192 0.000 0.029 0.000 0.000 0.000 
 81 2.545835e+07 4.2433 3.8106 1.3831  8.1792 3.4180 0.0000 0.9960 0.0030 0.0000 0.039 0.444  1.227 0.192 0.241 0.200 0.000 0.029 0.000 0.000 0.000 
 82 2.545855e+07 4.2417 3.8044 1.3599  8.1796 3.4171 0.0000 0.9959 0.0031 0.0000 0.040 0.444  1.229 0.192 0.241 0.205 0.000 0.029 0.000 0.000 0.000 
 83 2.545874e+07 4.2377 3.7895 1.3043  8.1803 3.4149 0.0000 0.9958 0.0032 0.0000 0.042 0.444  1.236 0.192 0.241 0.216 0.000 0.030 0.000 0.000 0.000 
 84 2.545892e+07 4.2350 3.7804 1.2706  8.1807 3.4135 0.0000 0.9956 0.0033 0.0000 0.044 0.444  1.241 0.192 0.241 0.222 0.000 0.030 0.000 0.000 0.000 
 85 2.545911e+07 4.2316 3.7693 1.2296  8.1811 3.4119 0.0000 0.9956 0.0034 0.0000 0.045 0.444  1.248 0.192 0.240 0.229 0.000 0.030 0.000 0.000 0.000 
 86 2.545929e+07 4.2277 3.7587 1.1911  8.1815 3.4103 0.0000 0.9955 0.0035 0.0000 0.047 0.444  1.256 0.192 0.240 0.236 0.000 0.030 0.000 0.000 0.000 
 87 2.545947e+07 4.2237 3.7487 1.1551  8.1818 3.4087 0.0000 0.9954 0.0036 0.0000 0.048 0.444  1.264 0.193 0.240 0.242 0.000 0.030 0.000 0.000 0.000 
 88 2.545964e+07 4.2207 3.7419 1.1309  8.1820 3.4077 0.0000 0.9953 0.0037 0.0000 0.048 0.444  1.272 0.193 0.240 0.246 0.000 0.031 0.000 0.000 0.000 
 89 2.545982e+07 4.2145 3.7288 1.0847  8.1824 3.4057 0.0000 0.9952 0.0038 0.0000 0.049 0.444  1.286 0.193 0.240 0.254 0.000 0.031 0.000 0.000 0.000 
 90 2.546000e+07 4.2083 3.7183 1.0489  8.1826 3.4040 0.0000 0.9950 0.0039 0.0000 0.051 0.444  1.301 0.193 0.240 0.260 0.000 0.031 0.000 0.000 0.000 
 91 2.546021e+07 4.2043 3.7128 1.0309  8.1828 3.4031 0.0000 0.9950 0.0040 0.0000 0.051 0.444  1.311 0.193 0.240 0.264 0.000 0.031 0.000 0.000 0.000 
 92 2.546050e+07 4.1873 3.6982 0.9895  8.1832 3.3996 0.0000 0.9947 0.0043 0.0000 0.054 0.444  1.355 0.193 0.240 0.280 0.000 0.031 0.000 0.000 0.000 
 93 2.546088e+07 4.1707 3.6898 0.9725  8.1835 3.3966 0.0000 0.9945 0.0045 0.0000 0.056 0.444  1.398 0.194 0.240 0.291 0.000 0.031 0.000 0.000 0.000 
 94 2.546139e+07 4.1529 3.6822 0.9599  8.1838 3.3932 0.0000 0.9943 0.0047 0.0000 0.058 0.444  1.448 0.194 0.240 0.306 0.000 0.032 0.000 0.000 0.000 
 95 2.546172e+07 4.1415 3.6749 0.9421  8.1841 3.3893 0.0000 0.9940 0.0050 0.0000 0.059 0.444  1.470 0.195 0.240 0.315 0.000 0.032 0.000 0.000 0.000 brgb
 96 2.546230e+07 4.1465 3.6709 0.9211  8.1843 3.3871 0.0000 0.9938 0.0052 0.0000 0.060 0.444  1.446 0.195 0.240 0.312 0.000 0.032 0.000 0.000 0.000 
 97 2.546262e+07 4.1627 3.6658 0.8845  8.1845 3.3847 0.0000 0.9936 0.0054 0.0000 0.061 0.444  1.385 0.195 0.240 0.301 0.000 0.032 0.000 0.000 0.000 
 98 2.546290e+07 4.2007 3.6604 0.8249  8.1846 3.3823 0.0000 0.9934 0.0056 0.0000 0.062 0.444  1.263 0.195 0.240 0.276 0.000 0.032 0.000 0.000 0.000 
 99 2.546319e+07 4.2522 3.6548 0.7510  8.1847 3.3796 0.0000 0.9931 0.0058 0.0000 0.064 0.444  1.120 0.196 0.240 0.245 0.000 0.033 0.000 0.000 0.000 
100 2.546352e+07 4.3016 3.6495 0.6804  8.1849 3.3769 0.0000 0.9930 0.0060 0.0000 0.065 0.444  1.001 0.196 0.240 0.218 0.000 0.033 0.000 0.000 0.000 
101 2.546402e+07 4.3375 3.6463 0.6317  8.1849 3.3743 0.0000 0.9928 0.0062 0.0000 0.066 0.444  0.925 0.196 0.240 0.200 0.000 0.033 0.000 0.000 0.000 
102 2.546552e+07 4.3833 3.6425 0.5707  8.1850 3.3664 0.0000 0.9920 0.0069 0.0000 0.069 0.414  0.847 0.197 0.240 0.175 0.000 0.033 0.000 0.000 0.000 
103 2.548057e+07 4.3993 3.6412 0.5495  8.1848 3.3308 0.0000 0.9842 0.0147 0.0000 0.074 0.395  0.844 0.204 0.243 0.143 0.000 0.035 0.000 0.000 0.000 trgb
104 2.566503e+07 4.3641 3.6460 0.6035  8.1966 3.2642 0.0000 0.9089 0.0888 0.0012 0.107 0.395  0.779 0.233 0.269 0.216 0.000 0.042 0.000 0.000 0.000 
105 2.591784e+07 4.3375 3.6533 0.6588  8.2095 3.2320 0.0000 0.7843 0.2073 0.0072 0.123 0.395  0.688 0.253 0.289 0.309 0.000 0.048 0.000 0.000 0.000 
106 2.595302e+07 4.3365 3.6552 0.6674  8.2111 3.2294 0.0000 0.7670 0.2233 0.0085 0.125 0.395  0.677 0.255 0.291 0.320 0.000 0.054 0.000 0.000 0.000 lmincheb
107 2.600744e+07 4.3450 3.6617 0.6849  8.2138 3.2265 0.0000 0.7383 0.2495 0.0110 0.127 0.396  0.657 0.258 0.295 0.329 0.000 0.054 0.000 0.000 0.000 
108 2.601436e+07 4.3553 3.6660 0.6918  8.2141 3.2262 0.0000 0.7343 0.2532 0.0114 0.128 0.396  0.649 0.258 0.295 0.322 0.000 0.054 0.000 0.000 0.000 
109 2.601755e+07 4.3789 3.6756 0.7066  8.2143 3.2259 0.0000 0.7314 0.2558 0.0117 0.128 0.396  0.631 0.259 0.296 0.306 0.000 0.054 0.000 0.000 0.000 
110 2.601936e+07 4.3990 3.6907 0.7469  8.2145 3.2259 0.0000 0.7294 0.2576 0.0118 0.128 0.396  0.616 0.259 0.296 0.292 0.000 0.054 0.000 0.000 0.000 
111 2.602034e+07 4.4019 3.6994 0.7788  8.2145 3.2259 0.0000 0.7288 0.2581 0.0119 0.128 0.396  0.616 0.259 0.296 0.290 0.000 0.054 0.000 0.000 0.000 
112 2.602109e+07 4.4040 3.7088 0.8143  8.2145 3.2259 0.0000 0.7284 0.2585 0.0119 0.128 0.396  0.617 0.259 0.296 0.289 0.000 0.054 0.000 0.000 0.000 
113 2.602174e+07 4.4058 3.7231 0.8697  8.2146 3.2259 0.0000 0.7279 0.2590 0.0120 0.128 0.396  0.618 0.259 0.296 0.287 0.000 0.054 0.000 0.000 0.000 
114 2.602235e+07 4.4066 3.7320 0.9045  8.2146 3.2259 0.0000 0.7275 0.2593 0.0120 0.128 0.396  0.620 0.259 0.297 0.287 0.000 0.054 0.000 0.000 0.000 
115 2.602295e+07 4.4071 3.7420 0.9440  8.2146 3.2259 0.0000 0.7272 0.2596 0.0120 0.128 0.396  0.622 0.259 0.297 0.286 0.000 0.054 0.000 0.000 0.000 
116 2.602356e+07 4.4076 3.7539 0.9911  8.2146 3.2259 0.0000 0.7268 0.2600 0.0121 0.128 0.397  0.624 0.259 0.297 0.286 0.000 0.054 0.000 0.000 0.000 
117 2.602416e+07 4.4077 3.7644 1.0330  8.2147 3.2259 0.0000 0.7264 0.2603 0.0121 0.128 0.397  0.626 0.259 0.297 0.286 0.000 0.054 0.000 0.000 0.000 
118 2.602479e+07 4.4078 3.7742 1.0721  8.2147 3.2259 0.0000 0.7261 0.2606 0.0121 0.128 0.397  0.629 0.259 0.297 0.286 0.000 0.054 0.000 0.000 0.000 
119 2.602543e+07 4.4078 3.7839 1.1109  8.2147 3.2260 0.0000 0.7257 0.2609 0.0122 0.128 0.397  0.631 0.259 0.297 0.286 0.000 0.054 0.000 0.000 0.000 
120 2.602611e+07 4.4077 3.7918 1.1426  8.2147 3.2260 0.0000 0.7254 0.2612 0.0122 0.128 0.397  0.633 0.259 0.297 0.286 0.000 0.054 0.000 0.000 0.000 
121 2.602685e+07 4.4075 3.8008 1.1788  8.2148 3.2260 0.0000 0.7250 0.2615 0.0123 0.128 0.397  0.636 0.259 0.297 0.286 0.000 0.054 0.000 0.000 0.000 
122 2.602764e+07 4.4072 3.8111 1.2203  8.2148 3.2260 0.0000 0.7246 0.2620 0.0123 0.128 0.397  0.639 0.259 0.297 0.287 0.000 0.054 0.000 0.000 0.000 
123 2.602849e+07 4.4066 3.8226 1.2669  8.2148 3.2260 0.0000 0.7241 0.2624 0.0123 0.128 0.397  0.643 0.259 0.297 0.287 0.000 0.054 0.000 0.000 0.000 
124 2.602944e+07 4.4059 3.8350 1.3172  8.2149 3.2261 0.0000 0.7234 0.2630 0.0124 0.128 0.397  0.647 0.259 0.298 0.288 0.000 0.054 0.000 0.000 0.000 
125 2.603048e+07 4.4055 3.8416 1.3440  8.2149 3.2261 0.0000 0.7230 0.2634 0.0124 0.128 0.397  0.649 0.259 0.298 0.288 0.000 0.054 0.000 0.000 0.000 
126 2.603164e+07 4.4044 3.8552 1.3995  8.2150 3.2262 0.0000 0.7221 0.2642 0.0125 0.128 0.397  0.655 0.259 0.298 0.289 0.000 0.054 0.000 0.000 0.000 
127 2.603296e+07 4.4038 3.8621 1.4277  8.2150 3.2262 0.0000 0.7216 0.2646 0.0126 0.128 0.397  0.658 0.259 0.298 0.290 0.000 0.054 0.000 0.000 0.000 
128 2.603449e+07 4.4025 3.8760 1.4846  8.2151 3.2262 0.0000 0.7205 0.2657 0.0127 0.128 0.397  0.663 0.260 0.298 0.291 0.000 0.054 0.000 0.000 0.000 
129 2.603632e+07 4.4018 3.8827 1.5121  8.2152 3.2262 0.0000 0.7198 0.2663 0.0127 0.128 0.397  0.667 0.260 0.298 0.292 0.000 0.054 0.000 0.000 0.000 
130 2.603852e+07 4.4003 3.8958 1.5660  8.2153 3.2263 0.0000 0.7182 0.2677 0.0129 0.128 0.397  0.672 0.260 0.298 0.294 0.000 0.054 0.000 0.000 0.000 
131 2.604129e+07 4.3996 3.9020 1.5915  8.2154 3.2263 0.0000 0.7174 0.2685 0.0130 0.128 0.397  0.675 0.260 0.298 0.295 0.000 0.054 0.000 0.000 0.000 
132 2.604498e+07 4.3983 3.9133 1.6380  8.2156 3.2262 0.0000 0.7153 0.2704 0.0132 0.128 0.397  0.680 0.260 0.299 0.297 0.000 0.054 0.000 0.000 0.000 
133 2.605015e+07 4.3968 3.9278 1.6975  8.2160 3.2259 0.0000 0.7120 0.2733 0.0135 0.129 0.397  0.686 0.261 0.299 0.300 0.000 0.054 0.000 0.000 0.000 
134 2.605805e+07 4.3962 3.9357 1.7297  8.2162 3.2255 0.0000 0.7091 0.2759 0.0139 0.129 0.397  0.688 0.261 0.300 0.302 0.000 0.054 0.000 0.000 0.000 
135 2.606991e+07 4.3961 3.9461 1.7714  8.2168 3.2249 0.0000 0.7035 0.2808 0.0145 0.130 0.397  0.688 0.261 0.301 0.305 0.000 0.054 0.000 0.000 0.000 
136 2.608532e+07 4.3967 3.9562 1.8112  8.2175 3.2242 0.0000 0.6957 0.2878 0.0154 0.131 0.397  0.686 0.262 0.302 0.308 0.000 0.054 0.000 0.000 0.000 
137 2.610268e+07 4.3977 3.9674 1.8550  8.2186 3.2233 0.0000 0.6855 0.2968 0.0165 0.132 0.397  0.682 0.263 0.303 0.313 0.000 0.054 0.000 0.000 0.000 
138 2.612160e+07 4.3988 3.9784 1.8979  8.2196 3.2224 0.0000 0.6744 0.3065 0.0179 0.133 0.397  0.678 0.265 0.304 0.318 0.000 0.054 0.000 0.000 0.000 
139 2.614199e+07 4.3999 3.9882 1.9360  8.2207 3.2217 0.0000 0.6636 0.3159 0.0193 0.134 0.397  0.673 0.265 0.305 0.323 0.000 0.054 0.000 0.000 0.000 
140 2.616403e+07 4.4008 3.9973 1.9715  8.2218 3.2210 0.0000 0.6530 0.3252 0.0207 0.135 0.397  0.669 0.267 0.307 0.328 0.000 0.060 0.000 0.000 0.000 
141 2.618786e+07 4.4020 4.0082 2.0139  8.2231 3.2202 0.0000 0.6392 0.3370 0.0227 0.136 0.397  0.663 0.268 0.308 0.334 0.000 0.060 0.000 0.000 0.000 
142 2.621385e+07 4.4032 4.0184 2.0535  8.2246 3.2195 0.0000 0.6250 0.3490 0.0248 0.137 0.397  0.657 0.269 0.310 0.340 0.000 0.060 0.000 0.000 0.000 
143 2.624281e+07 4.4045 4.0296 2.0970  8.2263 3.2188 0.0000 0.6078 0.3634 0.0276 0.139 0.397  0.649 0.271 0.311 0.348 0.000 0.060 0.000 0.000 0.000 
144 2.627605e+07 4.4057 4.0393 2.1346  8.2281 3.2183 0.0000 0.5905 0.3777 0.0306 0.140 0.397  0.642 0.272 0.314 0.356 0.000 0.060 0.000 0.000 0.000 
145 2.631364e+07 4.4073 4.0509 2.1790  8.2306 3.2181 0.0000 0.5667 0.3970 0.0351 0.142 0.397  0.632 0.274 0.316 0.367 0.000 0.060 0.000 0.000 0.000 
146 2.635599e+07 4.4089 4.0608 2.2170  8.2331 3.2183 0.0000 0.5431 0.4157 0.0400 0.144 0.397  0.621 0.277 0.318 0.378 0.000 0.060 0.000 0.000 0.000 
147 2.640271e+07 4.4104 4.0705 2.2543  8.2359 3.2193 0.0000 0.5171 0.4359 0.0458 0.146 0.397  0.610 0.279 0.320 0.390 0.000 0.065 0.000 0.000 0.000 
148 2.645636e+07 4.4123 4.0811 2.2948  8.2395 3.2209 0.0000 0.4849 0.4598 0.0540 0.148 0.397  0.595 0.281 0.322 0.404 0.000 0.065 0.000 0.000 0.000 
149 2.651869e+07 4.4143 4.0915 2.3344  8.2439 3.2237 0.0000 0.4477 0.4861 0.0649 0.151 0.397  0.578 0.283 0.325 0.422 0.000 0.065 0.000 0.000 0.000 
150 2.660060e+07 4.4168 4.1023 2.3751  8.2503 3.2292 0.0000 0.3969 0.5192 0.0826 0.155 0.397  0.554 0.287 0.329 0.447 0.000 0.072 0.000 0.000 0.000 
151 2.674028e+07 4.4208 4.1124 2.4115  8.2621 3.2437 0.0000 0.3147 0.5637 0.1203 0.161 0.397  0.515 0.292 0.334 0.487 0.000 0.077 0.000 0.000 0.000 
152 2.686561e+07 4.4245 4.1154 2.4198  8.2746 3.2632 0.0000 0.2420 0.5889 0.1679 0.167 0.397  0.477 0.296 0.337 0.525 0.000 0.077 0.000 0.000 0.000 tmaxcheb
153 2.705178e+07 4.4302 4.1056 2.3749  8.2987 3.3114 0.0000 0.1389 0.5836 0.2761 0.174 0.397  0.420 0.303 0.342 0.583 0.000 0.089 0.000 0.000 0.000 
154 2.711773e+07 4.4322 4.0956 2.3329  8.3089 3.3350 0.0000 0.1073 0.5648 0.3266 0.177 0.398  0.402 0.305 0.342 0.601 0.000 0.089 0.000 0.000 0.000 
155 2.716302e+07 4.4336 4.0857 2.2919  8.3170 3.3545 0.0000 0.0868 0.5458 0.3661 0.178 0.398  0.390 0.306 0.342 0.615 0.000 0.095 0.000 0.000 0.000 
156 2.719798e+07 4.4346 4.0762 2.2529  8.3235 3.3710 0.0000 0.0725 0.5281 0.3981 0.179 0.398  0.382 0.307 0.343 0.624 0.000 0.095 0.000 0.000 0.000 
157 2.722661e+07 4.4357 4.0653 2.2082  8.3300 3.3879 0.0000 0.0603 0.5088 0.4296 0.180 0.398  0.373 0.308 0.343 0.630 0.000 0.095 0.000 0.000 0.000 
158 2.724950e+07 4.4363 4.0555 2.1684  8.3351 3.4014 0.0000 0.0518 0.4932 0.4537 0.181 0.398  0.368 0.308 0.343 0.635 0.000 0.095 0.000 0.000 0.000 
159 2.726833e+07 4.4366 4.0459 2.1297  8.3402 3.4154 0.0000 0.0442 0.4797 0.4748 0.181 0.398  0.364 0.309 0.342 0.639 0.000 0.100 0.000 0.000 0.000 
160 2.728306e+07 4.4369 4.0358 2.0890  8.3449 3.4287 0.0000 0.0380 0.4679 0.4928 0.181 0.398  0.361 0.309 0.342 0.642 0.000 0.100 0.000 0.001 0.000 
161 2.729538e+07 4.4371 4.0248 2.0448  8.3494 3.4417 0.0000 0.0326 0.4568 0.5093 0.181 0.398  0.359 0.310 0.342 0.645 0.000 0.100 0.000 0.001 0.000 
162 2.730595e+07 4.4371 4.0135 1.9996  8.3538 3.4544 0.0000 0.0280 0.4465 0.5242 0.181 0.398  0.357 0.311 0.342 0.647 0.000 0.100 0.000 0.001 0.000 
163 2.731500e+07 4.4371 4.0043 1.9628  8.3570 3.4637 0.0000 0.0250 0.4395 0.5341 0.181 0.398  0.355 0.311 0.342 0.648 0.000 0.100 0.000 0.001 0.000 
164 2.731685e+07 4.4371 4.0013 1.9504  8.3581 3.4668 0.0000 0.0241 0.4372 0.5373 0.181 0.398  0.355 0.311 0.342 0.648 0.000 0.100 0.000 0.001 0.000 lmaxcheb
165 2.732450e+07 4.4369 3.9922 1.9142  8.3613 3.4760 0.0000 0.0215 0.4308 0.5464 0.181 0.398  0.354 0.311 0.341 0.649 0.000 0.100 0.000 0.001 0.000 
166 2.733095e+07 4.4366 3.9826 1.8761  8.3643 3.4851 0.0000 0.0192 0.4249 0.5546 0.181 0.398  0.354 0.311 0.341 0.650 0.000 0.100 0.000 0.001 0.000 
167 2.733655e+07 4.4362 3.9726 1.8365  8.3674 3.4941 0.0000 0.0171 0.4195 0.5621 0.181 0.398  0.353 0.311 0.341 0.650 0.000 0.100 0.000 0.001 0.000 
168 2.734140e+07 4.4358 3.9623 1.7957  8.3703 3.5028 0.0000 0.0153 0.4147 0.5687 0.181 0.398  0.353 0.312 0.341 0.651 0.000 0.100 0.000 0.001 0.000 
169 2.734576e+07 4.4353 3.9508 1.7502  8.3734 3.5119 0.0000 0.0136 0.4100 0.5751 0.181 0.398  0.353 0.312 0.341 0.651 0.000 0.100 0.000 0.001 0.000 
170 2.734964e+07 4.4346 3.9400 1.7077  8.3762 3.5205 0.0000 0.0121 0.4059 0.5807 0.180 0.398  0.354 0.312 0.341 0.650 0.000 0.100 0.000 0.001 0.000 
171 2.735307e+07 4.4341 3.9322 1.6770  8.3782 3.5263 0.0000 0.0112 0.4034 0.5841 0.179 0.398  0.354 0.312 0.340 0.650 0.000 0.100 0.000 0.001 0.000 
172 2.735613e+07 4.4333 3.9211 1.6334  8.3810 3.5348 0.0000 0.0100 0.3999 0.5887 0.178 0.398  0.354 0.312 0.340 0.649 0.000 0.100 0.000 0.001 0.000 
173 2.735886e+07 4.4325 3.9130 1.6018  8.3829 3.5408 0.0000 0.0092 0.3977 0.5917 0.178 0.398  0.355 0.312 0.340 0.649 0.000 0.100 0.000 0.001 0.000 
174 2.736124e+07 4.4315 3.9021 1.5592  8.3855 3.5486 0.0000 0.0083 0.3950 0.5953 0.177 0.398  0.356 0.312 0.339 0.648 0.000 0.106 0.000 0.001 0.000 
175 2.736336e+07 4.4308 3.8950 1.5315  8.3871 3.5535 0.0000 0.0078 0.3935 0.5974 0.177 0.398  0.356 0.312 0.339 0.647 0.000 0.106 0.000 0.001 0.000 
176 2.736526e+07 4.4299 3.8865 1.4984  8.3887 3.5583 0.0000 0.0073 0.3922 0.5992 0.177 0.398  0.356 0.312 0.339 0.652 0.000 0.106 0.000 0.001 0.000 
177 2.736700e+07 4.4281 3.8678 1.4254  8.3924 3.5697 0.0000 0.0062 0.3889 0.6035 0.175 0.398  0.358 0.312 0.339 0.645 0.000 0.106 0.000 0.001 0.000 
178 2.736862e+07 4.4270 3.8585 1.3893  8.3943 3.5757 0.0000 0.0057 0.3874 0.6056 0.174 0.398  0.360 0.312 0.339 0.641 0.000 0.106 0.000 0.001 0.000 
179 2.737007e+07 4.4259 3.8502 1.3572  8.3960 3.5810 0.0000 0.0053 0.3862 0.6072 0.173 0.398  0.361 0.312 0.339 0.638 0.000 0.103 0.000 0.001 0.000 
180 2.737139e+07 4.4241 3.8380 1.3102  8.3985 3.5887 0.0000 0.0047 0.3846 0.6094 0.173 0.398  0.363 0.313 0.338 0.635 0.000 0.101 0.000 0.001 0.000 
181 2.737257e+07 4.4233 3.8326 1.2894  8.3996 3.5920 0.0000 0.0045 0.3839 0.6102 0.172 0.398  0.364 0.313 0.338 0.635 0.000 0.101 0.000 0.001 0.000 
182 2.737359e+07 4.4209 3.8188 1.2366  8.4022 3.6001 0.0000 0.0040 0.3825 0.6122 0.171 0.398  0.366 0.313 0.338 0.633 0.000 0.101 0.000 0.001 0.000 
183 2.737453e+07 4.4193 3.8098 1.2022  8.4038 3.6052 0.0000 0.0037 0.3816 0.6133 0.170 0.398  0.368 0.313 0.338 0.630 0.000 0.101 0.000 0.001 0.000 
184 2.737541e+07 4.4167 3.7967 1.1524  8.4060 3.6121 0.0000 0.0034 0.3805 0.6147 0.169 0.398  0.370 0.313 0.338 0.629 0.000 0.102 0.000 0.001 0.000 
185 2.737623e+07 4.4146 3.7868 1.1149  8.4077 3.6175 0.0000 0.0031 0.3797 0.6158 0.169 0.398  0.373 0.313 0.338 0.624 0.000 0.102 0.000 0.001 0.000 
186 2.737694e+07 4.4129 3.7785 1.0834  8.4091 3.6219 0.0000 0.0029 0.3791 0.6166 0.168 0.398  0.375 0.313 0.338 0.620 0.000 0.102 0.000 0.002 0.000 
187 2.737761e+07 4.4101 3.7660 1.0362  8.4111 3.6282 0.0000 0.0026 0.3783 0.6177 0.167 0.398  0.378 0.313 0.338 0.615 0.000 0.102 0.000 0.002 0.000 
188 2.737823e+07 4.4088 3.7610 1.0175  8.4120 3.6309 0.0000 0.0025 0.3780 0.6181 0.166 0.398  0.380 0.313 0.337 0.613 0.000 0.102 0.000 0.002 0.000 
189 2.737883e+07 4.4054 3.7484 0.9705  8.4141 3.6376 0.0000 0.0023 0.3773 0.6191 0.164 0.398  0.383 0.313 0.337 0.608 0.000 0.102 0.000 0.002 0.000 
190 2.737938e+07 4.4030 3.7407 0.9421  8.4154 3.6417 0.0000 0.0021 0.3768 0.6197 0.163 0.398  0.386 0.313 0.337 0.605 0.000 0.102 0.000 0.002 0.000 
191 2.737991e+07 4.4001 3.7316 0.9086  8.4169 3.6465 0.0000 0.0020 0.3764 0.6203 0.162 0.398  0.389 0.313 0.337 0.601 0.000 0.102 0.000 0.002 0.000 
192 2.738047e+07 4.3935 3.7160 0.8528  8.4197 3.6555 0.0000 0.0017 0.3756 0.6213 0.161 0.398  0.395 0.313 0.336 0.592 0.181 0.182 0.000 0.002 0.000 
193 2.738103e+07 4.3887 3.7066 0.8200  8.4216 3.6615 0.0000 0.0015 0.3751 0.6220 0.159 0.398  0.400 0.313 0.336 0.585 0.181 0.183 0.000 0.002 0.000 
194 2.738172e+07 4.3787 3.6946 0.7820  8.4249 3.6721 0.0000 0.0013 0.3743 0.6230 0.156 0.398  0.411 0.313 0.336 0.574 0.181 0.185 0.000 0.002 0.000 
195 2.738255e+07 4.3671 3.6864 0.7608  8.4281 3.6825 0.0000 0.0011 0.3737 0.6238 0.154 0.398  0.422 0.313 0.336 0.570 0.181 0.186 0.000 0.002 0.000 
196 2.738350e+07 4.3470 3.6771 0.7437  8.4330 3.6985 0.0000 0.0008 0.3729 0.6249 0.150 0.398  0.442 0.313 0.335 0.548 0.181 0.189 0.000 0.003 0.000 
197 2.738453e+07 4.3288 3.6709 0.7371  8.4380 3.7146 0.0000 0.0006 0.3723 0.6257 0.144 0.398  0.459 0.313 0.335 0.518 0.181 0.191 0.000 0.003 0.000 
198 2.738527e+07 4.3106 3.6638 0.7269  8.4446 3.7363 0.0000 0.0004 0.3717 0.6265 0.138 0.398  0.475 0.313 0.335 0.474 0.181 0.196 0.000 0.003 0.000 lmin1cheb
199 2.738628e+07 4.3286 3.6542 0.6705  8.4549 3.7710 0.0000 0.0002 0.3710 0.6274 0.123 0.398  0.457 0.313 0.334 0.297 0.181 0.202 0.000 0.004 0.000 
200 2.738693e+07 4.3619 3.6491 0.6168  8.4621 3.7954 0.0000 0.0001 0.3708 0.6277 0.100 0.398  0.430 0.313 0.333 0.169 0.181 0.209 0.000 0.004 0.000 
201 2.738760e+07 4.4029 3.6443 0.5566  8.4717 3.8291 0.0000 0.0000 0.3706 0.6280 0.056 0.398  0.406 0.313 0.333 0.049 0.000 0.221 0.000 0.004 0.000 
202 2.738864e+07 4.4390 3.6404 0.5049  8.4843 3.8786 0.0000 0.0000 0.3706 0.6280 0.000 0.398  0.388 0.313 0.332 0.051 0.039 0.221 0.000 0.005 0.000 
203 2.739041e+07 4.4744 3.6368 0.4551  8.5039 3.9573 0.0000 0.0000 0.3706 0.6280 0.000 0.398  0.366 0.313 0.332 0.190 0.178 0.221 0.000 0.006 0.000 
204 2.739579e+07 4.4967 3.6350 0.4256  8.5279 4.1148 0.0000 0.0000 0.3706 0.6280 0.000 0.398  0.206 0.314 0.332 0.730 0.179 0.221 0.000 0.009 0.000 lmaxeagb
205 2.740618e+07 4.4886 3.6355 0.4357  8.5686 4.3587 0.0000 0.0000 0.3706 0.6280 0.000 0.398  0.012 0.314 0.331 0.936 0.126 0.219 0.000 0.016 0.000 lmineagb
206 2.741065e+07 4.5268 3.6321 0.3839  8.5924 4.4786 0.0000 0.0000 0.3706 0.6280 0.000 0.398  0.001 0.314 0.329 0.938 0.127 0.219 0.000 0.021 0.000 
207 2.741512e+07 4.5676 3.6279 0.3263  8.6178 4.5991 0.0000 0.0000 0.3706 0.6280 0.000 0.376  0.000 0.314 0.326 0.922 0.131 0.217 0.000 0.029 0.000 
208 2.742049e+07 4.6093 3.6241 0.2694  8.6508 4.7511 0.0000 0.0000 0.3706 0.6280 0.000 0.361  0.000 0.315 0.323 0.910 0.139 0.216 0.000 0.046 0.000 
209 2.742683e+07 4.6471 3.6211 0.2196  8.6898 4.9360 0.0000 0.0000 0.3706 0.6280 0.000 0.347  0.000 0.000 0.000 0.904 0.149 0.215 0.000 0.085 0.000 
210 2.743408e+07 4.6851 3.6176 0.1676  8.7420 5.2184 0.0000 0.0000 0.3706 0.6280 0.000 0.334  0.000 0.000 0.000 0.909 0.160 0.212 0.001 0.217 0.000 1sttp
