#n   age/yr      logL   logTef grav    logTc  logrho Xc     Yc     Xc_C   Xc_O   Q_conv Q_disc L_H/L Q1_H Q2_H L_He/L Q1_He Q2_He L_C/L L_nu/L Q_Tmax phase
#(1) (2)         (3)    (4)    (5)     (6)    (7)    (8)    (9)    (10)   (11)   (12)   (13)   (14) (15)  (16) (17)   (18)  (19)  (20)  (21)   (22)   (23) 
  1 0.000000e+00 2.4223 4.2881 4.6582  7.4837 1.7290 0.6971 0.3025 0.0000 0.0001 0.332 0.334  1.011 0.000 0.545 0.000 0.000 0.000 0.000 0.000 0.000 bms
  2 1.775312e+07 2.4526 4.2843 4.6127  7.4835 1.7118 0.6545 0.3451 0.0000 0.0000 0.316 0.428  1.002 0.000 0.507 0.000 0.000 0.000 0.000 0.000 0.000 
  3 3.849790e+07 2.4910 4.2826 4.5675  7.4908 1.7109 0.5979 0.4017 0.0000 0.0000 0.304 0.507  1.002 0.000 0.481 0.000 0.000 0.000 0.000 0.000 0.000 
  4 5.632671e+07 2.5331 4.2796 4.5134  7.4988 1.7115 0.5347 0.4649 0.0000 0.0000 0.285 0.556  1.002 0.000 0.440 0.000 0.000 0.000 0.000 0.000 0.000 
  5 7.180320e+07 2.5712 4.2757 4.4597  7.5065 1.7144 0.4754 0.5242 0.0000 0.0000 0.264 0.568  1.002 0.000 0.408 0.000 0.000 0.000 0.000 0.000 0.000 
  6 8.521905e+07 2.6037 4.2709 4.4080  7.5138 1.7176 0.4207 0.5789 0.0000 0.0000 0.253 0.590  1.002 0.000 0.377 0.000 0.000 0.000 0.000 0.000 0.000 
  7 9.646915e+07 2.6378 4.2646 4.3487  7.5221 1.7248 0.3607 0.6389 0.0000 0.0000 0.234 0.590  1.002 0.000 0.345 0.000 0.000 0.000 0.000 0.000 0.000 
  8 1.062338e+08 2.6694 4.2572 4.2875  7.5310 1.7350 0.3003 0.6994 0.0000 0.0000 0.217 0.599  1.002 0.222 0.302 0.000 0.000 0.000 0.000 0.000 0.000 
  9 1.142960e+08 2.6975 4.2498 4.2298  7.5399 1.7461 0.2462 0.7534 0.0000 0.0000 0.202 0.599  1.002 0.251 0.252 0.000 0.000 0.000 0.000 0.000 0.000 
 10 1.206015e+08 2.7219 4.2419 4.1738  7.5487 1.7611 0.1989 0.8008 0.0000 0.0000 0.189 0.599  1.002 0.201 0.201 0.000 0.000 0.000 0.000 0.000 0.000 
 11 1.259385e+08 2.7456 4.2333 4.1157  7.5589 1.7821 0.1512 0.8484 0.0000 0.0000 0.175 0.599  1.002 0.000 0.176 0.000 0.000 0.000 0.000 0.000 0.000 
 12 1.305574e+08 2.7678 4.2246 4.0587  7.5713 1.8106 0.1050 0.8946 0.0000 0.0000 0.162 0.599  1.002 0.000 0.163 0.000 0.000 0.000 0.000 0.000 0.000 
 13 1.351512e+08 2.7923 4.2166 4.0022  7.5919 1.8648 0.0535 0.9461 0.0000 0.0000 0.147 0.609  1.002 0.151 0.163 0.000 0.000 0.000 0.000 0.000 0.000 
 14 1.364037e+08 2.8000 4.2157 3.9909  7.6013 1.8912 0.0384 0.9612 0.0000 0.0000 0.143 0.609  1.001 0.145 0.174 0.000 0.000 0.000 0.000 0.000 0.000 tminms
 15 1.384045e+08 2.8188 4.2239 4.0049  7.6363 1.9948 0.0104 0.9893 0.0000 0.0000 0.134 0.609  0.989 0.000 0.215 0.000 0.000 0.000 0.000 0.000 0.000 
 16 1.388063e+08 2.8283 4.2337 4.0346  7.6577 2.0623 0.0044 0.9952 0.0000 0.0000 0.130 0.609  0.970 0.000 0.251 0.000 0.000 0.000 0.000 0.000 0.000 
 17 1.389829e+08 2.8393 4.2440 4.0648  7.6799 2.1398 0.0018 0.9978 0.0000 0.0000 0.124 0.609  0.936 0.000 0.284 0.000 0.000 0.000 0.000 0.000 0.000 
 18 1.390660e+08 2.8549 4.2532 4.0860  7.7009 2.2272 0.0006 0.9990 0.0000 0.0000 0.110 0.609  0.854 0.000 0.332 0.000 0.000 0.000 0.000 0.000 0.000 
 19 1.391244e+08 2.8695 4.2612 4.1034  7.7214 2.4476 0.0000 0.9996 0.0000 0.0000 0.027 0.609  0.895 0.000 0.526 0.000 0.000 0.000 0.000 0.000 0.000 tmaxlms
 20 1.391487e+08 2.8476 4.2525 4.0905  7.6943 2.6238 0.0000 0.9996 0.0000 0.0000 0.000 0.609  1.206 0.009 0.402 0.000 0.000 0.000 0.000 0.000 0.000 
 21 1.391623e+08 2.8403 4.2462 4.0726  7.6900 2.6815 0.0000 0.9996 0.0000 0.0000 0.000 0.609  1.202 0.017 0.383 0.000 0.000 0.000 0.000 0.000 0.000 lminsgb
 22 1.391847e+08 2.8520 4.2369 4.0237  7.6884 2.7666 0.0000 0.9996 0.0000 0.0000 0.000 0.609  1.175 0.026 0.358 0.000 0.000 0.000 0.000 0.000 0.000 
 23 1.392107e+08 2.8772 4.2283 3.9641  7.6893 2.8514 0.0000 0.9996 0.0000 0.0000 0.000 0.609  1.137 0.035 0.339 0.000 0.000 0.000 0.000 0.000 0.000 
 24 1.392431e+08 2.8976 4.2192 3.9073  7.6917 2.9354 0.0000 0.9996 0.0000 0.0000 0.000 0.609  1.107 0.048 0.326 0.000 0.000 0.000 0.000 0.000 0.000 
 25 1.392816e+08 2.9112 4.2107 3.8597  7.6953 3.0089 0.0000 0.9996 0.0000 0.0000 0.000 0.609  1.089 0.054 0.311 0.000 0.000 0.000 0.000 0.000 0.000 
 26 1.393245e+08 2.9236 4.2003 3.8057  7.7013 3.0922 0.0000 0.9996 0.0000 0.0000 0.000 0.609  1.075 0.064 0.298 0.000 0.000 0.000 0.000 0.000 0.000 
 27 1.393705e+08 2.9309 4.1927 3.7680  7.7069 3.1498 0.0000 0.9996 0.0000 0.0000 0.000 0.609  1.067 0.068 0.292 0.000 0.000 0.000 0.000 0.000 0.000 
 28 1.394183e+08 2.9404 4.1806 3.7101  7.7177 3.2366 0.0000 0.9996 0.0000 0.0000 0.000 0.609  1.059 0.078 0.279 0.000 0.000 0.000 0.000 0.000 0.000 
 29 1.394660e+08 2.9460 4.1718 3.6693  7.7265 3.2950 0.0000 0.9996 0.0000 0.0000 0.000 0.604  1.056 0.083 0.268 0.000 0.000 0.000 0.000 0.000 0.000 
 30 1.395124e+08 2.9513 4.1623 3.6260  7.7367 3.3538 0.0000 0.9996 0.0000 0.0000 0.000 0.604  1.053 0.090 0.260 0.000 0.000 0.000 0.000 0.000 0.000 
 31 1.395567e+08 2.9562 4.1521 3.5803  7.7483 3.4130 0.0000 0.9996 0.0000 0.0000 0.000 0.604  1.052 0.095 0.253 0.000 0.000 0.000 0.000 0.000 0.000 
 32 1.395985e+08 2.9607 4.1410 3.5314  7.7613 3.4724 0.0000 0.9996 0.0000 0.0000 0.000 0.604  1.051 0.101 0.246 0.000 0.000 0.000 0.000 0.000 0.000 
 33 1.396376e+08 2.9648 4.1287 3.4781  7.7756 3.5321 0.0000 0.9996 0.0000 0.0000 0.000 0.604  1.052 0.108 0.240 0.000 0.000 0.000 0.000 0.000 0.000 
 34 1.396736e+08 2.9667 4.1221 3.4498  7.7832 3.5621 0.0000 0.9996 0.0000 0.0000 0.000 0.604  1.053 0.110 0.237 0.000 0.000 0.000 0.000 0.000 0.000 
 35 1.397071e+08 2.9686 4.1151 3.4199  7.7912 3.5921 0.0000 0.9996 0.0000 0.0000 0.000 0.604  1.053 0.113 0.234 0.000 0.000 0.000 0.000 0.000 0.000 
 36 1.397379e+08 2.9719 4.0999 3.3558  7.8080 3.6523 0.0000 0.9996 0.0000 0.0000 0.000 0.604  1.055 0.117 0.228 0.000 0.000 0.000 0.000 0.000 0.000 
 37 1.397661e+08 2.9733 4.0916 3.3212  7.8168 3.6824 0.0000 0.9996 0.0000 0.0000 0.000 0.604  1.056 0.120 0.226 0.000 0.000 0.000 0.000 0.000 0.000 
 38 1.397921e+08 2.9747 4.0826 3.2838  7.8258 3.7126 0.0000 0.9996 0.0000 0.0000 0.000 0.604  1.058 0.122 0.223 0.000 0.000 0.000 0.000 0.000 0.000 
 39 1.398161e+08 2.9758 4.0731 3.2447  7.8351 3.7428 0.0000 0.9996 0.0000 0.0000 0.000 0.604  1.060 0.125 0.221 0.000 0.000 0.000 0.000 0.000 0.000 
 40 1.398388e+08 2.9770 4.0580 3.1831  7.8490 3.7867 0.0000 0.9996 0.0000 0.0000 0.000 0.604  1.064 0.127 0.217 0.000 0.000 0.000 0.000 0.000 0.000 
 41 1.398595e+08 2.9773 4.0482 3.1436  7.8575 3.8132 0.0000 0.9996 0.0000 0.0000 0.000 0.604  1.067 0.128 0.215 0.000 0.000 0.000 0.000 0.000 0.000 
 42 1.398609e+08 2.9773 4.0482 3.1436  7.8575 3.8132 0.0000 0.9996 0.0000 0.0000 0.000 0.604  1.067 0.128 0.215 0.000 0.000 0.000 0.000 0.000 0.000 lmaxsgb
 43 1.398794e+08 2.9773 4.0388 3.1060  7.8652 3.8365 0.0000 0.9996 0.0000 0.0000 0.000 0.604  1.070 0.130 0.213 0.000 0.000 0.000 0.000 0.000 0.000 
 44 1.398969e+08 2.9773 4.0304 3.0724  7.8718 3.8563 0.0000 0.9996 0.0000 0.0000 0.000 0.604  1.073 0.132 0.212 0.000 0.000 0.000 0.000 0.000 0.000 
 45 1.399130e+08 2.9772 4.0193 3.0281  7.8799 3.8803 0.0000 0.9996 0.0000 0.0000 0.000 0.604  1.075 0.132 0.210 0.000 0.000 0.000 0.000 0.000 0.000 
 46 1.399282e+08 2.9770 4.0125 3.0011  7.8846 3.8943 0.0000 0.9996 0.0000 0.0000 0.000 0.604  1.078 0.134 0.210 0.000 0.000 0.000 0.000 0.000 0.000 
 47 1.399421e+08 2.9762 3.9955 2.9339  7.8958 3.9267 0.0000 0.9996 0.0000 0.0000 0.000 0.604  1.082 0.135 0.206 0.000 0.000 0.000 0.000 0.000 0.000 
 48 1.399551e+08 2.9757 3.9890 2.9084  7.8998 3.9381 0.0000 0.9996 0.0000 0.0000 0.000 0.604  1.084 0.136 0.206 0.000 0.000 0.000 0.000 0.000 0.000 
 49 1.399675e+08 2.9746 3.9763 2.8587  7.9073 3.9596 0.0000 0.9996 0.0000 0.0000 0.000 0.604  1.089 0.137 0.204 0.000 0.000 0.000 0.000 0.000 0.000 
 50 1.399792e+08 2.9733 3.9656 2.8172  7.9132 3.9764 0.0000 0.9996 0.0000 0.0000 0.000 0.604  1.093 0.138 0.203 0.000 0.000 0.000 0.000 0.000 0.000 
 51 1.399901e+08 2.9720 3.9551 2.7765  7.9187 3.9918 0.0000 0.9996 0.0000 0.0000 0.000 0.604  1.097 0.138 0.202 0.000 0.000 0.000 0.000 0.000 0.000 
 52 1.400004e+08 2.9704 3.9442 2.7345  7.9240 4.0068 0.0000 0.9996 0.0000 0.0000 0.000 0.604  1.101 0.139 0.201 0.000 0.000 0.000 0.000 0.000 0.000 
 53 1.400099e+08 2.9692 3.9367 2.7057  7.9275 4.0166 0.0000 0.9996 0.0000 0.0000 0.000 0.604  1.103 0.140 0.201 0.000 0.000 0.000 0.000 0.000 0.000 
 54 1.400190e+08 2.9673 3.9249 2.6604  7.9327 4.0313 0.0000 0.9996 0.0000 0.0000 0.000 0.604  1.109 0.141 0.200 0.000 0.000 0.000 0.000 0.000 0.000 
 55 1.400275e+08 2.9658 3.9166 2.6287  7.9363 4.0411 0.0000 0.9996 0.0000 0.0000 0.000 0.604  1.111 0.142 0.200 0.000 0.000 0.000 0.000 0.000 0.000 
 56 1.400356e+08 2.9632 3.9032 2.5777  7.9416 4.0558 0.0000 0.9996 0.0000 0.0000 0.000 0.604  1.116 0.143 0.199 0.000 0.000 0.000 0.000 0.000 0.000 
 57 1.400432e+08 2.9613 3.8937 2.5416  7.9451 4.0656 0.0000 0.9996 0.0000 0.0000 0.000 0.604  1.120 0.144 0.199 0.000 0.000 0.000 0.000 0.000 0.000 
 58 1.400504e+08 2.9591 3.8836 2.5034  7.9487 4.0754 0.0000 0.9996 0.0000 0.0000 0.000 0.604  1.125 0.144 0.198 0.000 0.000 0.000 0.000 0.000 0.000 
 59 1.400572e+08 2.9566 3.8729 2.4631  7.9523 4.0853 0.0000 0.9996 0.0000 0.0000 0.000 0.604  1.129 0.144 0.197 0.000 0.000 0.000 0.000 0.000 0.000 
 60 1.400636e+08 2.9553 3.8672 2.4416  7.9541 4.0903 0.0000 0.9996 0.0000 0.0000 0.000 0.604  1.132 0.145 0.197 0.000 0.000 0.000 0.000 0.000 0.000 
 61 1.400697e+08 2.9523 3.8554 2.3974  7.9577 4.1002 0.0000 0.9996 0.0000 0.0000 0.000 0.604  1.138 0.145 0.196 0.000 0.000 0.000 0.000 0.000 0.000 
 62 1.400754e+08 2.9490 3.8427 2.3499  7.9613 4.1102 0.0000 0.9996 0.0000 0.0000 0.000 0.604  1.144 0.146 0.196 0.000 0.000 0.000 0.000 0.000 0.000 
 63 1.400806e+08 2.9471 3.8360 2.3250  7.9632 4.1152 0.0000 0.9996 0.0000 0.0000 0.000 0.604  1.147 0.146 0.196 0.000 0.000 0.000 0.000 0.000 0.000 
 64 1.400858e+08 2.9430 3.8218 2.2723  7.9668 4.1252 0.0000 0.9996 0.0000 0.0000 0.000 0.604  1.155 0.147 0.195 0.000 0.000 0.000 0.000 0.000 0.000 
 65 1.400905e+08 2.9407 3.8143 2.2446  7.9687 4.1302 0.0000 0.9996 0.0000 0.0000 0.000 0.604  1.159 0.148 0.195 0.000 0.000 0.000 0.000 0.000 0.000 
 66 1.400952e+08 2.9383 3.8065 2.2158  7.9705 4.1353 0.0000 0.9996 0.0000 0.0000 0.000 0.604  1.163 0.148 0.194 0.000 0.000 0.000 0.000 0.000 0.000 
 67 1.400997e+08 2.9356 3.7985 2.1865  7.9724 4.1403 0.0000 0.9996 0.0000 0.0000 0.000 0.604  1.168 0.148 0.194 0.000 0.000 0.000 0.000 0.000 0.000 
 68 1.401040e+08 2.9297 3.7815 2.1244  7.9761 4.1504 0.0000 0.9996 0.0000 0.0000 0.000 0.604  1.179 0.148 0.193 0.000 0.000 0.000 0.000 0.000 0.000 
 69 1.401083e+08 2.9264 3.7728 2.0929  7.9779 4.1554 0.0000 0.9996 0.0000 0.0000 0.000 0.604  1.185 0.148 0.193 0.000 0.000 0.000 0.000 0.000 0.000 
 70 1.401129e+08 2.9227 3.7644 2.0630  7.9798 4.1605 0.0000 0.9996 0.0000 0.0000 0.000 0.604  1.192 0.149 0.193 0.000 0.000 0.000 0.000 0.000 0.000 
 71 1.401186e+08 2.9144 3.7507 2.0165  7.9835 4.1706 0.0000 0.9996 0.0000 0.0000 0.000 0.604  1.207 0.150 0.193 0.000 0.000 0.001 0.000 0.000 0.000 
 72 1.401271e+08 2.9042 3.7420 1.9919  7.9873 4.1806 0.0000 0.9996 0.0000 0.0000 0.000 0.604  1.228 0.150 0.192 0.000 0.000 0.002 0.000 0.000 0.000 
 73 1.401390e+08 2.8859 3.7337 1.9770  7.9929 4.1956 0.0000 0.9996 0.0000 0.0000 0.000 0.604  1.263 0.151 0.192 0.000 0.000 0.003 0.000 0.000 0.000 
 74 1.401549e+08 2.8569 3.7240 1.9672  8.0024 4.2205 0.0000 0.9996 0.0000 0.0000 0.000 0.604  1.313 0.153 0.191 0.000 0.000 0.006 0.000 0.000 0.000 
 75 1.401590e+08 2.8550 3.7220 1.9611  8.0044 4.2257 0.0000 0.9996 0.0000 0.0000 0.000 0.604  1.310 0.153 0.190 0.000 0.000 0.008 0.000 0.000 0.000 brgb
 76 1.401731e+08 2.8699 3.7161 1.9226  8.0107 4.2419 0.0000 0.9996 0.0000 0.0000 0.000 0.599  1.246 0.153 0.189 0.000 0.000 0.010 0.000 0.000 0.000 
 77 1.401830e+08 2.9201 3.7106 1.8504  8.0182 4.2599 0.0000 0.9995 0.0001 0.0000 0.000 0.590  1.108 0.154 0.189 0.000 0.000 0.012 0.000 0.000 0.000 
 78 1.401947e+08 2.9536 3.7078 1.8057  8.0236 4.2721 0.0000 0.9995 0.0001 0.0000 0.000 0.584  1.036 0.155 0.188 0.001 0.000 0.015 0.000 0.000 0.000 
 79 1.402150e+08 2.9918 3.7045 1.7543  8.0355 4.2930 0.0000 0.9992 0.0004 0.0000 0.000 0.520  0.980 0.157 0.188 0.001 0.000 0.018 0.000 0.000 0.000 
 80 1.402527e+08 3.0372 3.7015 1.6969  8.0709 4.3153 0.0000 0.9984 0.0012 0.0000 0.010 0.439  0.953 0.159 0.187 0.021 0.000 0.016 0.000 0.000 0.000 
 81 1.402963e+08 3.0601 3.6998 1.6672  8.0930 4.2466 0.0000 0.9967 0.0029 0.0000 0.039 0.409  0.927 0.162 0.188 0.093 0.000 0.018 0.000 0.000 0.000 trgb
 82 1.412711e+08 3.0254 3.7035 1.7167  8.0974 4.0694 0.0000 0.9599 0.0393 0.0003 0.048 0.409  0.928 0.182 0.208 0.066 0.000 0.022 0.000 0.000 0.000 
 83 1.429364e+08 3.0037 3.7088 1.7596  8.1082 3.9814 0.0000 0.9140 0.0838 0.0017 0.074 0.409  0.893 0.201 0.229 0.102 0.000 0.026 0.000 0.000 0.000 lmincheb
 84 1.438419e+08 3.0235 3.7164 1.7702  8.1133 3.9510 0.0000 0.8793 0.1171 0.0032 0.079 0.409  0.873 0.210 0.239 0.114 0.000 0.027 0.000 0.000 0.000 
 85 1.441324e+08 3.0451 3.7239 1.7786  8.1147 3.9432 0.0000 0.8677 0.1280 0.0038 0.080 0.409  0.870 0.212 0.242 0.113 0.000 0.027 0.000 0.000 0.000 
 86 1.443481e+08 3.0584 3.7313 1.7949  8.1157 3.9380 0.0000 0.8600 0.1352 0.0043 0.081 0.409  0.872 0.214 0.244 0.113 0.000 0.028 0.000 0.000 0.000 
 87 1.444902e+08 3.0674 3.7416 1.8271  8.1166 3.9329 0.0000 0.8532 0.1416 0.0047 0.082 0.409  0.874 0.215 0.246 0.114 0.000 0.028 0.000 0.000 0.000 
 88 1.446031e+08 3.0713 3.7488 1.8520  8.1171 3.9304 0.0000 0.8493 0.1453 0.0050 0.083 0.409  0.874 0.216 0.247 0.115 0.000 0.028 0.000 0.000 0.000 
 89 1.446962e+08 3.0746 3.7568 1.8807  8.1176 3.9280 0.0000 0.8459 0.1485 0.0052 0.083 0.409  0.874 0.217 0.248 0.116 0.000 0.029 0.000 0.000 0.000 
 90 1.447864e+08 3.0803 3.7752 1.9486  8.1185 3.9232 0.0000 0.8391 0.1548 0.0057 0.084 0.409  0.874 0.219 0.250 0.117 0.000 0.029 0.000 0.000 0.000 
 91 1.448850e+08 3.0834 3.7853 1.9859  8.1191 3.9202 0.0000 0.8348 0.1588 0.0060 0.084 0.409  0.874 0.219 0.251 0.118 0.000 0.029 0.000 0.000 0.000 
 92 1.449907e+08 3.0860 3.7936 2.0165  8.1195 3.9177 0.0000 0.8310 0.1623 0.0062 0.085 0.409  0.873 0.220 0.252 0.119 0.000 0.029 0.000 0.000 0.000 
 93 1.451056e+08 3.0892 3.8039 2.0545  8.1202 3.9144 0.0000 0.8258 0.1671 0.0066 0.086 0.409  0.872 0.221 0.253 0.121 0.000 0.030 0.000 0.000 0.000 
 94 1.452329e+08 3.0932 3.8162 2.0997  8.1210 3.9100 0.0000 0.8191 0.1734 0.0071 0.086 0.409  0.871 0.222 0.255 0.123 0.000 0.030 0.000 0.000 0.000 
 95 1.453697e+08 3.0964 3.8258 2.1349  8.1218 3.9064 0.0000 0.8131 0.1788 0.0076 0.087 0.409  0.870 0.223 0.256 0.124 0.000 0.030 0.000 0.000 0.000 
 96 1.455212e+08 3.0999 3.8362 2.1730  8.1226 3.9023 0.0000 0.8058 0.1856 0.0082 0.088 0.409  0.868 0.225 0.258 0.126 0.000 0.030 0.000 0.000 0.000 
 97 1.456893e+08 3.1035 3.8462 2.2094  8.1235 3.8978 0.0000 0.7989 0.1919 0.0088 0.089 0.409  0.866 0.226 0.260 0.129 0.000 0.030 0.000 0.000 0.000 
 98 1.458693e+08 3.1076 3.8572 2.2493  8.1246 3.8925 0.0000 0.7901 0.1998 0.0096 0.090 0.409  0.864 0.228 0.262 0.131 0.000 0.031 0.000 0.000 0.000 
 99 1.460484e+08 3.1107 3.8654 2.2790  8.1255 3.8884 0.0000 0.7836 0.2057 0.0102 0.091 0.409  0.862 0.229 0.263 0.134 0.000 0.031 0.000 0.000 0.000 
100 1.462441e+08 3.1146 3.8759 2.3171  8.1266 3.8834 0.0000 0.7735 0.2149 0.0112 0.092 0.409  0.859 0.230 0.265 0.137 0.000 0.032 0.000 0.000 0.000 
101 1.464503e+08 3.1185 3.8859 2.3532  8.1278 3.8781 0.0000 0.7640 0.2234 0.0122 0.093 0.409  0.856 0.232 0.267 0.140 0.000 0.032 0.000 0.000 0.000 
102 1.466715e+08 3.1232 3.8979 2.3965  8.1293 3.8716 0.0000 0.7512 0.2348 0.0135 0.095 0.409  0.852 0.234 0.270 0.144 0.000 0.033 0.000 0.000 0.000 
103 1.469022e+08 3.1269 3.9071 2.4296  8.1305 3.8666 0.0000 0.7408 0.2440 0.0147 0.096 0.409  0.849 0.236 0.272 0.147 0.000 0.033 0.000 0.000 0.000 
104 1.471486e+08 3.1314 3.9180 2.4687  8.1321 3.8601 0.0000 0.7275 0.2557 0.0163 0.098 0.409  0.845 0.238 0.274 0.151 0.000 0.033 0.000 0.000 0.000 
105 1.474075e+08 3.1359 3.9287 2.5070  8.1337 3.8538 0.0000 0.7139 0.2676 0.0181 0.099 0.409  0.840 0.240 0.277 0.156 0.000 0.034 0.000 0.000 0.000 
106 1.476799e+08 3.1402 3.9389 2.5435  8.1353 3.8474 0.0000 0.6994 0.2801 0.0200 0.101 0.409  0.836 0.242 0.280 0.161 0.000 0.035 0.000 0.000 0.000 
107 1.479693e+08 3.1444 3.9486 2.5781  8.1370 3.8412 0.0000 0.6853 0.2922 0.0221 0.102 0.409  0.831 0.244 0.282 0.166 0.000 0.036 0.000 0.000 0.000 
108 1.482886e+08 3.1487 3.9580 2.6114  8.1388 3.8350 0.0000 0.6693 0.3058 0.0245 0.104 0.409  0.826 0.246 0.285 0.172 0.000 0.036 0.000 0.000 0.000 
109 1.486468e+08 3.1545 3.9698 2.6528  8.1414 3.8263 0.0000 0.6465 0.3248 0.0282 0.106 0.409  0.818 0.249 0.289 0.180 0.000 0.037 0.000 0.000 0.000 
110 1.490594e+08 3.1599 3.9798 2.6874  8.1440 3.8183 0.0000 0.6239 0.3433 0.0323 0.109 0.409  0.810 0.253 0.292 0.188 0.000 0.038 0.000 0.000 0.000 
111 1.495198e+08 3.1657 3.9897 2.7212  8.1470 3.8102 0.0000 0.5972 0.3649 0.0375 0.111 0.409  0.801 0.256 0.297 0.197 0.000 0.039 0.000 0.000 0.000 
112 1.500089e+08 3.1721 4.0001 2.7564  8.1504 3.8016 0.0000 0.5677 0.3879 0.0439 0.114 0.409  0.791 0.259 0.301 0.208 0.000 0.041 0.000 0.000 0.000 
113 1.505214e+08 3.1781 4.0099 2.7896  8.1541 3.7944 0.0000 0.5354 0.4127 0.0515 0.116 0.409  0.779 0.262 0.306 0.220 0.000 0.042 0.000 0.000 0.000 
114 1.510774e+08 3.1847 4.0203 2.8246  8.1586 3.7871 0.0000 0.4964 0.4415 0.0616 0.119 0.409  0.765 0.266 0.311 0.234 0.000 0.046 0.000 0.000 0.000 
115 1.517483e+08 3.1923 4.0303 2.8570  8.1639 3.7784 0.0000 0.4548 0.4698 0.0750 0.124 0.409  0.749 0.270 0.316 0.251 0.000 0.047 0.000 0.000 0.000 
116 1.526278e+08 3.2023 4.0405 2.8878  8.1713 3.7691 0.0000 0.3997 0.5034 0.0963 0.128 0.409  0.726 0.276 0.324 0.274 0.000 0.051 0.000 0.000 0.000 
117 1.539425e+08 3.2165 4.0501 2.9120  8.1840 3.7627 0.0000 0.3137 0.5473 0.1385 0.133 0.409  0.689 0.284 0.333 0.311 0.000 0.054 0.000 0.000 0.000 
118 1.553236e+08 3.2313 4.0546 2.9152  8.2005 3.7683 0.0000 0.2214 0.5756 0.2026 0.137 0.409  0.647 0.292 0.339 0.353 0.000 0.059 0.000 0.000 0.000 tmaxcheb
119 1.568487e+08 3.2496 4.0461 2.8629  8.2266 3.8011 0.0000 0.1189 0.5614 0.3192 0.140 0.409  0.599 0.300 0.344 0.403 0.000 0.068 0.000 0.000 0.000 
120 1.573963e+08 3.2565 4.0368 2.8188  8.2390 3.8253 0.0000 0.0855 0.5381 0.3759 0.142 0.409  0.584 0.303 0.347 0.417 0.000 0.070 0.000 0.000 0.000 
121 1.577474e+08 3.2618 4.0268 2.7735  8.2494 3.8485 0.0000 0.0636 0.5142 0.4217 0.142 0.409  0.575 0.305 0.347 0.427 0.000 0.073 0.000 0.000 0.000 
122 1.580138e+08 3.2660 4.0171 2.7305  8.2582 3.8699 0.0000 0.0488 0.4905 0.4602 0.142 0.409  0.568 0.306 0.347 0.432 0.000 0.075 0.000 0.000 0.000 
123 1.582143e+08 3.2696 4.0067 2.6853  8.2667 3.8916 0.0000 0.0374 0.4677 0.4944 0.142 0.409  0.564 0.308 0.347 0.436 0.000 0.077 0.000 0.001 0.000 
124 1.583654e+08 3.2725 3.9957 2.6384  8.2747 3.9135 0.0000 0.0285 0.4473 0.5236 0.141 0.409  0.562 0.308 0.347 0.438 0.000 0.078 0.000 0.001 0.000 
125 1.584758e+08 3.2745 3.9860 2.5976  8.2812 3.9321 0.0000 0.0226 0.4328 0.5440 0.140 0.409  0.562 0.309 0.347 0.438 0.000 0.079 0.000 0.001 0.000 
126 1.585492e+08 3.2757 3.9764 2.5580  8.2872 3.9502 0.0000 0.0179 0.4218 0.5597 0.138 0.409  0.563 0.309 0.347 0.436 0.000 0.080 0.000 0.001 0.000 
127 1.586041e+08 3.2768 3.9648 2.5105  8.2939 3.9706 0.0000 0.0137 0.4116 0.5742 0.136 0.409  0.566 0.310 0.345 0.433 0.000 0.081 0.000 0.001 0.000 
128 1.586480e+08 3.2775 3.9547 2.4694  8.2994 3.9876 0.0000 0.0109 0.4043 0.5843 0.135 0.409  0.568 0.310 0.345 0.430 0.000 0.081 0.000 0.001 0.000 
129 1.586826e+08 3.2779 3.9454 2.4318  8.3041 4.0028 0.0000 0.0088 0.3988 0.5919 0.133 0.409  0.570 0.310 0.344 0.427 0.000 0.082 0.000 0.001 0.000 
130 1.587104e+08 3.2781 3.9361 2.3944  8.3087 4.0175 0.0000 0.0072 0.3943 0.5980 0.131 0.409  0.573 0.311 0.344 0.423 0.000 0.082 0.000 0.001 0.000 
131 1.587209e+08 3.2781 3.9318 2.3772  8.3108 4.0241 0.0000 0.0066 0.3924 0.6004 0.130 0.409  0.574 0.311 0.344 0.421 0.000 0.082 0.000 0.001 0.000 lmaxcheb
132 1.587417e+08 3.2780 3.9225 2.3401  8.3151 4.0384 0.0000 0.0054 0.3890 0.6051 0.128 0.409  0.577 0.311 0.343 0.416 0.000 0.082 0.000 0.001 0.000 
133 1.587587e+08 3.2775 3.9134 2.3042  8.3194 4.0524 0.0000 0.0044 0.3861 0.6090 0.127 0.409  0.581 0.311 0.343 0.409 0.000 0.082 0.000 0.001 0.000 
134 1.587728e+08 3.2763 3.9002 2.2526  8.3255 4.0730 0.0000 0.0032 0.3827 0.6135 0.123 0.409  0.588 0.311 0.342 0.397 0.000 0.083 0.000 0.001 0.000 
135 1.587842e+08 3.2752 3.8916 2.2193  8.3294 4.0864 0.0000 0.0026 0.3810 0.6158 0.120 0.409  0.593 0.311 0.342 0.387 0.000 0.083 0.000 0.001 0.000 
136 1.587936e+08 3.2732 3.8795 2.1729  8.3351 4.1059 0.0000 0.0019 0.3789 0.6186 0.116 0.409  0.602 0.311 0.341 0.369 0.000 0.083 0.000 0.002 0.000 
137 1.588015e+08 3.2717 3.8719 2.1440  8.3386 4.1184 0.0000 0.0016 0.3779 0.6200 0.113 0.409  0.608 0.311 0.341 0.354 0.000 0.083 0.000 0.002 0.000 
138 1.588083e+08 3.2693 3.8613 2.1040  8.3436 4.1365 0.0000 0.0012 0.3766 0.6217 0.108 0.409  0.617 0.311 0.341 0.329 0.000 0.083 0.000 0.002 0.000 
139 1.588139e+08 3.2665 3.8511 2.0660  8.3485 4.1547 0.0000 0.0009 0.3757 0.6230 0.103 0.409  0.628 0.311 0.341 0.300 0.000 0.083 0.000 0.002 0.000 
140 1.588187e+08 3.2636 3.8415 2.0305  8.3532 4.1726 0.0000 0.0006 0.3749 0.6239 0.097 0.409  0.639 0.311 0.340 0.270 0.000 0.083 0.000 0.002 0.000 
141 1.588228e+08 3.2601 3.8315 1.9940  8.3581 4.1918 0.0000 0.0004 0.3744 0.6247 0.089 0.409  0.652 0.311 0.339 0.232 0.160 0.163 0.000 0.002 0.000 
142 1.588264e+08 3.2555 3.8195 1.9506  8.3641 4.2161 0.0000 0.0002 0.3738 0.6254 0.079 0.409  0.670 0.311 0.339 0.176 0.159 0.169 0.000 0.003 0.000 
143 1.588295e+08 3.2506 3.8079 1.9091  8.3697 4.2412 0.0000 0.0001 0.3734 0.6259 0.064 0.409  0.685 0.311 0.338 0.111 0.000 0.174 0.000 0.003 0.000 
144 1.588323e+08 3.2458 3.7972 1.8711  8.3748 4.2656 0.0000 0.0000 0.3732 0.6262 0.038 0.409  0.702 0.311 0.338 0.057 0.000 0.182 0.000 0.003 0.000 
145 1.588348e+08 3.2407 3.7867 1.8342  8.3789 4.2912 0.0000 0.0000 0.3731 0.6263 0.000 0.409  0.712 0.311 0.337 0.019 0.000 0.193 0.000 0.004 0.000 
146 1.588371e+08 3.2358 3.7771 1.8007  8.3808 4.3128 0.0000 0.0000 0.3731 0.6264 0.000 0.409  0.727 0.312 0.336 0.016 0.012 0.196 0.000 0.004 0.000 
147 1.588391e+08 3.2304 3.7668 1.7649  8.3835 4.3349 0.0000 0.0000 0.3731 0.6264 0.000 0.409  0.733 0.312 0.336 0.019 0.020 0.198 0.000 0.004 0.000 
148 1.588410e+08 3.2260 3.7585 1.7361  8.3857 4.3507 0.0000 0.0000 0.3731 0.6264 0.000 0.409  0.738 0.312 0.336 0.023 0.025 0.198 0.000 0.004 0.000 
149 1.588430e+08 3.2191 3.7469 1.6966  8.3889 4.3733 0.0000 0.0000 0.3731 0.6264 0.000 0.409  0.745 0.312 0.336 0.032 0.028 0.198 0.000 0.005 0.000 
150 1.588455e+08 3.2116 3.7372 1.6653  8.3924 4.3962 0.0000 0.0000 0.3731 0.6264 0.000 0.409  0.752 0.312 0.335 0.046 0.031 0.200 0.000 0.005 0.000 
151 1.588492e+08 3.2011 3.7281 1.6394  8.3971 4.4255 0.0000 0.0000 0.3731 0.6264 0.000 0.409  0.757 0.312 0.334 0.077 0.038 0.200 0.000 0.006 0.000 
152 1.588550e+08 3.1822 3.7184 1.6195  8.4046 4.4751 0.0000 0.0000 0.3731 0.6264 0.000 0.409  0.744 0.312 0.334 0.213 0.044 0.200 0.000 0.007 0.000 
153 1.588582e+08 3.1746 3.7130 1.6055  8.4075 4.5022 0.0000 0.0000 0.3731 0.6264 0.000 0.409  0.700 0.312 0.333 0.408 0.052 0.200 0.000 0.007 0.000 lmin1cheb
154 1.588655e+08 3.1975 3.7051 1.5510  8.4039 4.5341 0.0000 0.0000 0.3731 0.6264 0.000 0.409  0.500 0.312 0.333 0.890 0.071 0.198 0.000 0.007 0.000 
155 1.588710e+08 3.2193 3.7025 1.5188  8.4010 4.5432 0.0000 0.0000 0.3731 0.6264 0.000 0.409  0.420 0.312 0.334 0.885 0.074 0.198 0.000 0.006 0.000 
156 1.588893e+08 3.2706 3.6999 1.4571  8.3956 4.6160 0.0000 0.0000 0.3731 0.6264 0.000 0.409  0.198 0.312 0.335 0.755 0.083 0.200 0.000 0.005 0.000 lmaxeagb
157 1.589318e+08 3.2372 3.7025 1.5009  8.3945 4.7392 0.0000 0.0000 0.3731 0.6264 0.000 0.409  0.040 0.312 0.335 1.035 0.092 0.200 0.000 0.005 0.000 
158 1.589434e+08 3.2277 3.7010 1.5044  8.3951 4.7640 0.0000 0.0000 0.3731 0.6264 0.000 0.409  0.023 0.312 0.335 1.092 0.092 0.200 0.000 0.005 0.000 lmineagb
159 1.589637e+08 3.2478 3.6950 1.4603  8.3972 4.8175 0.0000 0.0000 0.3731 0.6264 0.000 0.409  0.005 0.312 0.333 1.110 0.092 0.200 0.000 0.005 0.000 
160 1.589790e+08 3.2801 3.6916 1.4144  8.3986 4.8459 0.0000 0.0000 0.3731 0.6264 0.000 0.409  0.002 0.312 0.331 1.068 0.094 0.200 0.000 0.005 0.000 
161 1.590000e+08 3.3310 3.6872 1.3459  8.4015 4.8989 0.0000 0.0000 0.3731 0.6264 0.000 0.409  0.001 0.313 0.328 1.017 0.094 0.200 0.000 0.005 0.000 
162 1.590319e+08 3.3673 3.6841 1.2972  8.4044 4.9555 0.0000 0.0000 0.3731 0.6264 0.000 0.409  0.000 0.313 0.326 1.000 0.097 0.200 0.000 0.006 0.000 
163 1.590749e+08 3.4125 3.6809 1.2392  8.4098 5.0415 0.0000 0.0000 0.3731 0.6264 0.000 0.409  0.000 0.314 0.324 0.992 0.100 0.202 0.000 0.007 0.000 
164 1.591280e+08 3.4531 3.6780 1.1870  8.4160 5.1283 0.0000 0.0000 0.3731 0.6264 0.000 0.409  0.000 0.315 0.321 0.988 0.107 0.202 0.000 0.007 0.000 
165 1.591841e+08 3.4804 3.6760 1.1517  8.4210 5.1871 0.0000 0.0000 0.3731 0.6264 0.000 0.409  0.000 0.000 0.000 0.986 0.112 0.204 0.000 0.008 0.000 
166 1.592357e+08 3.5260 3.6730 1.0941  8.4309 5.2773 0.0000 0.0000 0.3731 0.6264 0.000 0.387  0.000 0.000 0.000 0.983 0.122 0.205 0.000 0.009 0.000 
167 1.592820e+08 3.5590 3.6706 1.0515  8.4390 5.3383 0.0000 0.0000 0.3731 0.6264 0.000 0.378  0.000 0.000 0.000 0.980 0.128 0.205 0.000 0.010 0.000 
168 1.593250e+08 3.6108 3.6671 0.9857  8.4523 5.4307 0.0000 0.0000 0.3731 0.6264 0.000 0.364  0.000 0.000 0.000 0.976 0.137 0.207 0.000 0.012 0.000 
169 1.593633e+08 3.6471 3.6640 0.9370  8.4620 5.4943 0.0000 0.0000 0.3731 0.6264 0.000 0.354  0.000 0.000 0.000 0.970 0.142 0.208 0.000 0.014 0.000 
170 1.593977e+08 3.6872 3.6611 0.8853  8.4728 5.5633 0.0000 0.0000 0.3731 0.6264 0.000 0.348  0.000 0.000 0.000 0.965 0.149 0.209 0.000 0.017 0.000 
171 1.594285e+08 3.7262 3.6581 0.8343  8.4828 5.6301 0.0000 0.0000 0.3731 0.6264 0.000 0.342  0.000 0.000 0.000 0.960 0.155 0.211 0.000 0.020 0.000 
172 1.594568e+08 3.7662 3.6549 0.7815  8.4921 5.7004 0.0000 0.0000 0.3731 0.6264 0.000 0.338  0.000 0.000 0.000 0.955 0.166 0.213 0.000 0.024 0.000 
173 1.594836e+08 3.8060 3.6522 0.7309  8.4997 5.7730 0.0000 0.0000 0.3731 0.6264 0.000 0.335  0.000 0.000 0.000 0.954 0.173 0.214 0.000 0.029 0.000 
174 1.595086e+08 3.8399 3.6496 0.6866  8.5041 5.8374 0.0000 0.0000 0.3731 0.6264 0.000 0.333  0.000 0.000 0.000 0.954 0.178 0.216 0.000 0.035 0.005 
175 1.595325e+08 3.8832 3.6464 0.6305  8.5038 5.9250 0.0000 0.0000 0.3731 0.6264 0.000 0.330  0.000 0.000 0.000 0.951 0.185 0.217 0.000 0.043 0.016 
176 1.595541e+08 3.9204 3.6426 0.5781  8.4996 6.0032 0.0000 0.0000 0.3731 0.6264 0.000 0.327  0.000 0.000 0.000 0.947 0.190 0.219 0.000 0.051 0.028 
177 1.595748e+08 3.9601 3.6398 0.5272  8.4892 6.0896 0.0000 0.0000 0.3731 0.6264 0.000 0.324  0.000 0.000 0.000 0.942 0.196 0.220 0.000 0.061 0.042 
178 1.595942e+08 3.9983 3.6370 0.4778  8.4733 6.1762 0.0000 0.0000 0.3731 0.6264 0.000 0.320  0.000 0.000 0.000 0.936 0.202 0.222 0.000 0.072 0.055 
179 1.596122e+08 4.0415 3.6339 0.4222  8.4466 6.2770 0.0000 0.0000 0.3731 0.6264 0.000 0.313  0.000 0.000 0.000 0.931 0.208 0.225 0.000 0.087 0.071 
180 1.596282e+08 4.0793 3.6313 0.3740  8.4169 6.3623 0.0000 0.0000 0.3731 0.6264 0.000 0.301  0.000 0.000 0.000 0.924 0.213 0.227 0.000 0.098 0.086 
181 1.596428e+08 4.1207 3.6289 0.3230  8.3795 6.4526 0.0000 0.0000 0.3731 0.6264 0.000 0.276  0.000 0.000 0.000 0.914 0.218 0.229 0.000 0.109 0.103 
182 1.596548e+08 4.1584 3.6263 0.2749  8.3467 6.5250 0.0000 0.0000 0.3731 0.6264 0.000 0.262  0.000 0.000 0.000 0.907 0.222 0.231 0.000 0.115 0.115 
183 1.596676e+08 4.1985 3.6234 0.2232  8.3097 6.6114 0.0000 0.0000 0.3731 0.6264 0.000 0.250  0.000 0.000 0.000 0.890 0.227 0.234 0.000 0.121 0.129 
184 1.596805e+08 4.2364 3.6200 0.1717  8.2736 6.6997 0.0000 0.0000 0.3731 0.6264 0.000 0.246  0.000 0.000 0.000 0.889 0.232 0.238 0.000 0.125 0.146 
185 1.596963e+08 4.2197 3.6217 0.1952  8.2316 6.8069 0.0000 0.0000 0.3731 0.6264 0.000 0.244  0.000 0.244 0.244 0.870 0.238 0.242 0.000 0.141 0.166 
186 1.596994e+08 4.1845 3.6249 0.2432  8.2240 6.8270 0.0000 0.0000 0.3731 0.6264 0.000 0.244  0.000 0.244 0.245 0.860 0.239 0.243 0.000 0.154 0.169 
187 1.597011e+08 4.1424 3.6288 0.3009  8.2192 6.8398 0.0000 0.0000 0.3731 0.6264 0.000 0.244  0.000 0.244 0.245 0.844 0.239 0.243 0.000 0.169 0.171 
188 1.597024e+08 4.1053 3.6315 0.3488  8.2162 6.8477 0.0000 0.0000 0.3731 0.6264 0.000 0.244  0.001 0.244 0.245 0.830 0.240 0.243 0.000 0.184 0.171 
189 1.597046e+08 4.0794 3.6339 0.3843  8.2108 6.8621 0.0000 0.0000 0.3731 0.6264 0.000 0.245  0.207 0.244 0.245 0.628 0.240 0.244 0.000 0.195 0.174 
190 1.597058e+08 4.1174 3.6306 0.3331  8.2078 6.8701 0.0000 0.0000 0.3731 0.6264 0.000 0.245  0.452 0.244 0.245 0.398 0.240 0.244 0.000 0.178 0.175 
191 1.597082e+08 4.1574 3.6274 0.2803  8.2019 6.8847 0.0000 0.0000 0.3731 0.6264 0.000 0.245  0.656 0.245 0.245 0.240 0.241 0.244 0.000 0.160 0.177 
192 1.597149e+08 4.1952 3.6239 0.2285  8.1847 6.9199 0.0000 0.0000 0.3731 0.6264 0.000 0.245  0.728 0.245 0.245 0.197 0.241 0.244 0.000 0.134 0.182 
193 1.597187e+08 4.2090 3.6227 0.2099  8.1753 6.9380 0.0000 0.0000 0.3731 0.6264 0.000 0.245  0.648 0.245 0.245 0.382 0.242 0.245 0.000 0.122 0.184 
194 1.597190e+08 4.1699 3.6263 0.2634  8.1741 6.9384 0.0000 0.0000 0.3731 0.6264 0.000 0.245  0.358 0.245 0.245 0.517 0.242 0.245 0.000 0.131 0.184 
195 1.597196e+08 4.2075 3.6229 0.2122  8.1729 6.9417 0.0000 0.0000 0.3731 0.6264 0.000 0.245  0.667 0.245 0.245 0.138 0.242 0.245 0.000 0.120 0.184 
196 1.597213e+08 4.2439 3.6194 0.1618  8.1692 6.9508 0.0000 0.0000 0.3731 0.6264 0.000 0.245  0.882 0.245 0.245 0.044 0.242 0.245 0.000 0.108 0.185 1sttp
