#n   age/yr      logL   logTef grav    logTc  logrho Xc     Yc     Xc_C   Xc_O   Q_conv Q_disc L_H/L Q1_H Q2_H L_He/L Q1_He Q2_He L_C/L L_nu/L Q_Tmax phase
#(1) (2)         (3)    (4)    (5)     (6)    (7)    (8)    (9)    (10)   (11)   (12)   (13)   (14) (15)  (16) (17)   (18)  (19)  (20)  (21)   (22)   (23) 
  1 0.000000e+00 4.3552 4.5494 4.4025  7.5836 0.9294 0.6950 0.3030 0.0000 0.0006 0.482 0.483  1.010 0.000 0.365 0.000 0.000 0.000 0.000 0.000 0.000 bms
  2 1.099166e+06 4.3799 4.5429 4.3518  7.5762 0.8956 0.6598 0.3383 0.0000 0.0001 0.467 0.483  1.002 0.000 0.359 0.000 0.000 0.000 0.000 0.000 0.000 
  3 2.647992e+06 4.4183 4.5410 4.3058  7.5817 0.8941 0.6042 0.3939 0.0000 0.0000 0.451 0.483  1.002 0.000 0.353 0.000 0.000 0.000 0.000 0.000 0.000 
  4 4.016138e+06 4.4600 4.5379 4.2517  7.5884 0.8952 0.5421 0.4560 0.0000 0.0000 0.434 0.483  1.002 0.000 0.347 0.000 0.000 0.000 0.000 0.000 0.000 
  5 5.210842e+06 4.4981 4.5338 4.1969  7.5950 0.8984 0.4833 0.5148 0.0000 0.0000 0.418 0.483  1.002 0.000 0.339 0.000 0.000 0.000 0.000 0.000 0.000 
  6 6.222506e+06 4.5317 4.5288 4.1433  7.6013 0.9033 0.4297 0.5684 0.0000 0.0000 0.405 0.483  1.002 0.000 0.330 0.000 0.000 0.000 0.000 0.000 0.000 
  7 7.076583e+06 4.5628 4.5231 4.0894  7.6076 0.9105 0.3800 0.6180 0.0000 0.0000 0.385 0.487  1.002 0.000 0.322 0.000 0.000 0.000 0.000 0.000 0.000 
  8 7.792815e+06 4.5951 4.5156 4.0271  7.6148 0.9205 0.3262 0.6719 0.0000 0.0000 0.370 0.487  1.003 0.000 0.312 0.000 0.000 0.000 0.000 0.000 0.000 
  9 8.395143e+06 4.6217 4.5079 3.9694  7.6216 0.9319 0.2800 0.7181 0.0000 0.0000 0.356 0.487  1.003 0.000 0.302 0.000 0.000 0.000 0.000 0.000 0.000 
 10 8.900121e+06 4.6460 4.4996 3.9119  7.6285 0.9452 0.2368 0.7613 0.0000 0.0000 0.344 0.487  1.003 0.000 0.292 0.000 0.000 0.000 0.000 0.000 0.000 
 11 9.326580e+06 4.6679 4.4909 3.8552  7.6357 0.9609 0.1973 0.8008 0.0000 0.0000 0.333 0.487  1.003 0.000 0.283 0.000 0.000 0.000 0.000 0.000 0.000 
 12 9.689492e+06 4.6871 4.4823 3.8013  7.6430 0.9785 0.1619 0.8362 0.0000 0.0000 0.322 0.487  1.003 0.000 0.274 0.000 0.000 0.000 0.000 0.000 0.000 
 13 1.000318e+07 4.7057 4.4728 3.7447  7.6515 1.0006 0.1270 0.8711 0.0000 0.0000 0.311 0.487  1.003 0.000 0.266 0.000 0.000 0.000 0.000 0.000 0.000 
 14 1.027986e+07 4.7231 4.4633 3.6893  7.6615 1.0279 0.0940 0.9041 0.0000 0.0000 0.301 0.487  1.003 0.000 0.256 0.000 0.000 0.000 0.000 0.000 0.000 
 15 1.053886e+07 4.7393 4.4544 3.6372  7.6740 1.0637 0.0630 0.9351 0.0000 0.0000 0.291 0.488  1.003 0.000 0.248 0.000 0.000 0.000 0.000 0.000 0.000 
 16 1.080758e+07 4.7601 4.4470 3.5868  7.7013 1.1450 0.0247 0.9734 0.0000 0.0000 0.278 0.488  1.001 0.000 0.239 0.000 0.000 0.000 0.000 0.000 0.000 tminms
 17 1.093685e+07 4.7730 4.4549 3.6052  7.7382 1.2564 0.0065 0.9915 0.0000 0.0000 0.271 0.488  0.990 0.293 0.303 0.000 0.000 0.000 0.000 0.000 0.000 
 18 1.096071e+07 4.7805 4.4660 3.6421  7.7667 1.3442 0.0023 0.9958 0.0000 0.0000 0.267 0.488  0.962 0.273 0.350 0.000 0.000 0.000 0.000 0.000 0.000 
 19 1.097056e+07 4.7878 4.4750 3.6708  7.7907 1.4203 0.0009 0.9971 0.0000 0.0000 0.261 0.488  0.906 0.270 0.381 0.000 0.000 0.000 0.000 0.000 0.000 
 20 1.097513e+07 4.7998 4.4857 3.7016  7.8260 1.5365 0.0002 0.9979 0.0000 0.0000 0.240 0.488  0.728 0.250 0.416 0.000 0.000 0.000 0.000 0.000 0.000 
 21 1.097747e+07 4.8146 4.4957 3.7268  7.8763 1.7170 0.0000 0.9981 0.0000 0.0000 0.138 0.488  0.364 0.000 0.488 0.000 0.000 0.000 0.000 0.000 0.000 
 22 1.097862e+07 4.8186 4.4987 3.7348  7.9052 1.8397 0.0000 0.9981 0.0000 0.0000 0.000 0.500  0.686 0.122 0.475 0.000 0.000 0.000 0.000 0.000 0.000 tmaxlms
 23 1.098143e+07 4.8061 4.4893 3.7097  7.9491 2.0696 0.0000 0.9981 0.0000 0.0000 0.000 0.582  0.940 0.177 0.455 0.000 0.000 0.000 0.000 0.000 0.000 
 24 1.098218e+07 4.8050 4.4838 3.6888  7.9604 2.1257 0.0000 0.9981 0.0000 0.0000 0.000 0.592  0.969 0.177 0.449 0.000 0.000 0.000 0.000 0.000 0.000 lminsgb
 25 1.098334e+07 4.8051 4.4769 3.6611  7.9721 2.1826 0.0000 0.9981 0.0000 0.0000 0.000 0.602  0.972 0.185 0.439 0.000 0.000 0.000 0.000 0.000 0.000 
 26 1.098438e+07 4.8096 4.4650 3.6090  7.9926 2.2749 0.0000 0.9981 0.0000 0.0000 0.000 0.607  1.037 0.197 0.429 0.000 0.000 0.000 0.000 0.000 0.000 
 27 1.098532e+07 4.8143 4.4535 3.5583  8.0095 2.3490 0.0000 0.9981 0.0000 0.0000 0.000 0.612  1.059 0.205 0.416 0.000 0.000 0.000 0.000 0.000 0.000 
 28 1.098619e+07 4.8183 4.4442 3.5171  8.0222 2.4031 0.0000 0.9981 0.0000 0.0000 0.000 0.612  1.064 0.209 0.408 0.000 0.000 0.000 0.000 0.000 0.000 
 29 1.098700e+07 4.8232 4.4328 3.4666  8.0370 2.4638 0.0000 0.9981 0.0000 0.0000 0.000 0.612  1.062 0.216 0.400 0.000 0.000 0.000 0.000 0.000 0.000 
 30 1.098777e+07 4.8269 4.4242 3.4285  8.0477 2.5066 0.0000 0.9981 0.0000 0.0000 0.000 0.612  1.061 0.219 0.396 0.000 0.000 0.000 0.000 0.000 0.000 
 31 1.098851e+07 4.8312 4.4133 3.3806  8.0607 2.5579 0.0000 0.9981 0.0000 0.0000 0.000 0.612  1.055 0.225 0.388 0.000 0.000 0.000 0.000 0.000 0.000 
 32 1.098922e+07 4.8348 4.4037 3.3386  8.0719 2.6006 0.0000 0.9981 0.0000 0.0000 0.000 0.612  1.051 0.228 0.385 0.000 0.000 0.004 0.000 0.000 0.000 
 33 1.098990e+07 4.8383 4.3936 3.2947  8.0832 2.6433 0.0000 0.9981 0.0000 0.0000 0.000 0.612  1.048 0.230 0.377 0.000 0.000 0.011 0.000 0.000 0.000 
 34 1.099056e+07 4.8416 4.3828 3.2482  8.0949 2.6880 0.0000 0.9981 0.0000 0.0000 0.000 0.612  1.042 0.235 0.371 0.000 0.000 0.019 0.000 0.000 0.000 
 35 1.099119e+07 4.8447 4.3716 3.2003  8.1069 2.7314 0.0000 0.9981 0.0000 0.0000 0.000 0.612  1.040 0.240 0.367 0.000 0.000 0.026 0.000 0.000 0.000 
 36 1.099179e+07 4.8470 4.3622 3.1604  8.1166 2.7658 0.0000 0.9981 0.0000 0.0000 0.000 0.612  1.037 0.240 0.362 0.000 0.000 0.035 0.000 0.000 0.000 
 37 1.099237e+07 4.8492 4.3521 3.1178  8.1267 2.8012 0.0000 0.9981 0.0001 0.0000 0.000 0.612  1.034 0.243 0.360 0.000 0.000 0.039 0.000 0.000 0.000 
 38 1.099292e+07 4.8512 4.3414 3.0730  8.1369 2.8360 0.0000 0.9980 0.0001 0.0000 0.000 0.612  1.030 0.246 0.355 0.001 0.000 0.044 0.000 0.000 0.000 
 39 1.099346e+07 4.8526 4.3330 3.0380  8.1448 2.8623 0.0000 0.9980 0.0001 0.0000 0.000 0.612  1.027 0.248 0.353 0.001 0.000 0.049 0.000 0.000 0.000 
 40 1.099397e+07 4.8543 4.3209 2.9879  8.1557 2.8971 0.0000 0.9979 0.0002 0.0000 0.000 0.612  1.023 0.251 0.350 0.003 0.000 0.049 0.000 0.000 0.000 
 41 1.099446e+07 4.8555 4.3113 2.9483  8.1644 2.9226 0.0000 0.9977 0.0004 0.0000 0.000 0.612  1.024 0.253 0.346 0.005 0.000 0.046 0.000 0.000 0.000 
 42 1.099493e+07 4.8565 4.3012 2.9069  8.1732 2.9464 0.0000 0.9975 0.0005 0.0000 0.002 0.612  1.017 0.254 0.345 0.011 0.000 0.047 0.000 0.000 0.000 
 43 1.099536e+07 4.8574 4.2903 2.8624  8.1823 2.9696 0.0000 0.9974 0.0007 0.0000 0.007 0.612  1.010 0.255 0.343 0.021 0.000 0.047 0.000 0.000 0.000 
 44 1.099579e+07 4.8580 4.2825 2.8306  8.1884 2.9842 0.0000 0.9973 0.0007 0.0000 0.012 0.612  1.005 0.256 0.341 0.032 0.000 0.048 0.000 0.000 0.000 
 45 1.099621e+07 4.8588 4.2696 2.7782  8.1975 3.0045 0.0000 0.9970 0.0010 0.0000 0.022 0.612  0.995 0.338 0.340 0.061 0.000 0.048 0.000 0.000 0.000 
 46 1.099660e+07 4.8593 4.2596 2.7377  8.2036 3.0165 0.0000 0.9968 0.0011 0.0000 0.030 0.612  0.984 0.259 0.336 0.092 0.000 0.048 0.000 0.000 0.000 
 47 1.099698e+07 4.8596 4.2540 2.7150  8.2066 3.0220 0.0000 0.9967 0.0013 0.0000 0.035 0.612  0.976 0.259 0.335 0.113 0.000 0.048 0.000 0.000 0.000 
 48 1.099735e+07 4.8604 4.2405 2.6602  8.2126 3.0311 0.0000 0.9964 0.0016 0.0000 0.048 0.612  0.957 0.261 0.333 0.166 0.000 0.049 0.000 0.000 0.000 
 49 1.099771e+07 4.8609 4.2324 2.6273  8.2154 3.0344 0.0000 0.9961 0.0018 0.0000 0.054 0.612  0.945 0.262 0.332 0.196 0.000 0.050 0.000 0.000 0.000 
 50 1.099805e+07 4.8615 4.2233 2.5903  8.2178 3.0367 0.0000 0.9958 0.0021 0.0000 0.061 0.612  0.929 0.262 0.332 0.223 0.000 0.050 0.000 0.000 0.000 
 51 1.099839e+07 4.8626 4.2083 2.5292  8.2211 3.0385 0.0000 0.9956 0.0023 0.0000 0.074 0.612  0.909 0.264 0.331 0.273 0.000 0.051 0.000 0.000 0.000 
 52 1.099873e+07 4.8634 4.1993 2.4924  8.2226 3.0387 0.0000 0.9953 0.0026 0.0000 0.081 0.612  0.897 0.265 0.330 0.293 0.000 0.052 0.000 0.000 0.000 
 53 1.099905e+07 4.8644 4.1880 2.4462  8.2241 3.0382 0.0000 0.9948 0.0030 0.0000 0.087 0.612  0.884 0.266 0.329 0.312 0.000 0.053 0.000 0.000 0.000 
 54 1.099937e+07 4.8651 4.1805 2.4155  8.2249 3.0375 0.0000 0.9945 0.0033 0.0000 0.092 0.612  0.876 0.266 0.329 0.322 0.000 0.053 0.000 0.000 0.000 
 55 1.099970e+07 4.8661 4.1712 2.3773  8.2257 3.0365 0.0000 0.9942 0.0036 0.0000 0.096 0.612  0.867 0.267 0.327 0.332 0.000 0.054 0.000 0.000 0.000 
 56 1.100001e+07 4.8673 4.1602 2.3321  8.2265 3.0349 0.0000 0.9937 0.0041 0.0000 0.101 0.612  0.857 0.267 0.327 0.340 0.000 0.055 0.000 0.000 0.000 
 57 1.100033e+07 4.8690 4.1463 2.2748  8.2272 3.0329 0.0000 0.9932 0.0046 0.0000 0.106 0.612  0.846 0.268 0.327 0.347 0.000 0.056 0.000 0.000 0.000 
 58 1.100063e+07 4.8700 4.1382 2.2414  8.2276 3.0317 0.0000 0.9929 0.0049 0.0000 0.109 0.612  0.840 0.268 0.327 0.349 0.000 0.057 0.000 0.000 0.000 
 59 1.100093e+07 4.8711 4.1292 2.2043  8.2279 3.0303 0.0000 0.9926 0.0052 0.0000 0.112 0.612  0.834 0.269 0.327 0.351 0.000 0.057 0.000 0.000 0.000 
 60 1.100124e+07 4.8723 4.1194 2.1639  8.2281 3.0288 0.0000 0.9922 0.0055 0.0000 0.114 0.612  0.827 0.269 0.326 0.351 0.000 0.057 0.000 0.000 0.000 
 61 1.100154e+07 4.8739 4.1064 2.1103  8.2284 3.0268 0.0000 0.9919 0.0059 0.0000 0.116 0.612  0.818 0.271 0.326 0.354 0.000 0.057 0.000 0.000 0.000 
 62 1.100184e+07 4.8751 4.0969 2.0711  8.2286 3.0254 0.0000 0.9915 0.0063 0.0000 0.118 0.612  0.813 0.271 0.326 0.352 0.000 0.057 0.000 0.000 0.000 
 63 1.100215e+07 4.8764 4.0869 2.0298  8.2287 3.0240 0.0000 0.9911 0.0067 0.0000 0.120 0.612  0.807 0.271 0.326 0.351 0.000 0.057 0.000 0.000 0.000 
 64 1.100245e+07 4.8776 4.0765 1.9870  8.2288 3.0226 0.0000 0.9907 0.0071 0.0000 0.123 0.612  0.802 0.272 0.325 0.348 0.000 0.057 0.000 0.000 0.000 
 65 1.100275e+07 4.8787 4.0676 1.9503  8.2289 3.0215 0.0000 0.9903 0.0074 0.0000 0.123 0.612  0.798 0.272 0.325 0.347 0.000 0.057 0.000 0.000 0.000 
 66 1.100305e+07 4.8798 4.0570 1.9068  8.2290 3.0203 0.0000 0.9899 0.0079 0.0000 0.123 0.612  0.794 0.272 0.325 0.345 0.000 0.063 0.000 0.000 0.000 
 67 1.100336e+07 4.8811 4.0441 1.8539  8.2292 3.0188 0.0000 0.9894 0.0083 0.0000 0.125 0.612  0.789 0.273 0.325 0.344 0.000 0.063 0.000 0.000 0.000 
 68 1.100366e+07 4.8818 4.0366 1.8232  8.2292 3.0180 0.0000 0.9891 0.0087 0.0000 0.127 0.612  0.786 0.273 0.325 0.343 0.000 0.063 0.000 0.000 0.000 
 69 1.100396e+07 4.8825 4.0284 1.7897  8.2292 3.0171 0.0000 0.9888 0.0090 0.0000 0.126 0.612  0.783 0.273 0.325 0.342 0.000 0.063 0.000 0.000 0.000 
 70 1.100426e+07 4.8832 4.0194 1.7530  8.2293 3.0163 0.0000 0.9884 0.0093 0.0000 0.128 0.612  0.781 0.273 0.325 0.340 0.000 0.063 0.000 0.000 0.000 
 71 1.100455e+07 4.8840 4.0094 1.7122  8.2293 3.0153 0.0000 0.9881 0.0096 0.0000 0.127 0.612  0.777 0.274 0.325 0.340 0.000 0.063 0.000 0.000 0.000 
 72 1.100485e+07 4.8851 3.9937 1.6483  8.2294 3.0140 0.0000 0.9875 0.0102 0.0000 0.128 0.612  0.773 0.274 0.325 0.339 0.000 0.063 0.000 0.000 0.000 
 73 1.100515e+07 4.8857 3.9846 1.6113  8.2294 3.0132 0.0000 0.9871 0.0106 0.0000 0.129 0.612  0.770 0.275 0.325 0.336 0.000 0.063 0.000 0.000 0.000 
 74 1.100544e+07 4.8863 3.9734 1.5659  8.2294 3.0123 0.0000 0.9867 0.0110 0.0000 0.131 0.612  0.767 0.275 0.325 0.334 0.000 0.063 0.000 0.000 0.000 
 75 1.100572e+07 4.8868 3.9658 1.5350  8.2295 3.0117 0.0000 0.9865 0.0112 0.0000 0.130 0.612  0.764 0.275 0.325 0.334 0.000 0.063 0.000 0.000 0.000 
 76 1.100601e+07 4.8874 3.9569 1.4988  8.2295 3.0111 0.0000 0.9861 0.0116 0.0000 0.130 0.612  0.762 0.276 0.325 0.333 0.000 0.063 0.000 0.000 0.000 
 77 1.100630e+07 4.8881 3.9459 1.4541  8.2295 3.0104 0.0000 0.9858 0.0119 0.0000 0.131 0.612  0.758 0.276 0.325 0.332 0.000 0.063 0.000 0.000 0.000 
 78 1.100659e+07 4.8890 3.9325 1.3996  8.2295 3.0096 0.0000 0.9853 0.0124 0.0000 0.131 0.612  0.754 0.276 0.325 0.330 0.000 0.063 0.000 0.000 0.000 
 79 1.100688e+07 4.8896 3.9250 1.3690  8.2296 3.0091 0.0000 0.9850 0.0127 0.0000 0.131 0.612  0.751 0.277 0.325 0.329 0.000 0.063 0.000 0.000 0.000 
 80 1.100717e+07 4.8902 3.9164 1.3340  8.2296 3.0087 0.0000 0.9847 0.0131 0.0000 0.131 0.612  0.749 0.277 0.325 0.328 0.000 0.063 0.000 0.000 0.000 
 81 1.100749e+07 4.8909 3.9078 1.2989  8.2296 3.0083 0.0000 0.9843 0.0134 0.0000 0.134 0.612  0.746 0.277 0.325 0.328 0.000 0.063 0.000 0.000 0.000 
 82 1.100779e+07 4.8917 3.8987 1.2617  8.2296 3.0077 0.0000 0.9840 0.0137 0.0000 0.132 0.612  0.742 0.277 0.325 0.328 0.000 0.063 0.000 0.000 0.000 
 83 1.100811e+07 4.8930 3.8819 1.1932  8.2297 3.0069 0.0000 0.9833 0.0144 0.0000 0.133 0.612  0.735 0.277 0.325 0.325 0.000 0.065 0.000 0.000 0.000 
 84 1.100844e+07 4.8937 3.8727 1.1557  8.2298 3.0066 0.0000 0.9829 0.0148 0.0000 0.133 0.612  0.733 0.277 0.325 0.324 0.000 0.065 0.000 0.000 0.000 
 85 1.100877e+07 4.8945 3.8627 1.1149  8.2298 3.0061 0.0000 0.9825 0.0152 0.0001 0.133 0.612  0.729 0.278 0.326 0.324 0.000 0.065 0.000 0.000 0.000 
 86 1.100911e+07 4.8953 3.8511 1.0677  8.2299 3.0056 0.0000 0.9821 0.0156 0.0001 0.134 0.612  0.725 0.278 0.326 0.325 0.000 0.065 0.000 0.000 0.000 
 87 1.100946e+07 4.8960 3.8409 1.0262  8.2299 3.0051 0.0000 0.9816 0.0161 0.0001 0.134 0.612  0.722 0.278 0.326 0.324 0.000 0.065 0.000 0.000 0.000 
 88 1.100982e+07 4.8966 3.8313 0.9872  8.2300 3.0047 0.0000 0.9812 0.0165 0.0001 0.134 0.612  0.719 0.279 0.326 0.323 0.000 0.065 0.000 0.000 0.000 
 89 1.101017e+07 4.8972 3.8217 0.9482  8.2300 3.0043 0.0000 0.9807 0.0170 0.0001 0.134 0.612  0.716 0.279 0.326 0.322 0.000 0.065 0.000 0.000 0.000 
 90 1.101057e+07 4.8979 3.8092 0.8975  8.2301 3.0038 0.0000 0.9801 0.0176 0.0001 0.134 0.612  0.712 0.279 0.326 0.322 0.000 0.065 0.000 0.000 0.000 
 91 1.101098e+07 4.8985 3.7994 0.8577  8.2301 3.0034 0.0000 0.9796 0.0181 0.0001 0.134 0.612  0.708 0.280 0.326 0.321 0.000 0.065 0.000 0.000 0.000 
 92 1.101140e+07 4.8988 3.7940 0.8358  8.2302 3.0032 0.0000 0.9793 0.0184 0.0001 0.137 0.612  0.706 0.280 0.327 0.321 0.000 0.065 0.000 0.000 0.000 
 93 1.101187e+07 4.8995 3.7821 0.7875  8.2302 3.0026 0.0000 0.9788 0.0189 0.0001 0.135 0.612  0.702 0.280 0.327 0.322 0.000 0.065 0.000 0.000 0.000 
 94 1.101234e+07 4.9001 3.7702 0.7393  8.2303 3.0022 0.0000 0.9780 0.0197 0.0001 0.135 0.612  0.697 0.281 0.327 0.322 0.000 0.065 0.000 0.000 0.000 
 95 1.101289e+07 4.9008 3.7591 0.6942  8.2304 3.0017 0.0000 0.9772 0.0205 0.0001 0.136 0.612  0.694 0.281 0.327 0.321 0.000 0.065 0.000 0.000 0.000 
 96 1.101347e+07 4.9012 3.7531 0.6698  8.2304 3.0014 0.0000 0.9768 0.0209 0.0001 0.136 0.612  0.692 0.282 0.327 0.321 0.000 0.066 0.000 0.000 0.000 
 97 1.101417e+07 4.9020 3.7409 0.6202  8.2306 3.0008 0.0000 0.9757 0.0219 0.0001 0.136 0.612  0.687 0.282 0.328 0.321 0.000 0.063 0.000 0.000 0.000 
 98 1.101492e+07 4.9031 3.7279 0.5671  8.2307 3.0000 0.0000 0.9747 0.0230 0.0001 0.137 0.612  0.681 0.282 0.328 0.322 0.000 0.063 0.000 0.000 0.000 
 99 1.101631e+07 4.9049 3.7192 0.5305  8.2308 2.9992 0.0000 0.9732 0.0245 0.0001 0.138 0.612  0.674 0.284 0.328 0.321 0.000 0.063 0.000 0.000 0.000 
100 1.101783e+07 4.9074 3.7122 0.5000  8.2310 2.9985 0.0000 0.9715 0.0261 0.0001 0.138 0.612  0.668 0.285 0.329 0.320 0.000 0.066 0.000 0.000 0.000 brgb
101 1.102026e+07 4.9166 3.7184 0.5156  8.2314 2.9969 0.0000 0.9679 0.0297 0.0001 0.138 0.612  0.649 0.286 0.330 0.316 0.000 0.066 0.000 0.000 0.000 
102 1.102117e+07 4.9208 3.7305 0.5598  8.2315 2.9963 0.0000 0.9666 0.0310 0.0002 0.139 0.612  0.644 0.286 0.331 0.314 0.000 0.066 0.000 0.000 0.000 
103 1.102182e+07 4.9231 3.7398 0.5947  8.2316 2.9960 0.0000 0.9658 0.0318 0.0002 0.139 0.612  0.641 0.287 0.331 0.313 0.000 0.066 0.000 0.000 0.000 
104 1.102244e+07 4.9250 3.7484 0.6272  8.2317 2.9957 0.0000 0.9651 0.0325 0.0002 0.139 0.612  0.638 0.287 0.331 0.311 0.000 0.066 0.000 0.000 0.000 
105 1.102301e+07 4.9272 3.7599 0.6710  8.2317 2.9954 0.0000 0.9643 0.0333 0.0002 0.139 0.612  0.637 0.287 0.331 0.310 0.000 0.066 0.000 0.000 0.000 
106 1.102351e+07 4.9286 3.7690 0.7060  8.2318 2.9952 0.0000 0.9636 0.0339 0.0002 0.139 0.612  0.635 0.287 0.332 0.309 0.000 0.066 0.000 0.000 0.000 
107 1.102398e+07 4.9301 3.7810 0.7525  8.2319 2.9950 0.0000 0.9629 0.0346 0.0002 0.141 0.612  0.634 0.288 0.332 0.309 0.000 0.066 0.000 0.000 0.000 
108 1.102443e+07 4.9309 3.7881 0.7801  8.2319 2.9948 0.0000 0.9626 0.0349 0.0002 0.140 0.612  0.633 0.288 0.332 0.309 0.000 0.066 0.000 0.000 0.000 
109 1.102488e+07 4.9317 3.7961 0.8113  8.2319 2.9947 0.0000 0.9622 0.0354 0.0002 0.140 0.612  0.632 0.288 0.332 0.308 0.000 0.066 0.000 0.000 0.000 
110 1.102532e+07 4.9325 3.8049 0.8457  8.2320 2.9945 0.0000 0.9617 0.0359 0.0002 0.140 0.612  0.632 0.288 0.332 0.308 0.000 0.066 0.000 0.000 0.000 
111 1.102577e+07 4.9333 3.8147 0.8841  8.2320 2.9944 0.0000 0.9611 0.0364 0.0002 0.140 0.612  0.632 0.289 0.333 0.308 0.000 0.066 0.000 0.000 0.000 
112 1.102622e+07 4.9345 3.8316 0.9505  8.2321 2.9941 0.0000 0.9601 0.0374 0.0002 0.140 0.612  0.632 0.289 0.333 0.307 0.000 0.066 0.000 0.000 0.000 
113 1.102667e+07 4.9350 3.8413 0.9888  8.2322 2.9939 0.0000 0.9595 0.0380 0.0002 0.140 0.612  0.632 0.289 0.333 0.307 0.000 0.066 0.000 0.000 0.000 
114 1.102714e+07 4.9357 3.8529 1.0345  8.2323 2.9938 0.0000 0.9588 0.0387 0.0002 0.140 0.612  0.632 0.289 0.333 0.307 0.000 0.066 0.000 0.000 0.000 
115 1.102762e+07 4.9360 3.8604 1.0642  8.2323 2.9937 0.0000 0.9584 0.0391 0.0002 0.140 0.612  0.632 0.290 0.334 0.307 0.000 0.066 0.000 0.000 0.000 
116 1.102812e+07 4.9364 3.8693 1.0994  8.2324 2.9935 0.0000 0.9578 0.0397 0.0002 0.141 0.612  0.632 0.290 0.334 0.307 0.000 0.066 0.000 0.000 0.000 
117 1.102863e+07 4.9367 3.8797 1.1407  8.2324 2.9932 0.0000 0.9574 0.0400 0.0002 0.144 0.612  0.633 0.290 0.334 0.309 0.000 0.066 0.000 0.000 0.000 
118 1.102915e+07 4.9371 3.8918 1.1887  8.2325 2.9929 0.0000 0.9569 0.0406 0.0003 0.147 0.612  0.634 0.290 0.334 0.309 0.000 0.066 0.000 0.000 0.000 
119 1.102970e+07 4.9373 3.8986 1.2157  8.2325 2.9926 0.0000 0.9568 0.0407 0.0003 0.149 0.612  0.634 0.290 0.334 0.309 0.000 0.066 0.000 0.000 0.000 
120 1.103025e+07 4.9375 3.9136 1.2755  8.2325 2.9920 0.0000 0.9565 0.0410 0.0003 0.152 0.612  0.635 0.291 0.335 0.309 0.000 0.066 0.000 0.000 0.000 
121 1.103084e+07 4.9376 3.9219 1.3086  8.2325 2.9917 0.0000 0.9562 0.0412 0.0003 0.153 0.612  0.636 0.291 0.335 0.309 0.000 0.066 0.000 0.000 0.000 
122 1.103144e+07 4.9377 3.9308 1.3441  8.2326 2.9915 0.0000 0.9557 0.0417 0.0003 0.154 0.612  0.637 0.291 0.335 0.309 0.000 0.066 0.000 0.000 0.000 
123 1.103208e+07 4.9377 3.9402 1.3817  8.2326 2.9912 0.0000 0.9552 0.0423 0.0003 0.156 0.612  0.638 0.291 0.336 0.309 0.000 0.066 0.000 0.000 0.000 
124 1.103275e+07 4.9378 3.9501 1.4212  8.2327 2.9909 0.0000 0.9548 0.0427 0.0003 0.158 0.612  0.639 0.291 0.336 0.309 0.000 0.066 0.000 0.000 0.000 
125 1.103346e+07 4.9377 3.9649 1.4805  8.2328 2.9904 0.0000 0.9540 0.0434 0.0003 0.158 0.612  0.641 0.291 0.336 0.310 0.000 0.066 0.000 0.000 0.000 
126 1.103421e+07 4.9376 3.9754 1.5226  8.2329 2.9902 0.0000 0.9531 0.0443 0.0003 0.158 0.612  0.642 0.292 0.337 0.310 0.000 0.066 0.000 0.000 0.000 
127 1.103501e+07 4.9374 3.9858 1.5644  8.2330 2.9900 0.0000 0.9521 0.0453 0.0003 0.158 0.612  0.643 0.338 0.338 0.311 0.000 0.066 0.000 0.000 0.000 
128 1.103589e+07 4.9373 3.9958 1.6045  8.2331 2.9898 0.0000 0.9511 0.0463 0.0003 0.158 0.612  0.644 0.338 0.339 0.312 0.000 0.066 0.000 0.000 0.000 
129 1.103685e+07 4.9372 4.0036 1.6358  8.2332 2.9895 0.0000 0.9504 0.0470 0.0003 0.160 0.612  0.645 0.338 0.339 0.313 0.000 0.066 0.000 0.000 0.000 
130 1.103790e+07 4.9370 4.0124 1.6712  8.2333 2.9891 0.0000 0.9495 0.0478 0.0004 0.161 0.612  0.646 0.293 0.340 0.314 0.000 0.066 0.000 0.000 0.000 
131 1.103906e+07 4.9369 4.0221 1.7101  8.2334 2.9887 0.0000 0.9485 0.0489 0.0004 0.162 0.612  0.647 0.294 0.340 0.315 0.000 0.066 0.000 0.000 0.000 
132 1.104031e+07 4.9367 4.0328 1.7531  8.2336 2.9883 0.0000 0.9470 0.0503 0.0004 0.163 0.612  0.648 0.294 0.340 0.316 0.000 0.066 0.000 0.000 0.000 
133 1.104172e+07 4.9366 4.0444 1.7994  8.2338 2.9878 0.0000 0.9453 0.0520 0.0004 0.164 0.612  0.648 0.295 0.342 0.317 0.000 0.066 0.000 0.000 0.000 
134 1.104329e+07 4.9365 4.0568 1.8491  8.2340 2.9872 0.0000 0.9432 0.0541 0.0005 0.165 0.612  0.649 0.295 0.342 0.319 0.000 0.066 0.000 0.000 0.000 
135 1.104501e+07 4.9365 4.0634 1.8755  8.2341 2.9868 0.0000 0.9420 0.0553 0.0005 0.165 0.612  0.649 0.296 0.342 0.320 0.000 0.066 0.000 0.000 0.000 
136 1.104691e+07 4.9365 4.0771 1.9303  8.2343 2.9859 0.0000 0.9391 0.0581 0.0005 0.166 0.612  0.649 0.297 0.343 0.321 0.000 0.066 0.000 0.000 0.000 
137 1.104897e+07 4.9365 4.0842 1.9587  8.2345 2.9856 0.0000 0.9375 0.0597 0.0006 0.166 0.612  0.649 0.298 0.344 0.323 0.000 0.066 0.000 0.000 0.000 
138 1.105127e+07 4.9365 4.0916 1.9883  8.2347 2.9852 0.0000 0.9357 0.0615 0.0006 0.167 0.612  0.649 0.298 0.345 0.324 0.000 0.066 0.000 0.000 0.000 
139 1.105379e+07 4.9366 4.1069 2.0494  8.2351 2.9843 0.0000 0.9315 0.0655 0.0007 0.168 0.612  0.648 0.299 0.346 0.327 0.000 0.066 0.000 0.000 0.000 
140 1.105653e+07 4.9367 4.1148 2.0809  8.2353 2.9838 0.0000 0.9291 0.0679 0.0007 0.168 0.612  0.648 0.299 0.347 0.329 0.000 0.066 0.000 0.000 0.000 
141 1.105951e+07 4.9368 4.1228 2.1128  8.2356 2.9833 0.0000 0.9264 0.0705 0.0008 0.169 0.612  0.647 0.300 0.348 0.330 0.000 0.066 0.000 0.000 0.000 
142 1.106285e+07 4.9370 4.1384 2.1750  8.2361 2.9821 0.0000 0.9207 0.0761 0.0009 0.170 0.612  0.646 0.302 0.349 0.333 0.000 0.066 0.000 0.000 0.000 
143 1.106658e+07 4.9371 4.1454 2.2029  8.2364 2.9816 0.0000 0.9178 0.0789 0.0010 0.170 0.612  0.645 0.303 0.350 0.336 0.000 0.066 0.000 0.000 0.000 
144 1.107066e+07 4.9373 4.1581 2.2535  8.2369 2.9807 0.0000 0.9120 0.0846 0.0011 0.171 0.612  0.643 0.304 0.352 0.340 0.000 0.066 0.000 0.000 0.000 
145 1.107555e+07 4.9375 4.1686 2.2953  8.2375 2.9798 0.0000 0.9062 0.0902 0.0013 0.172 0.612  0.641 0.306 0.354 0.343 0.000 0.073 0.000 0.000 0.000 
146 1.108056e+07 4.9377 4.1790 2.3367  8.2380 2.9788 0.0000 0.9002 0.0961 0.0014 0.173 0.612  0.639 0.306 0.356 0.346 0.000 0.073 0.000 0.000 0.000 
147 1.108614e+07 4.9379 4.1887 2.3753  8.2386 2.9780 0.0000 0.8939 0.1022 0.0016 0.174 0.612  0.636 0.308 0.357 0.350 0.000 0.073 0.000 0.000 0.000 
148 1.109272e+07 4.9381 4.1973 2.4095  8.2391 2.9772 0.0000 0.8878 0.1081 0.0018 0.175 0.612  0.634 0.309 0.359 0.354 0.000 0.073 0.000 0.000 0.000 
149 1.110037e+07 4.9385 4.2083 2.4531  8.2400 2.9762 0.0000 0.8782 0.1172 0.0022 0.176 0.612  0.631 0.311 0.362 0.359 0.000 0.073 0.000 0.000 0.000 
150 1.110941e+07 4.9388 4.2178 2.4908  8.2408 2.9752 0.0000 0.8688 0.1263 0.0025 0.178 0.612  0.628 0.313 0.365 0.364 0.000 0.073 0.000 0.000 0.000 
151 1.112138e+07 4.9393 4.2299 2.5387  8.2421 2.9740 0.0000 0.8531 0.1413 0.0032 0.180 0.612  0.623 0.315 0.369 0.372 0.000 0.073 0.000 0.000 0.000 
152 1.113942e+07 4.9401 4.2406 2.5804  8.2439 2.9729 0.0000 0.8312 0.1620 0.0043 0.183 0.612  0.617 0.319 0.372 0.382 0.000 0.073 0.000 0.000 0.000 
153 1.117477e+07 4.9420 4.2461 2.6005  8.2471 2.9729 0.0000 0.7901 0.2005 0.0069 0.188 0.612  0.607 0.325 0.374 0.398 0.000 0.073 0.000 0.000 0.000 tmaxcheb
154 1.124117e+07 4.9465 4.2360 2.5553  8.2535 2.9777 0.0000 0.7074 0.2756 0.0145 0.194 0.613  0.586 0.331 0.380 0.421 0.000 0.080 0.000 0.000 0.000 
155 1.132595e+07 4.9522 4.2259 2.5089  8.2624 2.9867 0.0000 0.6031 0.3647 0.0296 0.202 0.613  0.553 0.338 0.385 0.453 0.000 0.086 0.000 0.000 0.000 
156 1.141995e+07 4.9582 4.2158 2.4622  8.2740 3.0018 0.0000 0.4869 0.4540 0.0565 0.210 0.614  0.514 0.343 0.391 0.492 0.000 0.093 0.000 0.000 0.000 
157 1.149172e+07 4.9627 4.2056 2.4166  8.2843 3.0184 0.0000 0.3978 0.5117 0.0879 0.216 0.614  0.482 0.347 0.395 0.524 0.000 0.093 0.000 0.000 0.000 
158 1.154947e+07 4.9662 4.1954 2.3723  8.2937 3.0354 0.0000 0.3291 0.5468 0.1215 0.222 0.614  0.456 0.351 0.398 0.550 0.000 0.100 0.000 0.000 0.000 
159 1.159677e+07 4.9690 4.1851 2.3280  8.3025 3.0530 0.0000 0.2734 0.5665 0.1575 0.226 0.614  0.433 0.354 0.400 0.573 0.000 0.107 0.000 0.000 0.000 
160 1.163518e+07 4.9712 4.1753 2.2866  8.3100 3.0690 0.0000 0.2320 0.5741 0.1913 0.229 0.615  0.416 0.356 0.401 0.590 0.000 0.107 0.000 0.000 0.000 
161 1.166885e+07 4.9732 4.1651 2.2435  8.3178 3.0867 0.0000 0.1945 0.5741 0.2289 0.232 0.615  0.400 0.358 0.402 0.608 0.000 0.114 0.000 0.000 0.000 
162 1.169647e+07 4.9749 4.1548 2.2006  8.3244 3.1022 0.0000 0.1664 0.5678 0.2631 0.234 0.615  0.387 0.360 0.403 0.619 0.000 0.114 0.000 0.000 0.000 
163 1.172048e+07 4.9762 4.1450 2.1598  8.3303 3.1163 0.0000 0.1444 0.5582 0.2948 0.236 0.615  0.376 0.361 0.403 0.629 0.000 0.114 0.000 0.000 0.000 
164 1.174133e+07 4.9776 4.1343 2.1156  8.3363 3.1311 0.0000 0.1245 0.5452 0.3277 0.237 0.615  0.366 0.363 0.405 0.639 0.000 0.121 0.000 0.000 0.000 
165 1.175970e+07 4.9785 4.1247 2.0763  8.3415 3.1442 0.0000 0.1092 0.5322 0.3559 0.239 0.615  0.359 0.364 0.405 0.646 0.000 0.121 0.000 0.000 0.000 
166 1.177568e+07 4.9795 4.1137 2.0313  8.3470 3.1585 0.0000 0.0946 0.5168 0.3860 0.240 0.615  0.351 0.364 0.405 0.654 0.000 0.121 0.000 0.000 0.000 
167 1.178998e+07 4.9803 4.1048 1.9946  8.3513 3.1698 0.0000 0.0844 0.5040 0.4090 0.241 0.616  0.346 0.365 0.405 0.659 0.000 0.121 0.000 0.000 0.000 
168 1.180272e+07 4.9810 4.0948 1.9539  8.3558 3.1816 0.0000 0.0747 0.4896 0.4331 0.241 0.616  0.340 0.366 0.405 0.664 0.000 0.121 0.000 0.000 0.000 
169 1.181393e+07 4.9816 4.0836 1.9085  8.3606 3.1947 0.0000 0.0652 0.4740 0.4581 0.242 0.616  0.335 0.366 0.405 0.669 0.000 0.128 0.000 0.000 0.000 
170 1.182410e+07 4.9822 4.0731 1.8659  8.3650 3.2066 0.0000 0.0576 0.4599 0.4798 0.243 0.616  0.330 0.367 0.405 0.674 0.000 0.128 0.000 0.000 0.000 
171 1.183293e+07 4.9827 4.0635 1.8270  8.3686 3.2167 0.0000 0.0518 0.4479 0.4976 0.243 0.616  0.327 0.368 0.405 0.676 0.000 0.128 0.000 0.000 0.000 
172 1.184081e+07 4.9831 4.0527 1.7834  8.3728 3.2283 0.0000 0.0457 0.4356 0.5161 0.243 0.616  0.323 0.368 0.405 0.679 0.000 0.128 0.000 0.000 0.000 
173 1.184765e+07 4.9833 4.0435 1.7464  8.3763 3.2385 0.0000 0.0410 0.4261 0.5303 0.243 0.616  0.321 0.369 0.404 0.684 0.000 0.128 0.000 0.000 0.000 
174 1.185366e+07 4.9835 4.0335 1.7059  8.3798 3.2485 0.0000 0.0365 0.4166 0.5442 0.243 0.616  0.318 0.369 0.404 0.683 0.000 0.128 0.000 0.001 0.000 
175 1.185899e+07 4.9837 4.0229 1.6633  8.3833 3.2586 0.0000 0.0327 0.4080 0.5566 0.243 0.616  0.316 0.369 0.404 0.688 0.000 0.128 0.000 0.001 0.000 
176 1.186381e+07 4.9839 4.0122 1.6203  8.3867 3.2683 0.0000 0.0291 0.3997 0.5685 0.243 0.616  0.314 0.369 0.404 0.686 0.000 0.128 0.000 0.001 0.000 
177 1.186806e+07 4.9840 4.0013 1.5766  8.3898 3.2776 0.0000 0.0262 0.3926 0.5785 0.243 0.616  0.312 0.370 0.404 0.690 0.000 0.128 0.000 0.001 0.000 
178 1.187182e+07 4.9840 3.9936 1.5458  8.3921 3.2843 0.0000 0.0242 0.3874 0.5857 0.243 0.616  0.311 0.370 0.404 0.689 0.000 0.128 0.000 0.001 0.000 
179 1.187389e+07 4.9840 3.9864 1.5170  8.3943 3.2906 0.0000 0.0224 0.3829 0.5920 0.243 0.616  0.310 0.370 0.403 0.689 0.000 0.128 0.000 0.001 0.000 lmaxcheb
180 1.187705e+07 4.9839 3.9787 1.4863  8.3964 3.2969 0.0000 0.0208 0.3788 0.5977 0.244 0.616  0.309 0.370 0.403 0.691 0.000 0.128 0.000 0.001 0.000 
181 1.187986e+07 4.9838 3.9667 1.4384  8.3995 3.3061 0.0000 0.0186 0.3729 0.6058 0.244 0.616  0.308 0.370 0.403 0.691 0.000 0.135 0.000 0.001 0.000 
182 1.188242e+07 4.9837 3.9578 1.4029  8.4018 3.3128 0.0000 0.0172 0.3690 0.6111 0.244 0.616  0.307 0.370 0.403 0.692 0.000 0.135 0.000 0.001 0.000 
183 1.188473e+07 4.9836 3.9458 1.3550  8.4048 3.3218 0.0000 0.0153 0.3639 0.6181 0.244 0.616  0.306 0.371 0.403 0.690 0.000 0.135 0.000 0.001 0.000 
184 1.188683e+07 4.9834 3.9379 1.3236  8.4068 3.3278 0.0000 0.0143 0.3611 0.6218 0.244 0.616  0.306 0.371 0.402 0.696 0.000 0.135 0.000 0.001 0.000 
185 1.188866e+07 4.9830 3.9247 1.2712  8.4097 3.3365 0.0000 0.0127 0.3566 0.6279 0.244 0.616  0.305 0.371 0.402 0.690 0.000 0.135 0.000 0.001 0.000 
186 1.189048e+07 4.9828 3.9165 1.2386  8.4117 3.3423 0.0000 0.0118 0.3540 0.6314 0.244 0.616  0.304 0.371 0.402 0.689 0.000 0.135 0.000 0.001 0.000 
187 1.189215e+07 4.9823 3.9046 1.1915  8.4147 3.3514 0.0000 0.0105 0.3503 0.6364 0.244 0.616  0.304 0.371 0.402 0.689 0.000 0.135 0.000 0.001 0.000 
188 1.189352e+07 4.9819 3.8962 1.1583  8.4165 3.3568 0.0000 0.0098 0.3483 0.6392 0.244 0.616  0.303 0.371 0.401 0.689 0.000 0.135 0.000 0.001 0.000 
189 1.189484e+07 4.9815 3.8859 1.1175  8.4189 3.3641 0.0000 0.0089 0.3458 0.6425 0.244 0.616  0.304 0.371 0.401 0.690 0.000 0.135 0.000 0.001 0.000 
190 1.189601e+07 4.9807 3.8722 1.0635  8.4217 3.3727 0.0000 0.0079 0.3429 0.6464 0.244 0.616  0.303 0.371 0.401 0.686 0.000 0.135 0.000 0.001 0.000 
191 1.189704e+07 4.9802 3.8630 1.0272  8.4235 3.3780 0.0000 0.0073 0.3413 0.6485 0.244 0.616  0.303 0.371 0.401 0.685 0.000 0.135 0.000 0.001 0.000 
192 1.189799e+07 4.9796 3.8521 0.9842  8.4258 3.3848 0.0000 0.0067 0.3395 0.6509 0.244 0.616  0.303 0.371 0.401 0.687 0.000 0.135 0.000 0.001 0.000 
193 1.189885e+07 4.9790 3.8434 0.9500  8.4273 3.3894 0.0000 0.0063 0.3382 0.6526 0.243 0.616  0.303 0.372 0.400 0.683 0.000 0.135 0.000 0.001 0.000 
194 1.189966e+07 4.9784 3.8339 0.9126  8.4290 3.3946 0.0000 0.0059 0.3369 0.6543 0.242 0.616  0.303 0.372 0.400 0.681 0.000 0.135 0.000 0.001 0.000 
195 1.190041e+07 4.9776 3.8230 0.8698  8.4312 3.4013 0.0000 0.0053 0.3354 0.6563 0.242 0.616  0.303 0.372 0.400 0.679 0.000 0.135 0.000 0.001 0.000 
196 1.190108e+07 4.9768 3.8130 0.8306  8.4330 3.4070 0.0000 0.0049 0.3342 0.6580 0.241 0.616  0.304 0.372 0.400 0.673 0.000 0.135 0.000 0.001 0.000 
197 1.190165e+07 4.9762 3.8066 0.8056  8.4342 3.4105 0.0000 0.0047 0.3334 0.6590 0.240 0.616  0.304 0.372 0.400 0.671 0.000 0.135 0.000 0.001 0.000 
198 1.190227e+07 4.9747 3.7910 0.7447  8.4371 3.4196 0.0000 0.0041 0.3318 0.6611 0.240 0.616  0.304 0.372 0.399 0.670 0.000 0.135 0.000 0.001 0.000 
199 1.190279e+07 4.9736 3.7807 0.7046  8.4389 3.4250 0.0000 0.0038 0.3309 0.6624 0.239 0.616  0.305 0.372 0.399 0.665 0.000 0.135 0.000 0.001 0.000 
200 1.190328e+07 4.9724 3.7710 0.6670  8.4406 3.4302 0.0000 0.0035 0.3301 0.6634 0.238 0.616  0.305 0.372 0.399 0.663 0.000 0.135 0.000 0.001 0.000 
201 1.190375e+07 4.9710 3.7608 0.6276  8.4425 3.4360 0.0000 0.0033 0.3293 0.6645 0.238 0.616  0.306 0.372 0.399 0.663 0.000 0.135 0.000 0.001 0.000 
202 1.190418e+07 4.9700 3.7537 0.6002  8.4436 3.4395 0.0000 0.0031 0.3288 0.6651 0.237 0.616  0.306 0.372 0.399 0.663 0.000 0.135 0.000 0.001 0.000 
203 1.190456e+07 4.9685 3.7445 0.5649  8.4451 3.4439 0.0000 0.0029 0.3282 0.6659 0.237 0.616  0.307 0.372 0.399 0.659 0.000 0.135 0.000 0.002 0.000 
204 1.190492e+07 4.9664 3.7324 0.5186  8.4472 3.4505 0.0000 0.0026 0.3274 0.6669 0.236 0.616  0.308 0.372 0.399 0.655 0.000 0.135 0.000 0.002 0.000 
205 1.190528e+07 4.9649 3.7240 0.4865  8.4484 3.4542 0.0000 0.0025 0.3270 0.6675 0.235 0.616  0.309 0.372 0.398 0.650 0.000 0.135 0.000 0.002 0.000 
206 1.190566e+07 4.9631 3.7167 0.4591  8.4498 3.4585 0.0000 0.0023 0.3265 0.6682 0.234 0.616  0.310 0.372 0.398 0.643 0.000 0.135 0.000 0.002 0.000 
207 1.190600e+07 4.9607 3.7084 0.4283  8.4514 3.4635 0.0000 0.0021 0.3260 0.6688 0.233 0.616  0.311 0.372 0.398 0.642 0.000 0.135 0.000 0.002 0.000 
208 1.190637e+07 4.9540 3.6896 0.3598  8.4552 3.4754 0.0000 0.0017 0.3249 0.6703 0.228 0.616  0.314 0.372 0.398 0.625 0.000 0.135 0.000 0.002 0.000 
209 1.190677e+07 4.9486 3.6794 0.3244  8.4579 3.4837 0.0000 0.0015 0.3242 0.6711 0.228 0.616  0.318 0.372 0.398 0.615 0.000 0.135 0.000 0.002 0.000 
210 1.190722e+07 4.9401 3.6688 0.2905  8.4617 3.4953 0.0000 0.0012 0.3234 0.6721 0.226 0.616  0.324 0.372 0.397 0.603 0.000 0.135 0.000 0.002 0.000 
211 1.190780e+07 4.9280 3.6600 0.2674  8.4659 3.5086 0.0000 0.0010 0.3227 0.6731 0.223 0.616  0.330 0.372 0.397 0.594 0.000 0.135 0.000 0.002 0.000 
212 1.190866e+07 4.9162 3.6499 0.2388  8.4749 3.5368 0.0000 0.0006 0.3215 0.6746 0.215 0.616  0.335 0.372 0.396 0.522 0.244 0.248 0.000 0.003 0.000 
213 1.190957e+07 4.9028 3.6398 0.2118  8.4896 3.5831 0.0000 0.0002 0.3205 0.6758 0.201 0.616  0.342 0.372 0.395 0.361 0.244 0.257 0.000 0.004 0.000 
214 1.190959e+07 4.9028 3.6398 0.2118  8.4896 3.5831 0.0000 0.0002 0.3205 0.6758 0.201 0.616  0.342 0.372 0.395 0.361 0.244 0.257 0.000 0.004 0.000 lmin1cheb
215 1.191046e+07 4.9157 3.6298 0.1589  8.5123 3.6556 0.0000 0.0000 0.3200 0.6764 0.095 0.616  0.341 0.372 0.393 0.036 0.244 0.280 0.000 0.005 0.000 
216 1.191152e+07 4.9386 3.6235 0.1108  8.5407 3.7508 0.0000 0.0000 0.3200 0.6764 0.000 0.616  0.308 0.372 0.392 0.041 0.244 0.289 0.000 0.008 0.000 
217 1.191327e+07 4.9641 3.6171 0.0597  8.5782 3.8795 0.0000 0.0000 0.3200 0.6764 0.000 0.558  0.248 0.373 0.389 0.284 0.244 0.289 0.000 0.014 0.000 
218 1.191649e+07 5.0045 3.6130 0.0026  8.6145 4.0354 0.0000 0.0000 0.3200 0.6764 0.000 0.479  0.117 0.373 0.389 0.755 0.244 0.289 0.000 0.022 0.000 lmaxeagb
219 1.192059e+07 4.9953 3.6136 0.0142  8.6622 4.2406 0.0000 0.0000 0.3200 0.6764 0.000 0.478  0.010 0.373 0.388 0.857 0.242 0.286 0.000 0.047 0.000 lmineagb
220 1.192325e+07 5.0232 3.6099 -0.0285  8.6990 4.3937 0.0000 0.0000 0.3200 0.6764 0.000 0.443  0.000 0.373 0.385 0.858 0.202 0.283 0.000 0.081 0.000 
221 1.192530e+07 5.0697 3.6053 -0.0934  8.7353 4.5488 0.0000 0.0000 0.3200 0.6764 0.000 0.401  0.000 0.374 0.382 0.833 0.202 0.282 0.000 0.137 0.000 
222 1.192859e+07 5.1066 3.6018 -0.1443  8.7913 4.8369 0.0000 0.0000 0.3200 0.6764 0.000 0.390  0.000 0.000 0.000 0.865 0.211 0.279 0.008 0.439 0.000 
223 1.192902e+07 5.1127 3.6014 -0.1520  8.8076 4.9344 0.0000 0.0000 0.3200 0.6764 0.000 0.388  0.000 0.000 0.000 0.899 0.212 0.277 0.035 0.677 0.000 1sttp
