#n   age/yr      logL   logTef grav    logTc  logrho Xc     Yc     Xc_C   Xc_O   Q_conv Q_disc L_H/L Q1_H Q2_H L_He/L Q1_He Q2_He L_C/L L_nu/L Q_Tmax phase
#(1) (2)         (3)    (4)    (5)     (6)    (7)    (8)    (9)    (10)   (11)   (12)   (13)   (14) (15)  (16) (17)   (18)  (19)  (20)  (21)   (22)   (23) 
  1 3.669984e-04 2.7551 4.3106 4.5245  7.4824 1.5170 0.6959 0.3020 0.0000 0.0008 0.348 0.349  1.010 0.349 0.471 0.000 0.000 0.000 0.000 0.000 0.000 bms
  2 7.690800e+06 2.7685 4.3019 4.4763  7.4720 1.4757 0.6670 0.3311 0.0000 0.0001 0.333 0.350  1.002 0.334 0.365 0.000 0.000 0.000 0.000 0.000 0.000 
  3 2.086590e+07 2.8054 4.2990 4.4278  7.4768 1.4693 0.6130 0.3851 0.0000 0.0001 0.315 0.363  1.002 0.323 0.343 0.000 0.000 0.000 0.000 0.000 0.000 
  4 3.262664e+07 2.8467 4.2954 4.3721  7.4840 1.4672 0.5498 0.4482 0.0000 0.0000 0.298 0.415  1.002 0.307 0.316 0.000 0.000 0.000 0.000 0.000 0.000 
  5 4.269665e+07 2.8844 4.2911 4.3172  7.4909 1.4674 0.4902 0.5078 0.0000 0.0000 0.282 0.440  1.002 0.000 0.265 0.000 0.000 0.000 0.000 0.000 0.000 
  6 5.110933e+07 2.9188 4.2859 4.2620  7.4978 1.4703 0.4344 0.5637 0.0000 0.0000 0.262 0.455  1.002 0.000 0.250 0.000 0.000 0.000 0.000 0.000 0.000 
  7 5.825990e+07 2.9521 4.2797 4.2039  7.5051 1.4753 0.3783 0.6198 0.0000 0.0000 0.245 0.463  1.002 0.000 0.236 0.000 0.000 0.000 0.000 0.000 0.000 
  8 6.423864e+07 2.9819 4.2726 4.1457  7.5125 1.4819 0.3246 0.6734 0.0000 0.0000 0.233 0.471  1.002 0.000 0.223 0.000 0.000 0.000 0.000 0.000 0.000 
  9 6.918215e+07 3.0075 4.2656 4.0921  7.5193 1.4907 0.2786 0.7195 0.0000 0.0000 0.219 0.478  1.002 0.000 0.212 0.000 0.000 0.000 0.000 0.000 0.000 
 10 7.334703e+07 3.0339 4.2570 4.0313  7.5275 1.5039 0.2284 0.7696 0.0000 0.0000 0.205 0.478  1.002 0.000 0.199 0.000 0.000 0.000 0.000 0.000 0.000 
 11 7.682794e+07 3.0561 4.2486 3.9755  7.5358 1.5196 0.1845 0.8135 0.0000 0.0000 0.192 0.478  1.002 0.000 0.188 0.000 0.000 0.000 0.000 0.000 0.000 
 12 7.978045e+07 3.0766 4.2399 3.9202  7.5450 1.5396 0.1426 0.8555 0.0000 0.0000 0.180 0.478  1.002 0.000 0.177 0.000 0.000 0.000 0.000 0.000 0.000 
 13 8.238821e+07 3.0973 4.2306 3.8623  7.5569 1.5689 0.0990 0.8990 0.0000 0.0000 0.167 0.486  1.002 0.000 0.166 0.000 0.000 0.000 0.000 0.000 0.000 
 14 8.500861e+07 3.1201 4.2221 3.8055  7.5765 1.6216 0.0513 0.9468 0.0000 0.0000 0.154 0.486  1.002 0.000 0.154 0.000 0.000 0.000 0.000 0.000 0.000 
 15 8.576107e+07 3.1277 4.2211 3.7939  7.5858 1.6482 0.0367 0.9614 0.0000 0.0000 0.150 0.486  1.001 0.000 0.151 0.000 0.000 0.000 0.000 0.000 0.000 tminms
 16 8.697733e+07 3.1469 4.2296 3.8087  7.6204 1.7508 0.0099 0.9882 0.0000 0.0000 0.141 0.486  0.990 0.000 0.208 0.000 0.000 0.000 0.000 0.000 0.000 
 17 8.722375e+07 3.1563 4.2393 3.8381  7.6406 1.8137 0.0044 0.9936 0.0000 0.0000 0.138 0.486  0.972 0.000 0.231 0.000 0.000 0.000 0.000 0.000 0.000 
 18 8.732897e+07 3.1666 4.2493 3.8678  7.6597 1.8772 0.0020 0.9960 0.0000 0.0000 0.133 0.486  0.939 0.000 0.255 0.000 0.000 0.000 0.000 0.000 0.000 
 19 8.738236e+07 3.1780 4.2580 3.8912  7.6772 1.9422 0.0009 0.9971 0.0000 0.0000 0.123 0.486  0.883 0.000 0.282 0.000 0.000 0.000 0.000 0.000 0.000 
 20 8.741349e+07 3.1958 4.2685 3.9154  7.7022 2.0636 0.0002 0.9979 0.0000 0.0000 0.094 0.486  0.770 0.000 0.334 0.000 0.000 0.000 0.000 0.000 0.000 
 21 8.742886e+07 3.1993 4.2712 3.9227  7.7132 2.2161 0.0000 0.9980 0.0000 0.0000 0.025 0.486  0.915 0.000 0.440 0.000 0.000 0.000 0.000 0.000 0.000 tmaxlms
 22 8.744119e+07 3.1759 4.2631 3.9137  7.6922 2.3713 0.0000 0.9981 0.0000 0.0000 0.000 0.486  1.229 0.013 0.351 0.000 0.000 0.000 0.000 0.000 0.000 
 23 8.745009e+07 3.1615 4.2537 3.8905  7.6875 2.4500 0.0000 0.9981 0.0000 0.0000 0.000 0.486  1.232 0.024 0.338 0.000 0.000 0.000 0.000 0.000 0.000 
 24 8.745178e+07 3.1610 4.2521 3.8846  7.6874 2.4625 0.0000 0.9981 0.0000 0.0000 0.000 0.486  1.229 0.027 0.338 0.000 0.000 0.000 0.000 0.000 0.000 lminsgb
 25 8.746249e+07 3.1707 4.2426 3.8369  7.6883 2.5383 0.0000 0.9981 0.0000 0.0000 0.000 0.486  1.207 0.033 0.324 0.000 0.000 0.000 0.000 0.000 0.000 
 26 8.747433e+07 3.1928 4.2332 3.7772  7.6913 2.6162 0.0000 0.9981 0.0000 0.0000 0.000 0.486  1.173 0.045 0.310 0.000 0.000 0.000 0.000 0.000 0.000 
 27 8.748798e+07 3.2109 4.2244 3.7239  7.6951 2.6855 0.0000 0.9981 0.0000 0.0000 0.000 0.486  1.145 0.052 0.301 0.000 0.000 0.000 0.000 0.000 0.000 
 28 8.750326e+07 3.2217 4.2174 3.6851  7.6988 2.7376 0.0000 0.9981 0.0000 0.0000 0.000 0.486  1.129 0.059 0.295 0.000 0.000 0.000 0.000 0.000 0.000 
 29 8.751970e+07 3.2359 4.2050 3.6213  7.7064 2.8229 0.0000 0.9981 0.0000 0.0000 0.000 0.486  1.110 0.065 0.287 0.000 0.000 0.000 0.000 0.000 0.000 
 30 8.753699e+07 3.2436 4.1961 3.5780  7.7128 2.8806 0.0000 0.9981 0.0000 0.0000 0.000 0.486  1.100 0.072 0.277 0.000 0.000 0.000 0.000 0.000 0.000 
 31 8.755450e+07 3.2502 4.1866 3.5334  7.7202 2.9384 0.0000 0.9981 0.0000 0.0000 0.000 0.486  1.095 0.078 0.272 0.000 0.000 0.000 0.000 0.000 0.000 
 32 8.757222e+07 3.2559 4.1765 3.4873  7.7288 2.9968 0.0000 0.9981 0.0000 0.0000 0.000 0.486  1.088 0.082 0.263 0.000 0.000 0.000 0.000 0.000 0.000 
 33 8.758965e+07 3.2608 4.1656 3.4388  7.7386 3.0553 0.0000 0.9981 0.0000 0.0000 0.000 0.486  1.084 0.088 0.260 0.000 0.000 0.000 0.000 0.000 0.000 
 34 8.760665e+07 3.2650 4.1539 3.3878  7.7496 3.1141 0.0000 0.9981 0.0000 0.0000 0.000 0.486  1.081 0.093 0.253 0.000 0.000 0.000 0.000 0.000 0.000 
 35 8.762303e+07 3.2668 4.1477 3.3612  7.7556 3.1437 0.0000 0.9981 0.0000 0.0000 0.000 0.486  1.081 0.097 0.250 0.000 0.000 0.000 0.000 0.000 0.000 
 36 8.763868e+07 3.2698 4.1344 3.3050  7.7683 3.2029 0.0000 0.9981 0.0000 0.0000 0.000 0.486  1.080 0.102 0.243 0.000 0.000 0.000 0.000 0.000 0.000 
 37 8.765353e+07 3.2711 4.1273 3.2753  7.7752 3.2326 0.0000 0.9981 0.0000 0.0000 0.000 0.486  1.080 0.106 0.241 0.000 0.000 0.000 0.000 0.000 0.000 
 38 8.766757e+07 3.2722 4.1198 3.2442  7.7823 3.2624 0.0000 0.9981 0.0000 0.0000 0.000 0.486  1.081 0.107 0.239 0.000 0.000 0.000 0.000 0.000 0.000 
 39 8.768083e+07 3.2737 4.1036 3.1779  7.7973 3.3220 0.0000 0.9981 0.0000 0.0000 0.000 0.486  1.082 0.112 0.233 0.000 0.000 0.000 0.000 0.000 0.000 
 40 8.769325e+07 3.2742 4.0948 3.1422  7.8052 3.3519 0.0000 0.9981 0.0000 0.0000 0.000 0.486  1.083 0.116 0.229 0.000 0.000 0.000 0.000 0.000 0.000 
 41 8.770133e+07 3.2743 4.0854 3.1045  7.8134 3.3818 0.0000 0.9981 0.0000 0.0000 0.000 0.486  1.085 0.118 0.227 0.000 0.000 0.000 0.000 0.000 0.000 lmaxsgb
 42 8.771248e+07 3.2742 4.0754 3.0646  7.8218 3.4118 0.0000 0.9981 0.0000 0.0000 0.000 0.486  1.087 0.120 0.226 0.000 0.000 0.000 0.000 0.000 0.000 
 43 8.772311e+07 3.2737 4.0655 3.0255  7.8299 3.4402 0.0000 0.9981 0.0000 0.0000 0.000 0.486  1.091 0.123 0.224 0.000 0.000 0.000 0.000 0.000 0.000 
 44 8.773294e+07 3.2728 4.0553 2.9856  7.8379 3.4674 0.0000 0.9981 0.0000 0.0000 0.000 0.486  1.093 0.125 0.222 0.000 0.000 0.000 0.000 0.000 0.000 
 45 8.774215e+07 3.2721 4.0482 2.9579  7.8433 3.4854 0.0000 0.9981 0.0000 0.0000 0.000 0.486  1.097 0.126 0.220 0.000 0.000 0.000 0.000 0.000 0.000 
 46 8.775071e+07 3.2710 4.0390 2.9222  7.8500 3.5073 0.0000 0.9981 0.0000 0.0000 0.000 0.486  1.099 0.128 0.218 0.000 0.000 0.000 0.000 0.000 0.000 
 47 8.775864e+07 3.2693 4.0271 2.8763  7.8582 3.5337 0.0000 0.9981 0.0000 0.0000 0.000 0.486  1.105 0.129 0.216 0.000 0.000 0.000 0.000 0.000 0.000 
 48 8.776609e+07 3.2681 4.0198 2.8483  7.8630 3.5490 0.0000 0.9981 0.0000 0.0000 0.000 0.486  1.107 0.131 0.216 0.000 0.000 0.000 0.000 0.000 0.000 
 49 8.777305e+07 3.2666 4.0113 2.8158  7.8683 3.5659 0.0000 0.9981 0.0000 0.0000 0.000 0.486  1.109 0.131 0.214 0.000 0.000 0.000 0.000 0.000 0.000 
 50 8.777954e+07 3.2648 4.0014 2.7780  7.8743 3.5844 0.0000 0.9981 0.0000 0.0000 0.000 0.486  1.113 0.133 0.212 0.000 0.000 0.000 0.000 0.000 0.000 
 51 8.778588e+07 3.2610 3.9835 2.7102  7.8845 3.6157 0.0000 0.9981 0.0000 0.0000 0.000 0.482  1.121 0.134 0.210 0.000 0.000 0.000 0.000 0.000 0.000 
 52 8.779181e+07 3.2584 3.9729 2.6704  7.8903 3.6331 0.0000 0.9981 0.0000 0.0000 0.000 0.482  1.126 0.136 0.209 0.000 0.000 0.000 0.000 0.000 0.000 
 53 8.779735e+07 3.2557 3.9630 2.6335  7.8953 3.6483 0.0000 0.9981 0.0000 0.0000 0.000 0.482  1.132 0.136 0.209 0.000 0.000 0.000 0.000 0.000 0.000 
 54 8.780254e+07 3.2532 3.9541 2.6004  7.8997 3.6611 0.0000 0.9981 0.0000 0.0000 0.000 0.482  1.137 0.137 0.207 0.000 0.000 0.000 0.000 0.000 0.000 
 55 8.780743e+07 3.2498 3.9427 2.5582  7.9050 3.6767 0.0000 0.9981 0.0000 0.0000 0.000 0.482  1.143 0.138 0.206 0.000 0.000 0.000 0.000 0.000 0.000 
 56 8.781203e+07 3.2476 3.9358 2.5328  7.9080 3.6858 0.0000 0.9981 0.0000 0.0000 0.000 0.482  1.147 0.138 0.205 0.000 0.000 0.000 0.000 0.000 0.000 
 57 8.781637e+07 3.2451 3.9278 2.5033  7.9114 3.6957 0.0000 0.9981 0.0000 0.0000 0.000 0.482  1.152 0.139 0.205 0.000 0.000 0.000 0.000 0.000 0.000 
 58 8.782049e+07 3.2406 3.9140 2.4526  7.9170 3.7119 0.0000 0.9981 0.0000 0.0000 0.000 0.482  1.161 0.139 0.204 0.000 0.000 0.000 0.000 0.000 0.000 
 59 8.782436e+07 3.2365 3.9020 2.4087  7.9216 3.7250 0.0000 0.9981 0.0000 0.0000 0.000 0.482  1.168 0.140 0.203 0.000 0.000 0.000 0.000 0.000 0.000 
 60 8.782803e+07 3.2344 3.8963 2.3880  7.9237 3.7310 0.0000 0.9981 0.0000 0.0000 0.000 0.482  1.171 0.140 0.203 0.000 0.000 0.000 0.000 0.000 0.000 
 61 8.783153e+07 3.2303 3.8850 2.3469  7.9276 3.7423 0.0000 0.9981 0.0000 0.0000 0.000 0.482  1.179 0.141 0.202 0.000 0.000 0.000 0.000 0.000 0.000 
 62 8.783480e+07 3.2260 3.8735 2.3052  7.9314 3.7531 0.0000 0.9981 0.0000 0.0000 0.000 0.482  1.187 0.142 0.201 0.000 0.000 0.000 0.000 0.000 0.000 
 63 8.783790e+07 3.2214 3.8616 2.2622  7.9351 3.7636 0.0000 0.9981 0.0000 0.0000 0.000 0.482  1.196 0.142 0.201 0.000 0.000 0.000 0.000 0.000 0.000 
 64 8.784085e+07 3.2190 3.8555 2.2402  7.9369 3.7688 0.0000 0.9981 0.0000 0.0000 0.000 0.482  1.200 0.143 0.200 0.000 0.000 0.000 0.000 0.000 0.000 
 65 8.784364e+07 3.2138 3.8428 2.1946  7.9406 3.7790 0.0000 0.9981 0.0000 0.0000 0.000 0.482  1.211 0.143 0.200 0.000 0.000 0.000 0.000 0.000 0.000 
 66 8.784630e+07 3.2110 3.8362 2.1710  7.9424 3.7841 0.0000 0.9981 0.0000 0.0000 0.000 0.482  1.216 0.143 0.199 0.000 0.000 0.000 0.000 0.000 0.000 
 67 8.784880e+07 3.2052 3.8223 2.1212  7.9459 3.7942 0.0000 0.9981 0.0000 0.0000 0.000 0.482  1.227 0.143 0.199 0.000 0.000 0.000 0.000 0.000 0.000 
 68 8.785114e+07 3.2020 3.8151 2.0956  7.9477 3.7992 0.0000 0.9981 0.0000 0.0000 0.000 0.482  1.234 0.144 0.198 0.000 0.000 0.000 0.000 0.000 0.000 
 69 8.785343e+07 3.1952 3.7999 2.0416  7.9513 3.8092 0.0000 0.9981 0.0000 0.0000 0.000 0.482  1.246 0.144 0.198 0.000 0.000 0.000 0.000 0.000 0.000 
 70 8.785560e+07 3.1915 3.7919 2.0133  7.9531 3.8142 0.0000 0.9981 0.0000 0.0000 0.000 0.482  1.253 0.145 0.198 0.000 0.000 0.000 0.000 0.000 0.000 
 71 8.785769e+07 3.1875 3.7836 1.9841  7.9549 3.8191 0.0000 0.9981 0.0000 0.0000 0.000 0.482  1.261 0.145 0.198 0.000 0.000 0.000 0.000 0.000 0.000 
 72 8.785972e+07 3.1834 3.7752 1.9546  7.9567 3.8241 0.0000 0.9981 0.0000 0.0000 0.000 0.482  1.271 0.145 0.198 0.000 0.000 0.000 0.000 0.000 0.000 
 73 8.786169e+07 3.1789 3.7665 1.9243  7.9585 3.8290 0.0000 0.9981 0.0000 0.0000 0.000 0.482  1.279 0.146 0.197 0.000 0.000 0.000 0.000 0.000 0.000 
 74 8.786380e+07 3.1690 3.7496 1.8666  7.9620 3.8389 0.0000 0.9981 0.0000 0.0000 0.000 0.482  1.300 0.147 0.197 0.000 0.000 0.000 0.000 0.000 0.000 
 75 8.786644e+07 3.1635 3.7428 1.8449  7.9638 3.8438 0.0000 0.9981 0.0000 0.0000 0.000 0.482  1.312 0.147 0.196 0.000 0.000 0.000 0.000 0.000 0.000 
 76 8.786970e+07 3.1511 3.7318 1.8133  7.9674 3.8536 0.0000 0.9981 0.0000 0.0000 0.000 0.482  1.339 0.147 0.195 0.000 0.000 0.000 0.000 0.000 0.000 
 77 8.787405e+07 3.1294 3.7207 1.7906  7.9727 3.8681 0.0000 0.9981 0.0000 0.0000 0.000 0.482  1.389 0.147 0.195 0.000 0.000 0.000 0.000 0.000 0.000 
 78 8.787933e+07 3.1063 3.7127 1.7817  7.9780 3.8826 0.0000 0.9981 0.0000 0.0000 0.000 0.482  1.442 0.148 0.194 0.000 0.000 0.000 0.000 0.000 0.000 
 79 8.788568e+07 3.0843 3.7033 1.7661  7.9852 3.9024 0.0000 0.9981 0.0000 0.0000 0.000 0.482  1.480 0.149 0.193 0.000 0.000 0.000 0.000 0.000 0.000 
 80 8.788620e+07 3.0843 3.7033 1.7661  7.9852 3.9024 0.0000 0.9981 0.0000 0.0000 0.000 0.482  1.480 0.149 0.193 0.000 0.000 0.000 0.000 0.000 0.000 brgb
 81 8.789228e+07 3.0955 3.6958 1.7249  7.9911 3.9183 0.0000 0.9981 0.0000 0.0000 0.000 0.482  1.416 0.150 0.192 0.000 0.000 0.000 0.000 0.000 0.000 
 82 8.789611e+07 3.1257 3.6898 1.6707  7.9955 3.9301 0.0000 0.9981 0.0000 0.0000 0.000 0.478  1.310 0.151 0.192 0.000 0.000 0.001 0.000 0.000 0.000 
 83 8.789953e+07 3.1737 3.6832 1.5963  8.0003 3.9433 0.0000 0.9981 0.0000 0.0000 0.000 0.475  1.173 0.152 0.191 0.000 0.000 0.003 0.000 0.000 0.000 
 84 8.790348e+07 3.1979 3.6803 1.5605  8.0028 3.9501 0.0000 0.9981 0.0000 0.0000 0.000 0.471  1.113 0.152 0.191 0.000 0.000 0.003 0.000 0.000 0.000 
 85 8.790896e+07 3.2379 3.6770 1.5073  8.0078 3.9637 0.0000 0.9981 0.0000 0.0000 0.000 0.467  1.029 0.153 0.190 0.000 0.000 0.004 0.000 0.000 0.000 
 86 8.791973e+07 3.2844 3.6720 1.4408  8.0194 3.9956 0.0000 0.9981 0.0000 0.0000 0.000 0.447  0.965 0.154 0.190 0.000 0.000 0.009 0.000 0.000 0.000 
 87 8.793943e+07 3.3268 3.6685 1.3844  8.0404 4.0501 0.0000 0.9980 0.0001 0.0000 0.000 0.397  0.948 0.158 0.189 0.000 0.000 0.016 0.000 0.000 0.000 
 88 8.796154e+07 3.3657 3.6651 1.3319  8.0699 4.0966 0.0000 0.9973 0.0008 0.0000 0.001 0.356  0.942 0.160 0.189 0.004 0.000 0.020 0.000 0.000 0.000 
 89 8.798714e+07 3.4035 3.6614 1.2793  8.1062 4.0878 0.0000 0.9961 0.0020 0.0000 0.024 0.332  0.927 0.163 0.189 0.067 0.000 0.018 0.000 0.000 0.000 
 90 8.803707e+07 3.4189 3.6599 1.2579  8.1125 3.9858 0.0000 0.9926 0.0054 0.0000 0.051 0.320  0.930 0.168 0.190 0.072 0.000 0.020 0.000 0.000 0.000 trgb
 91 8.871516e+07 3.3842 3.6647 1.3118  8.1206 3.8571 0.0000 0.9546 0.0429 0.0004 0.070 0.321  0.914 0.192 0.215 0.081 0.000 0.025 0.000 0.000 0.000 
 92 8.973316e+07 3.3488 3.6693 1.3656  8.1319 3.7861 0.0000 0.8890 0.1064 0.0023 0.080 0.321  0.870 0.211 0.236 0.127 0.000 0.029 0.000 0.000 0.000 
 93 9.124792e+07 3.3199 3.6761 1.4217  8.1463 3.7239 0.0000 0.7657 0.2216 0.0104 0.094 0.321  0.798 0.231 0.257 0.200 0.000 0.034 0.000 0.000 0.000 
 94 9.144602e+07 3.3195 3.6773 1.4269  8.1480 3.7180 0.0000 0.7482 0.2374 0.0121 0.096 0.321  0.789 0.233 0.259 0.208 0.000 0.035 0.000 0.000 0.000 lmincheb
 95 9.226090e+07 3.3350 3.6861 1.4466  8.1557 3.6978 0.0000 0.6724 0.3041 0.0213 0.102 0.321  0.758 0.241 0.269 0.235 0.000 0.037 0.000 0.000 0.000 
 96 9.249849e+07 3.3578 3.6947 1.4582  8.1581 3.6929 0.0000 0.6478 0.3250 0.0248 0.104 0.321  0.756 0.243 0.271 0.233 0.000 0.038 0.000 0.000 0.000 
 97 9.263604e+07 3.3747 3.7038 1.4777  8.1594 3.6905 0.0000 0.6337 0.3369 0.0270 0.104 0.321  0.758 0.244 0.273 0.230 0.000 0.038 0.000 0.000 0.000 
 98 9.275536e+07 3.3848 3.7117 1.4992  8.1604 3.6885 0.0000 0.6242 0.3449 0.0287 0.105 0.321  0.761 0.246 0.275 0.229 0.000 0.038 0.000 0.000 0.000 
 99 9.284270e+07 3.3930 3.7225 1.5342  8.1615 3.6867 0.0000 0.6137 0.3535 0.0304 0.106 0.321  0.763 0.246 0.276 0.229 0.000 0.039 0.000 0.000 0.000 
100 9.291842e+07 3.3973 3.7311 1.5643  8.1622 3.6854 0.0000 0.6068 0.3592 0.0316 0.106 0.321  0.763 0.247 0.277 0.229 0.000 0.039 0.000 0.000 0.000 
101 9.298919e+07 3.4012 3.7401 1.5964  8.1629 3.6839 0.0000 0.6007 0.3642 0.0328 0.107 0.321  0.763 0.248 0.278 0.230 0.000 0.040 0.000 0.000 0.000 
102 9.305519e+07 3.4065 3.7549 1.6503  8.1640 3.6821 0.0000 0.5904 0.3725 0.0347 0.108 0.321  0.763 0.249 0.279 0.232 0.000 0.040 0.000 0.000 0.000 
103 9.312489e+07 3.4096 3.7643 1.6848  8.1647 3.6809 0.0000 0.5836 0.3781 0.0360 0.108 0.321  0.762 0.249 0.280 0.233 0.000 0.040 0.000 0.000 0.000 
104 9.320005e+07 3.4125 3.7731 1.7171  8.1654 3.6797 0.0000 0.5768 0.3835 0.0373 0.109 0.321  0.761 0.250 0.281 0.234 0.000 0.041 0.000 0.000 0.000 
105 9.328036e+07 3.4167 3.7853 1.7617  8.1665 3.6778 0.0000 0.5673 0.3911 0.0393 0.110 0.321  0.759 0.251 0.282 0.237 0.000 0.041 0.000 0.000 0.000 
106 9.336981e+07 3.4192 3.7926 1.7884  8.1672 3.6766 0.0000 0.5606 0.3964 0.0407 0.110 0.321  0.758 0.252 0.283 0.238 0.000 0.041 0.000 0.000 0.000 
107 9.346740e+07 3.4239 3.8058 1.8365  8.1687 3.6743 0.0000 0.5477 0.4064 0.0436 0.111 0.321  0.755 0.253 0.285 0.242 0.000 0.041 0.000 0.000 0.000 
108 9.357361e+07 3.4270 3.8142 1.8670  8.1698 3.6733 0.0000 0.5374 0.4145 0.0458 0.111 0.321  0.752 0.254 0.285 0.244 0.000 0.042 0.000 0.000 0.000 
109 9.369407e+07 3.4308 3.8241 1.9028  8.1712 3.6715 0.0000 0.5247 0.4242 0.0487 0.112 0.321  0.750 0.255 0.287 0.248 0.000 0.042 0.000 0.000 0.000 
110 9.382323e+07 3.4354 3.8357 1.9446  8.1731 3.6694 0.0000 0.5085 0.4365 0.0527 0.113 0.321  0.745 0.256 0.289 0.252 0.000 0.043 0.000 0.000 0.000 
111 9.396266e+07 3.4398 3.8461 1.9818  8.1749 3.6675 0.0000 0.4924 0.4484 0.0569 0.114 0.321  0.741 0.258 0.290 0.257 0.000 0.044 0.000 0.000 0.000 
112 9.411083e+07 3.4438 3.8556 2.0158  8.1768 3.6657 0.0000 0.4766 0.4598 0.0613 0.115 0.321  0.736 0.259 0.292 0.262 0.000 0.045 0.000 0.000 0.000 
113 9.426672e+07 3.4485 3.8664 2.0543  8.1791 3.6637 0.0000 0.4579 0.4730 0.0668 0.117 0.321  0.730 0.261 0.294 0.268 0.000 0.046 0.000 0.000 0.000 
114 9.443394e+07 3.4530 3.8764 2.0898  8.1814 3.6618 0.0000 0.4395 0.4855 0.0726 0.118 0.321  0.724 0.262 0.296 0.274 0.000 0.047 0.000 0.000 0.000 
115 9.461418e+07 3.4578 3.8870 2.1274  8.1841 3.6599 0.0000 0.4185 0.4993 0.0798 0.120 0.321  0.717 0.265 0.298 0.281 0.000 0.047 0.000 0.000 0.000 
116 9.481432e+07 3.4629 3.8973 2.1635  8.1873 3.6585 0.0000 0.3949 0.5143 0.0885 0.122 0.321  0.709 0.266 0.300 0.289 0.000 0.051 0.000 0.000 0.000 
117 9.503424e+07 3.4682 3.9076 2.1994  8.1908 3.6574 0.0000 0.3692 0.5295 0.0989 0.123 0.321  0.700 0.268 0.303 0.299 0.000 0.053 0.000 0.000 0.000 
118 9.528632e+07 3.4736 3.9172 2.2324  8.1947 3.6566 0.0000 0.3431 0.5435 0.1111 0.126 0.321  0.690 0.270 0.306 0.309 0.000 0.053 0.000 0.000 0.000 
119 9.558484e+07 3.4803 3.9279 2.2685  8.1997 3.6557 0.0000 0.3119 0.5573 0.1284 0.129 0.321  0.677 0.274 0.309 0.322 0.000 0.053 0.000 0.000 0.000 
120 9.600131e+07 3.4887 3.9382 2.3013  8.2072 3.6573 0.0000 0.2679 0.5734 0.1563 0.133 0.321  0.658 0.277 0.313 0.342 0.000 0.057 0.000 0.000 0.000 
121 9.684497e+07 3.5036 3.9456 2.3160  8.2251 3.6719 0.0000 0.1820 0.5854 0.2301 0.137 0.321  0.618 0.285 0.320 0.383 0.000 0.062 0.000 0.000 0.000 tmaxcheb
122 9.759844e+07 3.5159 3.9366 2.2677  8.2471 3.7062 0.0000 0.1070 0.5596 0.3308 0.139 0.321  0.578 0.291 0.323 0.422 0.000 0.068 0.000 0.000 0.000 
123 9.786199e+07 3.5195 3.9272 2.2265  8.2570 3.7270 0.0000 0.0821 0.5396 0.3756 0.142 0.321  0.565 0.293 0.324 0.436 0.000 0.070 0.000 0.000 0.000 
124 9.805080e+07 3.5222 3.9176 2.1854  8.2652 3.7450 0.0000 0.0656 0.5187 0.4131 0.142 0.321  0.555 0.295 0.325 0.446 0.000 0.073 0.000 0.000 0.000 
125 9.818678e+07 3.5240 3.9064 2.1388  8.2730 3.7636 0.0000 0.0522 0.4974 0.4478 0.142 0.322  0.547 0.296 0.326 0.454 0.000 0.074 0.000 0.000 0.000 
126 9.827842e+07 3.5246 3.8960 2.0966  8.2795 3.7805 0.0000 0.0425 0.4823 0.4726 0.142 0.323  0.543 0.297 0.326 0.458 0.000 0.076 0.000 0.000 0.000 
127 9.833793e+07 3.5247 3.8868 2.0597  8.2841 3.7931 0.0000 0.0366 0.4728 0.4880 0.142 0.323  0.540 0.297 0.326 0.461 0.000 0.076 0.000 0.001 0.000 
128 9.836537e+07 3.5247 3.8821 2.0409  8.2863 3.7993 0.0000 0.0339 0.4682 0.4953 0.142 0.323  0.538 0.298 0.326 0.462 0.000 0.076 0.000 0.001 0.000 lmaxcheb
129 9.841011e+07 3.5244 3.8695 1.9908  8.2918 3.8146 0.0000 0.0280 0.4572 0.5121 0.142 0.323  0.536 0.298 0.326 0.466 0.000 0.077 0.000 0.001 0.000 
130 9.844820e+07 3.5242 3.8616 1.9594  8.2949 3.8237 0.0000 0.0250 0.4510 0.5213 0.142 0.324  0.534 0.299 0.326 0.467 0.000 0.078 0.000 0.001 0.000 
131 9.848020e+07 3.5236 3.8507 1.9164  8.2990 3.8356 0.0000 0.0215 0.4433 0.5326 0.142 0.324  0.532 0.299 0.326 0.469 0.000 0.078 0.000 0.001 0.000 
132 9.850749e+07 3.5227 3.8392 1.8713  8.3031 3.8473 0.0000 0.0184 0.4363 0.5426 0.141 0.324  0.531 0.299 0.326 0.470 0.000 0.079 0.000 0.001 0.000 
133 9.853097e+07 3.5219 3.8302 1.8361  8.3060 3.8560 0.0000 0.0164 0.4314 0.5495 0.140 0.324  0.530 0.299 0.325 0.471 0.000 0.079 0.000 0.001 0.000 
134 9.855121e+07 3.5210 3.8210 1.8002  8.3089 3.8645 0.0000 0.0147 0.4270 0.5557 0.139 0.324  0.529 0.299 0.325 0.472 0.000 0.079 0.000 0.001 0.000 
135 9.856814e+07 3.5198 3.8113 1.7626  8.3117 3.8730 0.0000 0.0131 0.4229 0.5614 0.138 0.324  0.529 0.299 0.325 0.473 0.000 0.080 0.000 0.001 0.000 
136 9.858357e+07 3.5181 3.7981 1.7115  8.3154 3.8843 0.0000 0.0112 0.4179 0.5682 0.135 0.324  0.528 0.300 0.325 0.474 0.000 0.080 0.000 0.001 0.000 
137 9.859683e+07 3.5165 3.7882 1.6735  8.3181 3.8926 0.0000 0.0100 0.4146 0.5727 0.135 0.324  0.528 0.300 0.325 0.474 0.000 0.080 0.000 0.001 0.000 
138 9.860828e+07 3.5153 3.7809 1.6455  8.3200 3.8985 0.0000 0.0092 0.4125 0.5757 0.133 0.324  0.528 0.300 0.324 0.474 0.000 0.080 0.000 0.001 0.000 
139 9.861780e+07 3.5135 3.7705 1.6057  8.3225 3.9062 0.0000 0.0083 0.4098 0.5793 0.133 0.324  0.529 0.300 0.324 0.474 0.000 0.081 0.000 0.001 0.000 
140 9.862650e+07 3.5123 3.7643 1.5821  8.3240 3.9110 0.0000 0.0077 0.4083 0.5813 0.132 0.324  0.529 0.300 0.324 0.474 0.000 0.081 0.000 0.001 0.000 
141 9.863460e+07 3.5088 3.7478 1.5196  8.3280 3.9233 0.0000 0.0065 0.4048 0.5860 0.131 0.324  0.529 0.300 0.324 0.475 0.000 0.081 0.000 0.001 0.000 
142 9.864225e+07 3.5065 3.7385 1.4847  8.3302 3.9303 0.0000 0.0059 0.4030 0.5885 0.130 0.324  0.530 0.300 0.324 0.474 0.000 0.081 0.000 0.001 0.000 
143 9.865051e+07 3.5040 3.7303 1.4544  8.3324 3.9374 0.0000 0.0053 0.4014 0.5907 0.129 0.324  0.531 0.300 0.324 0.474 0.000 0.081 0.000 0.001 0.000 
144 9.865923e+07 3.4982 3.7176 1.4094  8.3367 3.9514 0.0000 0.0043 0.3985 0.5945 0.127 0.324  0.533 0.300 0.323 0.473 0.000 0.081 0.000 0.001 0.000 
145 9.866935e+07 3.4914 3.7083 1.3790  8.3409 3.9651 0.0000 0.0035 0.3962 0.5977 0.124 0.324  0.536 0.301 0.323 0.471 0.000 0.082 0.000 0.001 0.000 
146 9.868151e+07 3.4759 3.6976 1.3517  8.3489 3.9916 0.0000 0.0024 0.3927 0.6023 0.119 0.324  0.545 0.301 0.322 0.462 0.000 0.082 0.000 0.002 0.000 
147 9.869344e+07 3.4539 3.6883 1.3365  8.3598 4.0288 0.0000 0.0013 0.3895 0.6066 0.111 0.324  0.559 0.301 0.322 0.429 0.000 0.082 0.000 0.002 0.000 
148 9.870413e+07 3.4307 3.6801 1.3269  8.3745 4.0817 0.0000 0.0005 0.3871 0.6098 0.095 0.324  0.580 0.301 0.321 0.327 0.151 0.159 0.000 0.003 0.000 
149 9.870980e+07 3.4245 3.6755 1.3147  8.3876 4.1331 0.0000 0.0001 0.3860 0.6112 0.068 0.324  0.592 0.301 0.320 0.165 0.142 0.171 0.000 0.003 0.000 lmin1cheb
150 9.871779e+07 3.4414 3.6690 1.2718  8.4070 4.2460 0.0000 0.0000 0.3856 0.6117 0.000 0.324  0.574 0.301 0.319 0.050 0.025 0.189 0.000 0.005 0.000 
151 9.872239e+07 3.4740 3.6638 1.2184  8.4170 4.3091 0.0000 0.0000 0.3856 0.6117 0.000 0.324  0.524 0.301 0.318 0.151 0.036 0.189 0.000 0.005 0.000 
152 9.872683e+07 3.5071 3.6596 1.1685  8.4223 4.3537 0.0000 0.0000 0.3856 0.6117 0.000 0.324  0.464 0.301 0.318 0.376 0.051 0.189 0.000 0.005 0.000 
153 9.873416e+07 3.5385 3.6565 1.1247  8.4171 4.4027 0.0000 0.0000 0.3856 0.6117 0.000 0.324  0.329 0.301 0.318 0.735 0.073 0.189 0.000 0.005 0.000 lmaxeagb
154 9.875161e+07 3.5065 3.6611 1.1751  8.4149 4.4944 0.0000 0.0000 0.3856 0.6117 0.000 0.324  0.165 0.302 0.319 0.813 0.086 0.189 0.000 0.005 0.000 
155 9.877034e+07 3.4918 3.6619 1.1930  8.4182 4.6036 0.0000 0.0000 0.3856 0.6117 0.000 0.324  0.034 0.302 0.319 1.010 0.091 0.189 0.000 0.005 0.000 lmineagb
156 9.878908e+07 3.5264 3.6568 1.1380  8.4239 4.6860 0.0000 0.0000 0.3856 0.6117 0.000 0.324  0.005 0.301 0.317 1.034 0.091 0.189 0.000 0.005 0.000 
157 9.880289e+07 3.5456 3.6544 1.1092  8.4264 4.7149 0.0000 0.0000 0.3856 0.6117 0.000 0.324  0.003 0.301 0.317 1.025 0.091 0.188 0.000 0.005 0.000 
158 9.881950e+07 3.6005 3.6487 1.0315  8.4352 4.8018 0.0000 0.0000 0.3856 0.6117 0.000 0.324  0.000 0.302 0.314 0.998 0.093 0.189 0.000 0.005 0.000 
159 9.884056e+07 3.6314 3.6457 0.9886  8.4419 4.8600 0.0000 0.0000 0.3856 0.6117 0.000 0.324  0.000 0.302 0.312 0.989 0.093 0.189 0.000 0.005 0.000 
160 9.886646e+07 3.6729 3.6422 0.9331  8.4530 4.9476 0.0000 0.0000 0.3856 0.6117 0.000 0.324  0.000 0.303 0.310 0.982 0.098 0.191 0.000 0.006 0.000 
161 9.889593e+07 3.7103 3.6380 0.8789  8.4649 5.0356 0.0000 0.0000 0.3856 0.6117 0.000 0.324  0.000 0.304 0.308 0.978 0.103 0.191 0.000 0.007 0.000 
162 9.892959e+07 3.7458 3.6344 0.8290  8.4777 5.1243 0.0000 0.0000 0.3856 0.6117 0.000 0.324  0.000 0.000 0.000 0.976 0.109 0.192 0.000 0.008 0.000 
163 9.896342e+07 3.7917 3.6305 0.7675  8.4935 5.2443 0.0000 0.0000 0.3856 0.6117 0.000 0.324  0.000 0.000 0.000 0.972 0.119 0.192 0.000 0.011 0.000 
164 9.899461e+07 3.8271 3.6275 0.7201  8.5066 5.3355 0.0000 0.0000 0.3856 0.6117 0.000 0.324  0.000 0.000 0.000 0.970 0.127 0.193 0.000 0.015 0.000 
165 9.902240e+07 3.8639 3.6240 0.6693  8.5206 5.4284 0.0000 0.0000 0.3856 0.6117 0.000 0.324  0.000 0.000 0.000 0.965 0.135 0.193 0.000 0.020 0.000 
166 9.904610e+07 3.9061 3.6208 0.6143  8.5366 5.5327 0.0000 0.0000 0.3856 0.6117 0.000 0.324  0.000 0.000 0.000 0.956 0.142 0.194 0.000 0.027 0.000 
167 9.906751e+07 3.9458 3.6173 0.5606  8.5510 5.6312 0.0000 0.0000 0.3856 0.6117 0.000 0.324  0.000 0.000 0.000 0.949 0.148 0.195 0.000 0.036 0.000 
168 9.908681e+07 3.9844 3.6137 0.5076  8.5638 5.7320 0.0000 0.0000 0.3856 0.6117 0.000 0.321  0.000 0.000 0.000 0.943 0.157 0.196 0.000 0.048 0.000 
169 9.910529e+07 4.0182 3.6108 0.4622  8.5730 5.8282 0.0000 0.0000 0.3856 0.6117 0.000 0.318  0.000 0.000 0.000 0.942 0.163 0.197 0.000 0.063 0.000 
170 9.912257e+07 4.0590 3.6072 0.4070  8.5800 5.9552 0.0000 0.0000 0.3856 0.6117 0.000 0.315  0.000 0.000 0.000 0.940 0.170 0.197 0.000 0.087 0.012 
171 9.913848e+07 4.0953 3.6037 0.3567  8.5776 6.0805 0.0000 0.0000 0.3856 0.6117 0.000 0.312  0.000 0.000 0.000 0.936 0.175 0.198 0.000 0.117 0.029 
172 9.915486e+07 4.1338 3.6012 0.3082  8.5571 6.2601 0.0000 0.0000 0.3856 0.6117 0.000 0.290  0.000 0.000 0.000 0.921 0.183 0.199 0.000 0.180 0.054 
173 9.916595e+07 4.1719 3.5991 0.2617  8.5280 6.3926 0.0000 0.0000 0.3856 0.6117 0.000 0.263  0.000 0.000 0.000 0.905 0.187 0.200 0.000 0.232 0.073 
174 9.917252e+07 4.2034 3.5977 0.2246  8.5001 6.4831 0.0000 0.0000 0.3856 0.6117 0.000 0.233  0.000 0.000 0.000 0.881 0.190 0.201 0.000 0.266 0.086 
175 9.917852e+07 4.2394 3.5936 0.1722  8.4685 6.5667 0.0000 0.0000 0.3856 0.6117 0.000 0.226  0.000 0.000 0.000 0.874 0.193 0.202 0.000 0.289 0.098 
176 9.918468e+07 4.2780 3.5908 0.1224  8.4288 6.6592 0.0000 0.0000 0.3856 0.6117 0.000 0.218  0.000 0.000 0.000 0.862 0.196 0.203 0.001 0.311 0.111 
177 9.918990e+07 4.3170 3.5877 0.0710  8.3919 6.7397 0.0000 0.0000 0.3856 0.6117 0.000 0.216  0.000 0.000 0.000 0.867 0.198 0.204 0.001 0.316 0.123 
178 9.919552e+07 4.3534 3.5846 0.0222  8.3510 6.8283 0.0000 0.0000 0.3856 0.6117 0.000 0.212  0.000 0.000 0.000 0.850 0.200 0.205 0.001 0.316 0.133 
179 9.920082e+07 4.3925 3.5810 -0.0313  8.3158 6.9119 0.0000 0.0000 0.3856 0.6117 0.000 0.211  0.000 0.000 0.000 0.861 0.203 0.206 0.002 0.299 0.144 
180 9.920844e+07 4.3940 3.5810 -0.0328  8.2725 7.0241 0.0000 0.0000 0.3856 0.6117 0.000 0.209  0.000 0.209 0.209 0.824 0.206 0.208 0.002 0.289 0.158 
181 9.920919e+07 4.3571 3.5845 0.0181  8.2690 7.0342 0.0000 0.0000 0.3856 0.6117 0.000 0.209  0.000 0.209 0.209 0.809 0.206 0.208 0.002 0.313 0.159 
182 9.921017e+07 4.3186 3.5881 0.0710  8.2639 7.0481 0.0000 0.0000 0.3856 0.6117 0.000 0.209  0.000 0.209 0.209 0.802 0.206 0.209 0.002 0.338 0.160 
183 9.921085e+07 4.2832 3.5910 0.1180  8.2608 7.0567 0.0000 0.0000 0.3856 0.6117 0.000 0.209  0.000 0.209 0.209 0.786 0.207 0.209 0.002 0.364 0.161 
184 9.921179e+07 4.2463 3.5943 0.1681  8.2560 7.0697 0.0000 0.0000 0.3856 0.6117 0.000 0.209  0.139 0.209 0.209 0.643 0.207 0.209 0.003 0.390 0.162 
185 9.921255e+07 4.2843 3.5907 0.1157  8.2524 7.0796 0.0000 0.0000 0.3856 0.6117 0.000 0.209  0.407 0.209 0.209 0.408 0.207 0.209 0.002 0.353 0.162 
186 9.921411e+07 4.3240 3.5874 0.0628  8.2446 7.0990 0.0000 0.0000 0.3856 0.6117 0.000 0.209  0.629 0.209 0.209 0.243 0.207 0.209 0.002 0.310 0.165 
187 9.921497e+07 4.3337 3.5865 0.0495  8.2403 7.1088 0.0000 0.0000 0.3856 0.6117 0.000 0.209  0.650 0.209 0.209 0.236 0.207 0.209 0.002 0.294 0.166 1sttp
