#n   age/yr      logL   logTef grav    logTc  logrho Xc     Yc     Xc_C   Xc_O   Q_conv Q_disc L_H/L Q1_H Q2_H L_He/L Q1_He Q2_He L_C/L L_nu/L Q_Tmax phase
#(1) (2)         (3)    (4)    (5)     (6)    (7)    (8)    (9)    (10)   (11)   (12)   (13)   (14) (15)  (16) (17)   (18)  (19)  (20)  (21)   (22)   (23) 
  1 0.000000e+00 0.9749 3.9278 4.3244  7.3110 1.8922 0.6407 0.3418 0.0000 0.0081 0.211 0.214  1.000 0.000 0.486 0.000 0.000 0.000 0.000 0.000 0.000 bms
  2 2.432914e+08 1.0087 3.9238 4.2746  7.3202 1.9011 0.5788 0.4037 0.0000 0.0064 0.206 0.558  1.001 0.000 0.516 0.000 0.000 0.000 0.000 0.000 0.000 
  3 4.386726e+08 1.0367 3.9162 4.2162  7.3261 1.9037 0.5197 0.4630 0.0000 0.0050 0.200 0.615  1.001 0.000 0.486 0.000 0.000 0.000 0.000 0.000 0.000 
  4 5.999054e+08 1.0584 3.9084 4.1633  7.3309 1.9054 0.4696 0.5132 0.0000 0.0041 0.198 0.643  1.001 0.000 0.471 0.000 0.000 0.000 0.000 0.000 0.000 
  5 7.374875e+08 1.0816 3.8990 4.1025  7.3365 1.9106 0.4158 0.5672 0.0000 0.0033 0.189 0.662  1.001 0.000 0.446 0.000 0.000 0.000 0.000 0.000 0.000 
  6 8.526107e+08 1.0984 3.8907 4.0525  7.3412 1.9165 0.3735 0.6095 0.0001 0.0028 0.181 0.672  1.001 0.000 0.426 0.000 0.000 0.000 0.000 0.000 0.000 
  7 9.501093e+08 1.1156 3.8802 3.9933  7.3469 1.9259 0.3255 0.6576 0.0001 0.0024 0.171 0.672  1.002 0.000 0.414 0.000 0.000 0.000 0.000 0.000 0.000 
  8 1.033129e+09 1.1275 3.8712 3.9454  7.3517 1.9346 0.2881 0.6951 0.0001 0.0021 0.164 0.681  1.002 0.000 0.389 0.000 0.000 0.000 0.000 0.000 0.000 
  9 1.104399e+09 1.1387 3.8605 3.8914  7.3572 1.9466 0.2473 0.7359 0.0001 0.0018 0.155 0.681  1.002 0.000 0.363 0.000 0.000 0.000 0.000 0.000 0.000 
 10 1.166323e+09 1.1470 3.8506 3.8435  7.3624 1.9591 0.2124 0.7709 0.0001 0.0016 0.147 0.681  1.002 0.000 0.335 0.000 0.000 0.000 0.000 0.000 0.000 
 11 1.222116e+09 1.1533 3.8410 3.7988  7.3676 1.9730 0.1797 0.8037 0.0001 0.0015 0.140 0.681  1.002 0.000 0.308 0.000 0.000 0.000 0.000 0.000 0.000 
 12 1.274961e+09 1.1590 3.8304 3.7507  7.3743 1.9919 0.1431 0.8403 0.0001 0.0013 0.131 0.681  1.002 0.000 0.283 0.000 0.000 0.000 0.000 0.000 0.000 
 13 1.330503e+09 1.1641 3.8201 3.7044  7.3835 2.0195 0.1024 0.8810 0.0001 0.0012 0.121 0.681  1.002 0.123 0.258 0.000 0.000 0.000 0.000 0.000 0.000 
 14 1.394590e+09 1.1725 3.8102 3.6564  7.4010 2.0726 0.0516 0.9319 0.0001 0.0010 0.110 0.681  1.001 0.121 0.235 0.000 0.000 0.000 0.000 0.000 0.000 
 15 1.420772e+09 1.1838 3.8086 3.6387  7.4163 2.1180 0.0276 0.9559 0.0001 0.0009 0.103 0.681  0.999 0.110 0.235 0.000 0.000 0.000 0.000 0.000 0.000 tminms
 16 1.440105e+09 1.2137 3.8150 3.6344  7.4434 2.1965 0.0088 0.9747 0.0001 0.0009 0.098 0.681  0.989 0.000 0.258 0.000 0.000 0.000 0.000 0.000 0.000 
 17 1.444388e+09 1.2352 3.8226 3.6433  7.4593 2.2441 0.0044 0.9790 0.0001 0.0009 0.095 0.681  0.974 0.000 0.290 0.000 0.000 0.000 0.000 0.000 0.000 
 18 1.446133e+09 1.2575 3.8320 3.6586  7.4740 2.2915 0.0023 0.9812 0.0001 0.0009 0.091 0.681  0.949 0.000 0.342 0.000 0.000 0.000 0.000 0.000 0.000 
 19 1.447033e+09 1.2763 3.8399 3.6714  7.4851 2.3314 0.0013 0.9821 0.0001 0.0009 0.087 0.681  0.918 0.000 0.382 0.000 0.000 0.000 0.000 0.000 0.000 
 20 1.447568e+09 1.2954 3.8477 3.6835  7.4957 2.3758 0.0008 0.9827 0.0001 0.0009 0.081 0.681  0.877 0.000 0.420 0.000 0.000 0.000 0.000 0.000 0.000 
 21 1.447939e+09 1.3232 3.8579 3.6965  7.5100 2.4618 0.0003 0.9832 0.0001 0.0009 0.065 0.681  0.802 0.000 0.471 0.000 0.000 0.000 0.000 0.000 0.000 
 22 1.448270e+09 1.3349 3.8632 3.7060  7.5004 2.6504 0.0000 0.9834 0.0001 0.0009 0.000 0.681  0.975 0.000 0.494 0.000 0.000 0.000 0.000 0.000 0.000 tmaxlms
 23 1.448456e+09 1.3054 3.8567 3.7095  7.4702 2.7675 0.0000 0.9835 0.0001 0.0009 0.000 0.681  1.179 0.000 0.478 0.000 0.000 0.000 0.000 0.000 0.000 
 24 1.448599e+09 1.2836 3.8489 3.7001  7.4617 2.8233 0.0000 0.9835 0.0001 0.0009 0.000 0.681  1.192 0.002 0.471 0.000 0.000 0.000 0.000 0.000 0.000 
 25 1.448688e+09 1.2783 3.8432 3.6826  7.4580 2.8599 0.0000 0.9835 0.0001 0.0009 0.000 0.681  1.192 0.005 0.462 0.000 0.000 0.000 0.000 0.000 0.000 lminsgb
 26 1.448926e+09 1.2895 3.8339 3.6342  7.4527 2.9244 0.0000 0.9835 0.0001 0.0009 0.000 0.681  1.160 0.010 0.438 0.000 0.000 0.000 0.000 0.000 0.000 
 27 1.449276e+09 1.3048 3.8240 3.5793  7.4468 2.9982 0.0000 0.9835 0.0001 0.0009 0.000 0.681  1.109 0.017 0.407 0.000 0.000 0.000 0.000 0.000 0.000 
 28 1.449821e+09 1.3122 3.8143 3.5331  7.4418 3.0745 0.0000 0.9835 0.0001 0.0009 0.000 0.681  1.077 0.024 0.356 0.000 0.000 0.000 0.000 0.000 0.000 
 29 1.450421e+09 1.3140 3.8074 3.5037  7.4389 3.1352 0.0000 0.9835 0.0001 0.0009 0.000 0.681  1.060 0.032 0.320 0.000 0.000 0.000 0.000 0.000 0.000 lmaxsgb
 30 1.451735e+09 1.3112 3.7967 3.4637  7.4370 3.2418 0.0000 0.9835 0.0001 0.0009 0.000 0.681  1.042 0.043 0.296 0.000 0.000 0.000 0.000 0.000 0.000 
 31 1.453580e+09 1.3017 3.7865 3.4324  7.4413 3.3516 0.0000 0.9835 0.0001 0.0009 0.000 0.681  1.036 0.055 0.283 0.000 0.000 0.000 0.000 0.000 0.000 
 32 1.455575e+09 1.2898 3.7787 3.4131  7.4495 3.4337 0.0000 0.9835 0.0001 0.0009 0.000 0.681  1.037 0.061 0.264 0.000 0.000 0.000 0.000 0.000 0.000 
 33 1.457503e+09 1.2713 3.7701 3.3972  7.4630 3.5229 0.0000 0.9835 0.0001 0.0009 0.000 0.681  1.042 0.071 0.249 0.000 0.000 0.000 0.000 0.000 0.000 
 34 1.459195e+09 1.2446 3.7616 3.3899  7.4810 3.6136 0.0000 0.9835 0.0001 0.0009 0.000 0.681  1.053 0.079 0.233 0.000 0.000 0.000 0.000 0.000 0.000 
 35 1.460579e+09 1.2213 3.7554 3.3884  7.4951 3.6746 0.0000 0.9835 0.0001 0.0009 0.000 0.681  1.064 0.083 0.220 0.000 0.000 0.000 0.000 0.000 0.000 
 36 1.461816e+09 1.1936 3.7489 3.3901  7.5106 3.7356 0.0000 0.9835 0.0001 0.0009 0.000 0.681  1.076 0.086 0.208 0.000 0.000 0.000 0.000 0.000 0.000 
 37 1.462942e+09 1.1629 3.7428 3.3964  7.5270 3.7965 0.0000 0.9835 0.0001 0.0009 0.000 0.681  1.090 0.090 0.192 0.000 0.000 0.000 0.000 0.000 0.000 
 38 1.464144e+09 1.1179 3.7334 3.4038  7.5523 3.8871 0.0000 0.9835 0.0001 0.0009 0.000 0.681  1.105 0.094 0.177 0.000 0.000 0.000 0.000 0.000 0.000 
 39 1.465609e+09 1.0951 3.7275 3.4030  7.5693 3.9470 0.0000 0.9835 0.0001 0.0009 0.000 0.681  1.104 0.097 0.170 0.000 0.000 0.000 0.000 0.000 0.000 
 40 1.466808e+09 1.0832 3.7223 3.3941  7.5859 4.0063 0.0000 0.9835 0.0001 0.0009 0.000 0.676  1.095 0.099 0.164 0.000 0.000 0.000 0.000 0.000 0.000 brgb
 41 1.468867e+09 1.0974 3.7124 3.3403  7.6172 4.1237 0.0000 0.9835 0.0001 0.0009 0.000 0.624  1.058 0.106 0.155 0.000 0.000 0.000 0.000 0.000 0.000 
 42 1.469574e+09 1.1088 3.7103 3.3205  7.6246 4.1529 0.0000 0.9835 0.0001 0.0009 0.000 0.592  1.048 0.107 0.154 0.000 0.000 0.000 0.000 0.000 0.000 brgbs
 43 1.471076e+09 1.1384 3.7067 3.2765  7.6390 4.2113 0.0000 0.9835 0.0001 0.0009 0.000 0.509  1.031 0.111 0.152 0.000 0.000 0.000 0.000 0.000 0.000 
 44 1.472418e+09 1.1760 3.7036 3.2265  7.6528 4.2696 0.0000 0.9835 0.0001 0.0009 0.000 0.432  1.018 0.114 0.149 0.000 0.000 0.000 0.000 0.000 0.000 
 45 1.473715e+09 1.2188 3.7004 3.1709  7.6663 4.3278 0.0000 0.9835 0.0001 0.0009 0.000 0.376  1.009 0.117 0.148 0.000 0.000 0.000 0.000 0.000 0.000 
 46 1.474968e+09 1.2657 3.6968 3.1096  7.6795 4.3862 0.0000 0.9835 0.0001 0.0009 0.000 0.320  1.003 0.121 0.147 0.000 0.000 0.000 0.000 0.000 0.000 
 47 1.476207e+09 1.2909 3.6952 3.0780  7.6860 4.4154 0.0000 0.9835 0.0001 0.0009 0.000 0.299  1.000 0.122 0.147 0.000 0.000 0.000 0.000 0.000 0.000 
 48 1.477429e+09 1.3441 3.6919 3.0116  7.6989 4.4738 0.0000 0.9835 0.0001 0.0009 0.000 0.261  0.997 0.126 0.147 0.000 0.000 0.000 0.000 0.000 0.000 
 49 1.478638e+09 1.3702 3.6903 2.9791  7.7048 4.5009 0.0000 0.9835 0.0001 0.0009 0.000 0.249  0.995 0.127 0.147 0.000 0.000 0.000 0.000 0.000 0.000 
 50 1.479849e+09 1.4189 3.6869 2.9168  7.7155 4.5501 0.0000 0.9835 0.0001 0.0009 0.000 0.233  0.994 0.130 0.147 0.000 0.000 0.000 0.000 0.000 0.000 
 51 1.481051e+09 1.4587 3.6846 2.8678  7.7237 4.5884 0.0000 0.9835 0.0001 0.0009 0.000 0.218  0.992 0.132 0.148 0.000 0.000 0.000 0.000 0.000 0.000 
 52 1.482251e+09 1.4955 3.6826 2.8230  7.7309 4.6224 0.0000 0.9835 0.0001 0.0009 0.000 0.211  0.991 0.134 0.149 0.000 0.000 0.000 0.000 0.000 0.000 
 53 1.483465e+09 1.5442 3.6798 2.7631  7.7402 4.6667 0.0000 0.9835 0.0001 0.0009 0.000 0.204  0.991 0.137 0.150 0.000 0.000 0.000 0.000 0.000 0.000 
 54 1.484681e+09 1.5840 3.6774 2.7137  7.7477 4.7020 0.0000 0.9835 0.0001 0.0009 0.000 0.198  0.990 0.139 0.151 0.000 0.000 0.000 0.000 0.000 0.000 
 55 1.485896e+09 1.6279 3.6746 2.6586  7.7558 4.7406 0.0000 0.9835 0.0001 0.0009 0.000 0.193  0.990 0.142 0.152 0.000 0.000 0.000 0.000 0.000 0.000 
 56 1.487097e+09 1.6684 3.6721 2.6081  7.7630 4.7749 0.0000 0.9835 0.0001 0.0009 0.000 0.189  0.989 0.144 0.153 0.000 0.000 0.000 0.000 0.000 0.000 
 57 1.488297e+09 1.7032 3.6697 2.5637  7.7692 4.8045 0.0000 0.9835 0.0001 0.0009 0.000 0.186  0.989 0.145 0.154 0.000 0.000 0.000 0.000 0.000 0.000 
 58 1.489452e+09 1.7491 3.6666 2.5054  7.7769 4.8409 0.0000 0.9835 0.0001 0.0009 0.000 0.184  0.989 0.148 0.156 0.000 0.000 0.000 0.000 0.000 0.000 
 59 1.490605e+09 1.7831 3.6644 2.4626  7.7825 4.8678 0.0000 0.9835 0.0001 0.0009 0.000 0.183  0.989 0.150 0.157 0.000 0.000 0.000 0.000 0.000 0.000 
 60 1.491745e+09 1.8268 3.6613 2.4065  7.7897 4.9018 0.0000 0.9835 0.0001 0.0009 0.000 0.182  0.989 0.152 0.159 0.000 0.000 0.000 0.000 0.000 0.000 
 61 1.492859e+09 1.8638 3.6587 2.3591  7.7956 4.9299 0.0000 0.9835 0.0001 0.0009 0.000 0.182  0.989 0.155 0.161 0.000 0.000 0.000 0.000 0.000 0.000 
 62 1.493921e+09 1.9033 3.6558 2.3080  7.8016 4.9586 0.0000 0.9835 0.0001 0.0009 0.000 0.182  0.990 0.157 0.163 0.000 0.000 0.000 0.000 0.000 0.000 
 63 1.494984e+09 1.9435 3.6528 2.2558  7.8077 4.9876 0.0000 0.9835 0.0001 0.0009 0.000 0.182  0.990 0.159 0.165 0.000 0.000 0.000 0.000 0.000 0.000 
 64 1.496055e+09 1.9846 3.6499 2.2031  7.8140 5.0178 0.0000 0.9835 0.0001 0.0009 0.000 0.182  0.990 0.162 0.167 0.000 0.000 0.000 0.000 0.000 0.000 
 65 1.497120e+09 2.0229 3.6472 2.1540  7.8200 5.0458 0.0000 0.9835 0.0001 0.0009 0.000 0.182  0.990 0.165 0.169 0.000 0.000 0.000 0.000 0.000 0.000 
 66 1.498249e+09 2.0638 3.6441 2.1007  7.8268 5.0780 0.0000 0.9835 0.0001 0.0009 0.000 0.182  0.990 0.168 0.172 0.000 0.000 0.000 0.000 0.000 0.000 
 67 1.499927e+09 2.1040 3.6414 2.0497  7.8365 5.1250 0.0000 0.9835 0.0001 0.0009 0.000 0.182  0.989 0.172 0.176 0.000 0.000 0.000 0.000 0.000 0.000 
 68 1.500461e+09 2.1063 3.6412 2.0466  7.8392 5.1387 0.0000 0.9835 0.0001 0.0009 0.000 0.182  0.988 0.173 0.177 0.000 0.000 0.000 0.000 0.000 0.000 rgbbb
 69 1.501649e+09 2.0699 3.6439 2.0938  7.8456 5.1713 0.0000 0.9835 0.0001 0.0009 0.000 0.182  0.985 0.176 0.179 0.000 0.000 0.000 0.000 0.000 0.000 
 70 1.502125e+09 2.0302 3.6470 2.1459  7.8480 5.1845 0.0000 0.9835 0.0001 0.0009 0.000 0.182  0.983 0.178 0.180 0.000 0.000 0.000 0.000 0.000 0.000 
 71 1.502509e+09 1.9903 3.6498 2.1970  7.8496 5.1946 0.0000 0.9835 0.0001 0.0009 0.000 0.182  0.981 0.178 0.181 0.000 0.000 0.000 0.000 0.000 0.000 
 72 1.502866e+09 1.9520 3.6527 2.2469  7.8508 5.2032 0.0000 0.9835 0.0001 0.0009 0.000 0.182  0.979 0.182 0.182 0.000 0.000 0.000 0.000 0.000 0.000 
 73 1.503241e+09 1.9136 3.6556 2.2969  7.8519 5.2119 0.0000 0.9835 0.0001 0.0009 0.000 0.182  0.978 0.182 0.183 0.000 0.000 0.000 0.000 0.000 0.000 
 74 1.503660e+09 1.8755 3.6586 2.3470  7.8527 5.2210 0.0000 0.9835 0.0001 0.0009 0.000 0.182  0.977 0.183 0.183 0.000 0.000 0.000 0.000 0.000 0.000 
 75 1.503944e+09 1.8594 3.6598 2.3679  7.8532 5.2280 0.0000 0.9835 0.0001 0.0009 0.000 0.183  0.986 0.181 0.183 0.000 0.000 0.000 0.000 0.000 0.000 rgbbe
 76 1.504688e+09 1.8975 3.6572 2.3194  7.8528 5.2408 0.0000 0.9835 0.0001 0.0009 0.000 0.183  0.992 0.181 0.183 0.000 0.000 0.000 0.000 0.000 0.000 
 77 1.505820e+09 1.9378 3.6540 2.2663  7.8516 5.2611 0.0000 0.9835 0.0001 0.0009 0.000 0.184  0.992 0.182 0.184 0.000 0.000 0.000 0.000 0.000 0.000 
 78 1.506998e+09 1.9775 3.6512 2.2154  7.8501 5.2808 0.0000 0.9835 0.0001 0.0009 0.000 0.185  0.993 0.184 0.185 0.000 0.000 0.000 0.000 0.000 0.000 
 79 1.508184e+09 2.0166 3.6484 2.1651  7.8484 5.3000 0.0000 0.9835 0.0001 0.0009 0.000 0.186  0.993 0.185 0.187 0.000 0.000 0.000 0.000 0.000 0.000 
 80 1.509363e+09 2.0564 3.6456 2.1141  7.8468 5.3191 0.0000 0.9835 0.0001 0.0009 0.000 0.188  0.993 0.186 0.188 0.000 0.000 0.000 0.000 0.000 0.000 
 81 1.510508e+09 2.0951 3.6427 2.0638  7.8453 5.3373 0.0000 0.9835 0.0001 0.0009 0.000 0.189  0.993 0.188 0.189 0.000 0.000 0.000 0.000 0.000 0.000 
 82 1.511637e+09 2.1345 3.6398 2.0128  7.8439 5.3555 0.0000 0.9835 0.0001 0.0009 0.000 0.190  0.994 0.189 0.191 0.000 0.000 0.000 0.000 0.000 0.000 
 83 1.512712e+09 2.1637 3.6378 1.9756  7.8431 5.3686 0.0000 0.9835 0.0001 0.0009 0.000 0.192  0.993 0.190 0.192 0.000 0.000 0.000 0.000 0.000 0.000 
 84 1.513781e+09 2.2114 3.6344 1.9143  7.8416 5.3887 0.0000 0.9835 0.0001 0.0009 0.000 0.193  0.994 0.192 0.193 0.000 0.000 0.000 0.000 0.000 0.000 
 85 1.514830e+09 2.2436 3.6320 1.8725  7.8407 5.4022 0.0000 0.9835 0.0001 0.0009 0.000 0.195  0.994 0.193 0.195 0.000 0.000 0.000 0.000 0.000 0.000 
 86 1.515840e+09 2.2842 3.6288 1.8191  7.8399 5.4192 0.0000 0.9835 0.0001 0.0009 0.000 0.196  0.994 0.197 0.197 0.000 0.000 0.000 0.000 0.000 0.000 
 87 1.516799e+09 2.3233 3.6257 1.7676  7.8395 5.4349 0.0000 0.9835 0.0001 0.0009 0.000 0.198  0.994 0.197 0.198 0.000 0.000 0.000 0.000 0.000 0.000 
 88 1.517725e+09 2.3696 3.6226 1.7089  7.8395 5.4534 0.0000 0.9835 0.0001 0.0009 0.000 0.200  0.994 0.199 0.200 0.000 0.000 0.000 0.000 0.000 0.000 
 89 1.518589e+09 2.4049 3.6199 1.6628  7.8399 5.4673 0.0000 0.9835 0.0001 0.0009 0.000 0.202  0.994 0.201 0.202 0.000 0.000 0.000 0.000 0.000 0.000 
 90 1.519414e+09 2.4474 3.6167 1.6075  7.8408 5.4838 0.0000 0.9835 0.0001 0.0009 0.000 0.204  0.994 0.203 0.204 0.000 0.000 0.000 0.000 0.000 0.000 
 91 1.520192e+09 2.4802 3.6141 1.5643  7.8418 5.4964 0.0000 0.9835 0.0001 0.0009 0.000 0.206  0.994 0.205 0.206 0.000 0.000 0.000 0.000 0.000 0.000 
 92 1.520922e+09 2.5197 3.6111 1.5128  7.8433 5.5114 0.0000 0.9835 0.0001 0.0009 0.000 0.208  0.994 0.209 0.209 0.000 0.000 0.000 0.000 0.000 0.000 
 93 1.521612e+09 2.5654 3.6075 1.4527  7.8456 5.5287 0.0000 0.9835 0.0001 0.0009 0.000 0.211  0.994 0.211 0.211 0.000 0.000 0.000 0.000 0.000 0.000 
 94 1.522258e+09 2.6021 3.6044 1.4036  7.8477 5.5426 0.0000 0.9835 0.0001 0.0009 0.000 0.213  0.994 0.212 0.213 0.000 0.000 0.000 0.000 0.000 0.000 
 95 1.522873e+09 2.6378 3.6018 1.3575  7.8500 5.5560 0.0000 0.9835 0.0001 0.0009 0.000 0.215  0.994 0.214 0.215 0.000 0.000 0.000 0.000 0.000 0.000 
 96 1.523444e+09 2.6790 3.5982 1.3019  7.8530 5.5714 0.0000 0.9835 0.0001 0.0009 0.000 0.218  0.994 0.217 0.218 0.000 0.000 0.000 0.000 0.000 0.000 
 97 1.523981e+09 2.7191 3.5948 1.2482  7.8562 5.5865 0.0000 0.9835 0.0001 0.0009 0.000 0.220  0.994 0.219 0.220 0.000 0.000 0.000 0.000 0.000 0.000 
 98 1.524490e+09 2.7579 3.5917 1.1970  7.8597 5.6010 0.0000 0.9835 0.0001 0.0009 0.000 0.223  0.994 0.222 0.223 0.000 0.000 0.000 0.000 0.000 0.000 
 99 1.524967e+09 2.7953 3.5884 1.1464  7.8632 5.6152 0.0000 0.9835 0.0001 0.0009 0.000 0.226  0.993 0.224 0.225 0.000 0.000 0.000 0.000 0.000 0.000 
100 1.525415e+09 2.8375 3.5847 1.0894  7.8675 5.6313 0.0000 0.9835 0.0001 0.0009 0.000 0.229  0.993 0.228 0.229 0.000 0.000 0.000 0.000 0.000 0.000 
101 1.525841e+09 2.8721 3.5818 1.0432  7.8713 5.6448 0.0000 0.9835 0.0001 0.0009 0.000 0.231  0.993 0.231 0.231 0.000 0.000 0.000 0.000 0.000 0.000 
102 1.526234e+09 2.9118 3.5778 0.9875  7.8758 5.6601 0.0000 0.9835 0.0001 0.0009 0.000 0.234  0.993 0.234 0.234 0.000 0.000 0.000 0.000 0.000 0.000 
103 1.526599e+09 2.9504 3.5739 0.9333  7.8805 5.6752 0.0000 0.9835 0.0001 0.0009 0.000 0.237  0.993 0.236 0.237 0.000 0.000 0.000 0.000 0.000 0.003 
104 1.526937e+09 2.9878 3.5698 0.8795  7.8853 5.6898 0.0000 0.9835 0.0001 0.0009 0.000 0.240  0.993 0.239 0.240 0.000 0.000 0.000 0.000 0.000 0.005 
105 1.527266e+09 3.0238 3.5662 0.8291  7.8902 5.7042 0.0000 0.9835 0.0001 0.0009 0.000 0.244  0.993 0.242 0.243 0.000 0.000 0.000 0.000 0.000 0.008 
106 1.527577e+09 3.0637 3.5624 0.7740  7.8961 5.7202 0.0000 0.9835 0.0001 0.0009 0.000 0.247  0.992 0.246 0.247 0.000 0.000 0.000 0.000 0.000 0.013 
107 1.527872e+09 3.1022 3.5589 0.7215  7.9027 5.7359 0.0000 0.9835 0.0001 0.0009 0.000 0.251  0.992 0.249 0.250 0.000 0.000 0.031 0.000 0.000 0.013 
108 1.528145e+09 3.1395 3.5553 0.6698  7.9110 5.7509 0.0000 0.9835 0.0001 0.0009 0.000 0.254  0.992 0.253 0.254 0.000 0.000 0.058 0.000 0.000 0.003 
109 1.528405e+09 3.1754 3.5520 0.6207  7.9287 5.7641 0.0000 0.9835 0.0001 0.0009 0.000 0.258  0.992 0.256 0.257 0.000 0.000 0.084 0.000 0.000 0.000 
110 1.528441e+09 3.1810 3.5512 0.6119  7.9488 5.7649 0.0000 0.9835 0.0001 0.0009 0.002 0.258  0.992 0.257 0.258 0.001 0.000 0.089 0.000 0.000 0.000 trgb
