#n   age/yr      logL   logTef grav    logTc  logrho Xc     Yc     Xc_C   Xc_O   Q_conv Q_disc L_H/L Q1_H Q2_H L_He/L Q1_He Q2_He L_C/L L_nu/L Q_Tmax phase
#(1) (2)         (3)    (4)    (5)     (6)    (7)    (8)    (9)    (10)   (11)   (12)   (13)   (14) (15)  (16) (17)   (18)  (19)  (20)  (21)   (22)   (23) 
  1 0.000000e+00 1.6704 4.1332 4.5888  7.4008 1.8927 0.6972 0.3008 0.0000 0.0009 0.281 0.000  1.010 0.000 0.582 0.000 0.000 0.000 0.000 0.000 0.000 bms
  2 4.191065e+07 1.6860 4.1247 4.5392  7.3935 1.8586 0.6668 0.3312 0.0000 0.0003 0.281 0.467  1.002 0.000 0.590 0.000 0.000 0.000 0.000 0.000 0.000 
  3 1.094366e+08 1.7218 4.1209 4.4882  7.3979 1.8526 0.6128 0.3853 0.0000 0.0001 0.266 0.566  1.001 0.000 0.558 0.000 0.000 0.000 0.000 0.000 0.000 
  4 1.713047e+08 1.7619 4.1172 4.4333  7.4062 1.8558 0.5494 0.4487 0.0000 0.0001 0.252 0.612  1.001 0.000 0.521 0.000 0.000 0.000 0.000 0.000 0.000 
  5 2.243201e+08 1.7988 4.1125 4.3776  7.4145 1.8606 0.4894 0.5086 0.0000 0.0001 0.239 0.633  1.001 0.000 0.481 0.000 0.000 0.000 0.000 0.000 0.000 
  6 2.685875e+08 1.8316 4.1069 4.3224  7.4222 1.8671 0.4333 0.5647 0.0000 0.0001 0.223 0.646  1.002 0.000 0.452 0.000 0.000 0.000 0.000 0.000 0.000 
  7 3.057066e+08 1.8616 4.0998 4.2640  7.4300 1.8738 0.3776 0.6205 0.0000 0.0001 0.214 0.652  1.002 0.000 0.412 0.000 0.000 0.000 0.000 0.000 0.000 
  8 3.362267e+08 1.8877 4.0924 4.2083  7.4371 1.8821 0.3281 0.6699 0.0000 0.0001 0.201 0.661  1.002 0.000 0.374 0.000 0.000 0.000 0.000 0.000 0.000 
  9 3.615776e+08 1.9125 4.0837 4.1487  7.4448 1.8927 0.2780 0.7201 0.0000 0.0001 0.189 0.661  1.002 0.000 0.343 0.000 0.000 0.000 0.000 0.000 0.000 
 10 3.824740e+08 1.9326 4.0751 4.0942  7.4518 1.9045 0.2350 0.7630 0.0000 0.0001 0.177 0.661  1.002 0.000 0.317 0.000 0.000 0.000 0.000 0.000 0.000 
 11 4.000657e+08 1.9512 4.0659 4.0388  7.4595 1.9193 0.1928 0.8053 0.0000 0.0001 0.166 0.661  1.002 0.000 0.292 0.000 0.000 0.000 0.000 0.000 0.000 
 12 4.149959e+08 1.9682 4.0559 3.9818  7.4681 1.9380 0.1511 0.8469 0.0000 0.0001 0.155 0.669  1.002 0.157 0.241 0.000 0.000 0.000 0.000 0.000 0.000 
 13 4.281473e+08 1.9830 4.0465 3.9294  7.4774 1.9611 0.1132 0.8848 0.0000 0.0000 0.144 0.669  1.002 0.152 0.152 0.000 0.000 0.000 0.000 0.000 0.000 
 14 4.405515e+08 1.9979 4.0373 3.8777  7.4900 1.9941 0.0742 0.9239 0.0000 0.0000 0.134 0.669  1.002 0.000 0.134 0.000 0.000 0.000 0.000 0.000 0.000 
 15 4.511752e+08 2.0151 4.0319 3.8389  7.5104 2.0514 0.0349 0.9632 0.0000 0.0000 0.124 0.669  1.000 0.130 0.153 0.000 0.000 0.000 0.000 0.000 0.000 tminms
 16 4.568728e+08 2.0347 4.0402 3.8525  7.5398 2.1381 0.0109 0.9872 0.0000 0.0000 0.116 0.669  0.991 0.000 0.213 0.000 0.000 0.000 0.000 0.000 0.000 
 17 4.581441e+08 2.0449 4.0486 3.8759  7.5552 2.1856 0.0058 0.9923 0.0000 0.0000 0.114 0.669  0.980 0.000 0.244 0.000 0.000 0.000 0.000 0.000 0.000 
 18 4.587284e+08 2.0586 4.0600 3.9078  7.5737 2.2459 0.0026 0.9954 0.0000 0.0000 0.110 0.669  0.953 0.000 0.292 0.000 0.000 0.000 0.000 0.000 0.000 
 19 4.590352e+08 2.0713 4.0690 3.9311  7.5880 2.2985 0.0014 0.9967 0.0000 0.0000 0.104 0.669  0.915 0.000 0.317 0.000 0.000 0.000 0.000 0.000 0.000 
 20 4.592114e+08 2.0862 4.0778 3.9514  7.6027 2.3617 0.0006 0.9974 0.0000 0.0000 0.096 0.669  0.857 0.000 0.412 0.000 0.000 0.000 0.000 0.000 0.000 
 21 4.593486e+08 2.1063 4.0880 3.9721  7.6210 2.5073 0.0001 0.9980 0.0000 0.0000 0.057 0.669  0.793 0.000 0.521 0.000 0.000 0.000 0.000 0.000 0.000 
 22 4.593812e+08 2.1046 4.0884 3.9754  7.6162 2.5964 0.0000 0.9980 0.0000 0.0000 0.015 0.669  0.938 0.000 0.542 0.000 0.000 0.000 0.000 0.000 0.000 tmaxlms
 23 4.594393e+08 2.0790 4.0806 3.9698  7.5850 2.7369 0.0000 0.9981 0.0000 0.0000 0.000 0.669  1.203 0.000 0.508 0.000 0.000 0.000 0.000 0.000 0.000 
 24 4.594859e+08 2.0632 4.0712 3.9480  7.5763 2.8102 0.0000 0.9981 0.0000 0.0000 0.000 0.669  1.200 0.009 0.488 0.000 0.000 0.000 0.000 0.000 0.000 
 25 4.594914e+08 2.0630 4.0704 3.9450  7.5758 2.8164 0.0000 0.9981 0.0000 0.0000 0.000 0.669  1.198 0.009 0.488 0.000 0.000 0.000 0.000 0.000 0.000 lminsgb
 26 4.595552e+08 2.0756 4.0619 3.8984  7.5725 2.8848 0.0000 0.9981 0.0000 0.0000 0.000 0.669  1.169 0.015 0.452 0.000 0.000 0.000 0.000 0.000 0.000 
 27 4.596361e+08 2.0998 4.0532 3.8394  7.5696 2.9602 0.0000 0.9981 0.0000 0.0000 0.000 0.669  1.126 0.023 0.368 0.000 0.000 0.000 0.000 0.000 0.000 
 28 4.597436e+08 2.1173 4.0431 3.7815  7.5675 3.0407 0.0000 0.9981 0.0000 0.0000 0.000 0.669  1.091 0.032 0.343 0.000 0.000 0.000 0.000 0.000 0.000 
 29 4.598772e+08 2.1260 4.0355 3.7424  7.5668 3.0970 0.0000 0.9981 0.0000 0.0000 0.000 0.669  1.075 0.038 0.330 0.000 0.000 0.000 0.000 0.000 0.000 
 30 4.600371e+08 2.1359 4.0236 3.6849  7.5677 3.1820 0.0000 0.9981 0.0000 0.0000 0.000 0.669  1.057 0.047 0.311 0.000 0.000 0.000 0.000 0.000 0.000 
 31 4.602196e+08 2.1418 4.0128 3.6358  7.5706 3.2545 0.0000 0.9981 0.0000 0.0000 0.000 0.669  1.048 0.056 0.305 0.000 0.000 0.000 0.000 0.000 0.000 
 32 4.604144e+08 2.1451 4.0042 3.5981  7.5743 3.3081 0.0000 0.9981 0.0000 0.0000 0.000 0.669  1.044 0.062 0.292 0.000 0.000 0.000 0.000 0.000 0.000 
 33 4.606151e+08 2.1478 3.9944 3.5562  7.5798 3.3656 0.0000 0.9981 0.0000 0.0000 0.000 0.669  1.040 0.068 0.283 0.000 0.000 0.000 0.000 0.000 0.000 
 34 4.608145e+08 2.1499 3.9838 3.5117  7.5870 3.4236 0.0000 0.9981 0.0000 0.0000 0.000 0.669  1.039 0.074 0.273 0.000 0.000 0.000 0.000 0.000 0.000 
 35 4.610063e+08 2.1512 3.9720 3.4632  7.5960 3.4823 0.0000 0.9981 0.0000 0.0000 0.000 0.665  1.039 0.079 0.263 0.000 0.000 0.000 0.000 0.000 0.000 
 36 4.611855e+08 2.1515 3.9656 3.4373  7.6012 3.5120 0.0000 0.9981 0.0000 0.0000 0.000 0.665  1.039 0.082 0.258 0.000 0.000 0.000 0.000 0.000 0.000 
 37 4.612195e+08 2.1515 3.9656 3.4373  7.6012 3.5120 0.0000 0.9981 0.0000 0.0000 0.000 0.665  1.039 0.082 0.258 0.000 0.000 0.000 0.000 0.000 0.000 lmaxsgb
 38 4.613842e+08 2.1514 3.9516 3.3814  7.6130 3.5716 0.0000 0.9981 0.0000 0.0000 0.000 0.665  1.041 0.088 0.244 0.000 0.000 0.000 0.000 0.000 0.000 
 39 4.615357e+08 2.1509 3.9440 3.3515  7.6196 3.6015 0.0000 0.9981 0.0000 0.0000 0.000 0.665  1.042 0.091 0.239 0.000 0.000 0.000 0.000 0.000 0.000 
 40 4.616748e+08 2.1500 3.9357 3.3192  7.6266 3.6315 0.0000 0.9981 0.0000 0.0000 0.000 0.665  1.044 0.093 0.234 0.000 0.000 0.000 0.000 0.000 0.000 
 41 4.618023e+08 2.1488 3.9269 3.2852  7.6340 3.6618 0.0000 0.9981 0.0000 0.0000 0.000 0.665  1.046 0.096 0.232 0.000 0.000 0.000 0.000 0.000 0.000 
 42 4.619172e+08 2.1471 3.9174 3.2489  7.6418 3.6920 0.0000 0.9981 0.0000 0.0000 0.000 0.665  1.049 0.099 0.225 0.000 0.000 0.000 0.000 0.000 0.000 
 43 4.620265e+08 2.1426 3.8989 3.1794  7.6562 3.7451 0.0000 0.9981 0.0000 0.0000 0.000 0.665  1.056 0.103 0.217 0.000 0.000 0.000 0.000 0.000 0.000 
 44 4.621247e+08 2.1397 3.8895 3.1447  7.6632 3.7696 0.0000 0.9981 0.0000 0.0000 0.000 0.665  1.061 0.105 0.215 0.000 0.000 0.000 0.000 0.000 0.000 
 45 4.622137e+08 2.1361 3.8786 3.1047  7.6708 3.7955 0.0000 0.9981 0.0000 0.0000 0.000 0.665  1.065 0.106 0.211 0.000 0.000 0.000 0.000 0.000 0.000 
 46 4.622930e+08 2.1324 3.8685 3.0680  7.6775 3.8176 0.0000 0.9981 0.0000 0.0000 0.000 0.665  1.069 0.108 0.207 0.000 0.000 0.000 0.000 0.000 0.000 
 47 4.623679e+08 2.1301 3.8623 3.0455  7.6815 3.8305 0.0000 0.9981 0.0000 0.0000 0.000 0.665  1.072 0.108 0.205 0.000 0.000 0.000 0.000 0.000 0.000 
 48 4.624375e+08 2.1271 3.8551 3.0197  7.6859 3.8447 0.0000 0.9981 0.0000 0.0000 0.000 0.665  1.076 0.110 0.205 0.000 0.000 0.000 0.000 0.000 0.000 
 49 4.625017e+08 2.1236 3.8467 2.9896  7.6909 3.8605 0.0000 0.9981 0.0000 0.0000 0.000 0.665  1.079 0.110 0.203 0.000 0.000 0.000 0.000 0.000 0.000 
 50 4.625608e+08 2.1191 3.8368 2.9545  7.6965 3.8780 0.0000 0.9981 0.0000 0.0000 0.000 0.665  1.084 0.111 0.201 0.000 0.000 0.000 0.000 0.000 0.000 
 51 4.626186e+08 2.1093 3.8171 2.8855  7.7070 3.9102 0.0000 0.9981 0.0000 0.0000 0.000 0.665  1.097 0.114 0.197 0.000 0.000 0.000 0.000 0.000 0.000 
 52 4.626728e+08 2.1041 3.8082 2.8551  7.7115 3.9239 0.0000 0.9981 0.0000 0.0000 0.000 0.665  1.102 0.114 0.195 0.000 0.000 0.000 0.000 0.000 0.000 
 53 4.627258e+08 2.0981 3.7986 2.8227  7.7163 3.9383 0.0000 0.9981 0.0000 0.0000 0.000 0.665  1.110 0.115 0.193 0.000 0.000 0.000 0.000 0.000 0.000 
 54 4.627837e+08 2.0890 3.7869 2.7850  7.7228 3.9577 0.0000 0.9981 0.0000 0.0000 0.000 0.665  1.121 0.115 0.191 0.000 0.000 0.000 0.000 0.000 0.000 
 55 4.628534e+08 2.0801 3.7786 2.7607  7.7284 3.9741 0.0000 0.9981 0.0000 0.0000 0.000 0.665  1.131 0.117 0.190 0.000 0.000 0.000 0.000 0.000 0.000 
 56 4.629395e+08 2.0675 3.7707 2.7417  7.7354 3.9942 0.0000 0.9981 0.0000 0.0000 0.000 0.665  1.146 0.117 0.188 0.000 0.000 0.000 0.000 0.000 0.000 
 57 4.630348e+08 2.0362 3.7591 2.7266  7.7490 4.0332 0.0000 0.9981 0.0000 0.0000 0.000 0.665  1.183 0.120 0.184 0.000 0.000 0.000 0.000 0.000 0.000 
 58 4.631258e+08 2.0206 3.7547 2.7246  7.7546 4.0490 0.0000 0.9981 0.0000 0.0000 0.000 0.665  1.202 0.120 0.183 0.000 0.000 0.000 0.000 0.000 0.000 
 59 4.632223e+08 1.9816 3.7458 2.7280  7.7678 4.0859 0.0000 0.9981 0.0000 0.0000 0.000 0.665  1.244 0.122 0.180 0.000 0.000 0.000 0.000 0.000 0.000 
 60 4.633509e+08 1.9629 3.7413 2.7287  7.7755 4.1074 0.0000 0.9981 0.0000 0.0000 0.000 0.665  1.255 0.124 0.177 0.000 0.000 0.000 0.000 0.000 0.000 
 61 4.633548e+08 1.9546 3.7364 2.7174  7.7839 4.1309 0.0000 0.9981 0.0000 0.0000 0.000 0.665  1.238 0.125 0.176 0.000 0.000 0.000 0.000 0.000 0.000 brgb
 62 4.635055e+08 1.9626 3.7317 2.6906  7.7929 4.1563 0.0000 0.9981 0.0000 0.0000 0.000 0.665  1.190 0.127 0.174 0.000 0.000 0.000 0.000 0.000 0.000 
 63 4.636301e+08 2.0140 3.7233 2.6056  7.8120 4.2123 0.0000 0.9981 0.0000 0.0000 0.000 0.646  1.072 0.129 0.172 0.000 0.000 0.000 0.000 0.000 0.000 
 64 4.637645e+08 2.0454 3.7203 2.5622  7.8216 4.2414 0.0000 0.9981 0.0000 0.0000 0.000 0.601  1.031 0.132 0.171 0.000 0.000 0.000 0.000 0.000 0.000 
 65 4.639333e+08 2.0715 3.7180 2.5269  7.8310 4.2706 0.0000 0.9981 0.0000 0.0000 0.000 0.558  1.011 0.134 0.170 0.000 0.000 0.000 0.000 0.000 0.000 
 66 4.641194e+08 2.1198 3.7140 2.4626  7.8495 4.3294 0.0000 0.9981 0.0000 0.0000 0.000 0.467  0.993 0.136 0.169 0.000 0.000 0.000 0.000 0.000 0.000 
 67 4.643103e+08 2.1615 3.7109 2.4085  7.8652 4.3803 0.0000 0.9981 0.0000 0.0000 0.000 0.396  0.985 0.140 0.169 0.000 0.000 0.000 0.000 0.000 0.000 
 68 4.645043e+08 2.2049 3.7079 2.3531  7.8813 4.4330 0.0000 0.9981 0.0000 0.0000 0.000 0.342  0.981 0.142 0.168 0.000 0.000 0.000 0.000 0.000 0.000 
 69 4.646993e+08 2.2464 3.7052 2.3008  7.8960 4.4817 0.0000 0.9981 0.0000 0.0000 0.000 0.314  0.978 0.145 0.168 0.000 0.000 0.000 0.000 0.000 0.000 
 70 4.648939e+08 2.2866 3.7024 2.2494  7.9099 4.5280 0.0000 0.9981 0.0000 0.0000 0.000 0.293  0.977 0.148 0.168 0.000 0.000 0.000 0.000 0.000 0.000 
 71 4.650917e+08 2.3226 3.6999 2.2034  7.9221 4.5689 0.0000 0.9981 0.0000 0.0000 0.000 0.278  0.977 0.150 0.169 0.000 0.000 0.000 0.000 0.000 0.000 
 72 4.652919e+08 2.3653 3.6970 2.1491  7.9364 4.6167 0.0000 0.9981 0.0000 0.0000 0.000 0.261  0.976 0.152 0.169 0.000 0.000 0.000 0.000 0.000 0.000 
 73 4.654932e+08 2.4043 3.6942 2.0989  7.9491 4.6596 0.0000 0.9981 0.0000 0.0000 0.000 0.249  0.976 0.155 0.170 0.000 0.000 0.000 0.000 0.000 0.000 
 74 4.656960e+08 2.4451 3.6916 2.0477  7.9625 4.7032 0.0000 0.9980 0.0000 0.0000 0.000 0.238  0.976 0.157 0.171 0.000 0.000 0.002 0.000 0.000 0.000 
 75 4.658977e+08 2.4808 3.6888 2.0008  7.9749 4.7401 0.0000 0.9980 0.0001 0.0000 0.000 0.230  0.976 0.159 0.171 0.000 0.000 0.007 0.000 0.000 0.000 
 76 4.661011e+08 2.5245 3.6859 1.9455  7.9969 4.7791 0.0000 0.9975 0.0006 0.0000 0.001 0.222  0.977 0.162 0.173 0.001 0.000 0.012 0.000 0.000 0.000 
 77 4.663315e+08 2.5623 3.6833 1.8973  8.0393 4.7769 0.0000 0.9968 0.0013 0.0000 0.025 0.216  0.973 0.164 0.174 0.028 0.000 0.015 0.000 0.000 0.000 trgb
 78 4.665302e+08 2.5253 3.6860 1.9451  8.0532 4.6315 0.0000 0.9945 0.0036 0.0000 0.068 0.216  0.970 0.166 0.176 0.054 0.000 0.016 0.000 0.000 0.000 
 79 4.668014e+08 2.4901 3.6886 1.9907  8.0479 4.5699 0.0000 0.9924 0.0057 0.0000 0.056 0.216  0.976 0.167 0.178 0.028 0.000 0.017 0.000 0.000 0.000 
 80 4.675156e+08 2.4486 3.6921 2.0462  8.0454 4.5468 0.0000 0.9876 0.0104 0.0001 0.040 0.216  0.973 0.171 0.183 0.022 0.000 0.017 0.000 0.000 0.000 
 81 4.685616e+08 2.4092 3.6950 2.0972  8.0500 4.5088 0.0000 0.9789 0.0190 0.0002 0.042 0.216  0.967 0.177 0.190 0.030 0.000 0.018 0.000 0.000 0.000 
 82 4.695378e+08 2.3673 3.6979 2.1507  8.0531 4.4787 0.0000 0.9695 0.0283 0.0003 0.042 0.216  0.959 0.181 0.194 0.038 0.000 0.019 0.000 0.000 0.000 
 83 4.704721e+08 2.3280 3.7009 2.2020  8.0556 4.4563 0.0000 0.9602 0.0373 0.0006 0.043 0.216  0.951 0.185 0.198 0.045 0.000 0.019 0.000 0.000 0.000 
 84 4.713871e+08 2.2889 3.7035 2.2515  8.0574 4.4355 0.0000 0.9596 0.0379 0.0007 0.046 0.216  0.943 0.188 0.201 0.053 0.000 0.020 0.000 0.000 0.000 
 85 4.723005e+08 2.2500 3.7065 2.3024  8.0594 4.4143 0.0000 0.9551 0.0422 0.0008 0.064 0.216  0.933 0.190 0.204 0.062 0.000 0.021 0.000 0.000 0.000 
 86 4.732897e+08 2.2191 3.7087 2.3421  8.0607 4.4024 0.0000 0.9491 0.0480 0.0010 0.065 0.216  0.924 0.192 0.206 0.071 0.000 0.021 0.000 0.000 0.000 
 87 4.743863e+08 2.1770 3.7122 2.3982  8.0627 4.3866 0.0000 0.9396 0.0571 0.0013 0.066 0.216  0.910 0.195 0.209 0.084 0.000 0.021 0.000 0.000 0.000 
 88 4.757214e+08 2.1401 3.7153 2.4475  8.0645 4.3726 0.0000 0.9293 0.0670 0.0018 0.068 0.216  0.895 0.197 0.212 0.098 0.000 0.022 0.000 0.000 0.000 
 89 4.778414e+08 2.0984 3.7203 2.5092  8.0673 4.3519 0.0000 0.9106 0.0847 0.0028 0.071 0.216  0.872 0.216 0.217 0.119 0.000 0.023 0.000 0.000 0.000 
 90 4.796660e+08 2.0873 3.7241 2.5355  8.0693 4.3377 0.0000 0.8945 0.0997 0.0038 0.074 0.216  0.859 0.203 0.220 0.131 0.000 0.023 0.000 0.000 0.000 lmincheb
 91 4.826854e+08 2.1088 3.7307 2.5404  8.0723 4.3197 0.0000 0.8691 0.1230 0.0058 0.077 0.221  0.850 0.207 0.226 0.137 0.000 0.025 0.000 0.000 0.000 
 92 4.859460e+08 2.1493 3.7369 2.5247  8.0755 4.3017 0.0000 0.8379 0.1512 0.0088 0.081 0.226  0.865 0.211 0.230 0.136 0.000 0.026 0.000 0.000 0.000 
 93 4.951285e+08 2.1878 3.7365 2.4846  8.0838 4.2596 0.0000 0.7507 0.2264 0.0207 0.092 0.237  0.846 0.219 0.239 0.154 0.000 0.028 0.000 0.000 0.000 
 94 5.036886e+08 2.2282 3.7372 2.4470  8.0920 4.2206 0.0000 0.6727 0.2887 0.0363 0.097 0.246  0.829 0.227 0.249 0.171 0.000 0.031 0.000 0.000 0.000 
 95 5.122341e+08 2.2684 3.7377 2.4088  8.1011 4.1844 0.0000 0.5885 0.3509 0.0582 0.100 0.255  0.808 0.235 0.259 0.192 0.000 0.034 0.000 0.000 0.000 
 96 5.205139e+08 2.3086 3.7385 2.3718  8.1120 4.1536 0.0000 0.4916 0.4157 0.0904 0.103 0.266  0.782 0.243 0.269 0.218 0.000 0.037 0.000 0.000 0.000 
 97 5.275335e+08 2.3419 3.7387 2.3393  8.1231 4.1291 0.0000 0.4030 0.4652 0.1293 0.107 0.275  0.754 0.251 0.278 0.247 0.000 0.041 0.000 0.000 0.000 tmaxcheb
 98 5.368926e+08 2.3817 3.7375 2.2947  8.1413 4.1072 0.0000 0.2817 0.5116 0.2042 0.112 0.287  0.707 0.261 0.290 0.293 0.000 0.046 0.000 0.000 0.000 
 99 5.467579e+08 2.4153 3.7325 2.2411  8.1677 4.1084 0.0000 0.1527 0.5090 0.3358 0.112 0.300  0.642 0.272 0.302 0.359 0.000 0.053 0.000 0.000 0.000 
100 5.535277e+08 2.4247 3.7232 2.1945  8.1983 4.1540 0.0000 0.0679 0.4376 0.4919 0.119 0.307  0.583 0.280 0.308 0.420 0.000 0.061 0.000 0.001 0.000 
101 5.564310e+08 2.4197 3.7134 2.1603  8.2343 4.2534 0.0000 0.0198 0.3634 0.6142 0.115 0.309  0.553 0.284 0.307 0.447 0.000 0.068 0.000 0.001 0.000 
102 5.573620e+08 2.4406 3.7054 2.1074  8.2732 4.3843 0.0000 0.0034 0.3225 0.6715 0.115 0.309  0.582 0.285 0.304 0.391 0.000 0.071 0.000 0.002 0.000 
103 5.575626e+08 2.4734 3.7000 2.0530  8.3038 4.5060 0.0000 0.0004 0.3138 0.6831 0.075 0.309  0.641 0.286 0.302 0.201 0.115 0.134 0.000 0.004 0.000 
104 5.576214e+08 2.5122 3.6958 1.9974  8.3187 4.6460 0.0000 0.0000 0.3125 0.6849 0.000 0.309  0.679 0.286 0.300 0.016 0.012 0.161 0.000 0.007 0.000 
105 5.576536e+08 2.5469 3.6924 1.9491  8.3250 4.7233 0.0000 0.0000 0.3125 0.6849 0.000 0.309  0.677 0.286 0.299 0.031 0.026 0.172 0.000 0.008 0.000 
106 5.576837e+08 2.5821 3.6889 1.8999  8.3323 4.7868 0.0000 0.0000 0.3125 0.6849 0.000 0.309  0.676 0.286 0.299 0.066 0.037 0.178 0.000 0.009 0.000 
107 5.577219e+08 2.6200 3.6855 1.8484  8.3376 4.8492 0.0000 0.0000 0.3125 0.6849 0.000 0.309  0.668 0.286 0.298 0.177 0.041 0.181 0.000 0.009 0.000 
108 5.577478e+08 2.6332 3.6845 1.8312  8.3314 4.8860 0.0000 0.0000 0.3125 0.6849 0.000 0.309  0.627 0.287 0.298 0.379 0.051 0.181 0.000 0.008 0.000 lmaxeagb
109 5.578236e+08 2.5989 3.6876 1.8779  8.3154 4.9287 0.0000 0.0000 0.3125 0.6849 0.000 0.309  0.534 0.287 0.299 0.443 0.059 0.182 0.000 0.007 0.000 
110 5.579746e+08 2.5618 3.6912 1.9294  8.2990 4.9983 0.0000 0.0000 0.3125 0.6849 0.000 0.309  0.394 0.287 0.300 0.591 0.067 0.186 0.000 0.007 0.000 
111 5.583544e+08 2.5388 3.6933 1.9608  8.2743 5.1284 0.0000 0.0000 0.3125 0.6849 0.000 0.309  0.132 0.288 0.301 0.868 0.087 0.187 0.000 0.006 0.000 lmineagb
112 5.587778e+08 2.5759 3.6893 1.9077  8.2574 5.2199 0.0000 0.0000 0.3125 0.6849 0.000 0.309  0.018 0.288 0.301 0.990 0.096 0.192 0.000 0.006 0.000 
113 5.590798e+08 2.6070 3.6863 1.8646  8.2509 5.2601 0.0000 0.0000 0.3125 0.6849 0.000 0.309  0.007 0.288 0.301 0.996 0.100 0.193 0.000 0.006 0.000 
114 5.593859e+08 2.6444 3.6832 1.8148  8.2454 5.3041 0.0000 0.0000 0.3125 0.6849 0.000 0.309  0.003 0.288 0.299 0.998 0.104 0.196 0.000 0.006 0.000 
115 5.596764e+08 2.6847 3.6801 1.7621  8.2419 5.3475 0.0000 0.0000 0.3125 0.6849 0.000 0.309  0.001 0.289 0.298 0.997 0.113 0.198 0.000 0.006 0.000 
116 5.599520e+08 2.7227 3.6772 1.7125  8.2404 5.3861 0.0000 0.0000 0.3125 0.6849 0.000 0.309  0.000 0.289 0.297 0.996 0.115 0.201 0.000 0.006 0.000 
117 5.602079e+08 2.7566 3.6746 1.6682  8.2403 5.4194 0.0000 0.0000 0.3125 0.6849 0.000 0.309  0.000 0.289 0.296 0.994 0.115 0.204 0.000 0.006 0.000 
118 5.604399e+08 2.8064 3.6710 1.6040  8.2413 5.4665 0.0000 0.0000 0.3125 0.6849 0.000 0.309  0.000 0.289 0.295 0.992 0.118 0.207 0.000 0.006 0.000 
119 5.606475e+08 2.8393 3.6680 1.5591  8.2425 5.4966 0.0000 0.0000 0.3125 0.6849 0.000 0.309  0.000 0.289 0.294 0.991 0.125 0.210 0.000 0.006 0.001 
120 5.608324e+08 2.8823 3.6637 1.4989  8.2445 5.5354 0.0000 0.0000 0.3125 0.6849 0.000 0.309  0.000 0.290 0.294 0.988 0.132 0.213 0.000 0.007 0.008 
121 5.610034e+08 2.9263 3.6605 1.4421  8.2469 5.5746 0.0000 0.0000 0.3125 0.6849 0.000 0.309  0.000 0.290 0.293 0.985 0.140 0.217 0.000 0.007 0.016 
122 5.611537e+08 2.9618 3.6575 1.3946  8.2490 5.6057 0.0000 0.0000 0.3125 0.6849 0.000 0.309  0.000 0.290 0.292 0.983 0.146 0.219 0.000 0.007 0.021 
123 5.612876e+08 3.0043 3.6537 1.3369  8.2514 5.6429 0.0000 0.0000 0.3125 0.6849 0.000 0.309  0.000 0.000 0.000 0.980 0.154 0.223 0.000 0.008 0.028 
124 5.614112e+08 3.0425 3.6509 1.2875  8.2532 5.6762 0.0000 0.0000 0.3125 0.6849 0.000 0.309  0.000 0.000 0.000 0.979 0.165 0.227 0.000 0.009 0.035 
125 5.615226e+08 3.0723 3.6487 1.2489  8.2540 5.7013 0.0000 0.0000 0.3125 0.6849 0.000 0.309  0.000 0.000 0.000 0.979 0.170 0.229 0.000 0.009 0.039 
126 5.616228e+08 3.1101 3.6450 1.1963  8.2541 5.7331 0.0000 0.0000 0.3125 0.6849 0.000 0.309  0.000 0.000 0.000 0.978 0.176 0.231 0.000 0.009 0.044 
127 5.617200e+08 3.1560 3.6408 1.1336  8.2531 5.7730 0.0000 0.0000 0.3125 0.6849 0.000 0.309  0.000 0.000 0.000 0.975 0.183 0.235 0.000 0.010 0.050 
128 5.618125e+08 3.1977 3.6376 1.0791  8.2512 5.8100 0.0000 0.0000 0.3125 0.6849 0.000 0.307  0.000 0.000 0.000 0.973 0.189 0.238 0.000 0.011 0.056 
129 5.618973e+08 3.2361 3.6341 1.0267  8.2488 5.8443 0.0000 0.0000 0.3125 0.6849 0.000 0.305  0.000 0.000 0.000 0.971 0.195 0.242 0.000 0.011 0.063 
130 5.619772e+08 3.2721 3.6311 0.9787  8.2458 5.8772 0.0000 0.0000 0.3125 0.6849 0.000 0.304  0.000 0.000 0.000 0.969 0.201 0.245 0.000 0.012 0.070 
131 5.620516e+08 3.3066 3.6280 0.9318  8.2421 5.9089 0.0000 0.0000 0.3125 0.6849 0.000 0.302  0.000 0.000 0.000 0.967 0.207 0.247 0.000 0.013 0.075 
132 5.621229e+08 3.3525 3.6247 0.8727  8.2360 5.9525 0.0000 0.0000 0.3125 0.6849 0.000 0.301  0.000 0.000 0.000 0.964 0.214 0.252 0.000 0.014 0.084 
133 5.621909e+08 3.3873 3.6225 0.8291  8.2303 5.9866 0.0000 0.0000 0.3125 0.6849 0.000 0.300  0.000 0.000 0.000 0.962 0.220 0.255 0.000 0.015 0.089 
134 5.622529e+08 3.4302 3.6181 0.7686  8.2210 6.0308 0.0000 0.0000 0.3125 0.6849 0.000 0.299  0.000 0.289 0.291 0.958 0.227 0.260 0.000 0.016 0.098 
135 5.623154e+08 3.4663 3.6148 0.7193  8.2116 6.0710 0.0000 0.0000 0.3125 0.6849 0.000 0.298  0.000 0.288 0.291 0.955 0.234 0.264 0.000 0.017 0.107 
136 5.623811e+08 3.5081 3.6113 0.6635  8.1980 6.1243 0.0000 0.0000 0.3125 0.6849 0.000 0.297  0.000 0.288 0.292 0.950 0.242 0.269 0.000 0.019 0.118 
137 5.624655e+08 3.5468 3.6079 0.6112  8.1781 6.1960 0.0000 0.0000 0.3125 0.6849 0.000 0.297  0.007 0.289 0.292 0.936 0.253 0.276 0.000 0.023 0.133 
138 5.625365e+08 3.5835 3.6041 0.5593  8.1586 6.2618 0.0000 0.0000 0.3125 0.6849 0.000 0.297  0.112 0.291 0.293 0.828 0.262 0.282 0.000 0.026 0.145 
139 5.625704e+08 3.6218 3.6006 0.5070  8.1478 6.2964 0.0000 0.0000 0.3125 0.6849 0.000 0.297  0.259 0.292 0.293 0.678 0.267 0.285 0.000 0.027 0.152 
140 5.625979e+08 3.6608 3.5973 0.4548  8.1388 6.3248 0.0000 0.0000 0.3125 0.6849 0.000 0.297  0.419 0.293 0.294 0.521 0.270 0.287 0.000 0.027 0.158 
141 5.626273e+08 3.6995 3.5939 0.4025  8.1281 6.3553 0.0000 0.0000 0.3125 0.6849 0.000 0.297  0.532 0.294 0.294 0.386 0.273 0.289 0.000 0.026 0.164 
142 5.626606e+08 3.7382 3.5904 0.3498  8.1147 6.3885 0.0000 0.0000 0.3125 0.6849 0.000 0.297  0.599 0.295 0.295 0.276 0.276 0.291 0.000 0.025 0.170 
143 5.627085e+08 3.7696 3.5878 0.3080  8.0940 6.4307 0.0000 0.0000 0.3125 0.6849 0.000 0.297  0.652 0.296 0.296 0.188 0.280 0.293 0.000 0.023 0.178 
144 5.627184e+08 3.7975 3.5851 0.2693  8.0905 6.4410 0.0000 0.0000 0.3125 0.6849 0.000 0.297  0.712 0.296 0.297 0.112 0.280 0.293 0.000 0.022 0.181 1sttp
