 age/yr       logL   logTef grav   logTc  logrho Xc,Yc Xc_C    Xc_O    Q_conv Q_disc  logL_H Q1_H  Q2_H    logL_He Q1_He Q2_He  logL_C logL_nu Q_Tmax stage
 0.00000E+00 -1.141  3.622  4.793  7.002  1.898  0.707 3.23E-3 9.15E-3 0.0509 0.0000 -1.098 0.0000 0.0800  0.000 0.0000 0.0000  0.000  0.000  0.0000  ZAMS                
 5.24262E+08 -1.140  3.617  4.772  6.981  1.858  0.700 3.12E-3 9.15E-3 0.0034 0.3129 -1.138 0.0000 0.0945  0.000 0.0000 0.0000  0.000  0.000  0.0000          
 8.56531E+09 -1.125  3.608  4.721  6.982  1.913  0.600 1.55E-3 9.15E-3 0.0000 0.5972 -1.124 0.0000 0.0945  0.000 0.0000 0.0000  0.000  0.000  0.0000          
 1.70496E+10 -1.088  3.612  4.698  6.997  1.990  0.498 4.26E-4 9.15E-3 0.0000 0.6525 -1.086 0.0000 0.0945  0.000 0.0000 0.0000  0.000  0.000  0.0000          
 2.57689E+10 -1.045  3.616  4.672  7.016  2.077  0.400 3.09E-5 9.15E-3 0.0000 0.6845 -1.045 0.0000 0.1126  0.000 0.0000 0.0000  0.000  0.000  0.0000          
 3.48700E+10 -0.994  3.621  4.638  7.040  2.191  0.297 9.12E-6 9.14E-3 0.0000 0.7065 -0.992 0.0000 0.1392  0.000 0.0000 0.0000  0.000  0.000  0.0000          
 4.45986E+10 -0.926  3.627  4.598  7.070  2.329  0.199 1.07E-5 9.14E-3 0.0000 0.7204 -0.926 0.0000 0.1649  0.000 0.0000 0.0000  0.000  0.000  0.0000          
 5.54372E+10 -0.830  3.635  4.533  7.116  2.537  0.100 1.35E-5 9.12E-3 0.0000 0.7335 -0.829 0.0000 0.2061  0.000 0.0000 0.0000  0.000  0.000  0.0000          
 6.21974E+10 -0.750  3.641  4.475  7.154  2.712  0.049 1.62E-5 9.02E-3 0.0000 0.7399 -0.746 0.0000 0.2406  0.000 0.0000 0.0000  0.000  0.000  0.0000          
 6.98533E+10 -0.609  3.660  4.411  7.216  2.986  0.010 2.19E-5 8.24E-3 0.0000 0.7461 -0.607 0.0000 0.2896  0.000 0.0000 0.0000  0.000  0.000  0.0000          
 7.21685E+10 -0.549  3.669  4.388  7.235  3.110  0.001 2.45E-5 7.80E-3 0.0000 0.7461 -0.549 0.0000 0.3052  0.000 0.0000 0.0000  0.000  0.000  0.0000          
 7.30527E+10 -0.523  3.672  4.374  7.238  3.179  0.000 2.50E-5 7.76E-3 0.0000 0.7461 -0.521 0.0000 0.3052  0.000 0.0000 0.0000  0.000  0.000  0.0000          
 7.38448E+10 -0.496  3.675  4.360  7.241  3.246  0.000 2.54E-5 7.75E-3 0.0000 0.7461 -0.496 0.0000 0.3129  0.000 0.0000 0.0000  0.000  0.000  0.0000  Te-M    
 7.40703E+10 -0.489  3.676  4.354  7.242  3.268  0.000 2.56E-5 7.75E-3 0.0000 0.7461 -0.489 0.0000 0.3129  0.000 0.0000 0.0000  0.000  0.000  0.0000  Xc=0    
 7.57212E+10 -0.428  3.676  4.293  7.250  3.474  0.980 2.58E-5 7.75E-3 0.0000 0.7461 -0.428 0.0086 0.3091  0.000 0.0000 0.0000  0.000  0.000  0.0000          
 7.59292E+10 -0.419  3.675  4.284  7.252  3.506  0.980 2.58E-5 7.75E-3 0.0000 0.7461 -0.419 0.0135 0.3091  0.000 0.0000 0.0000  0.000  0.000  0.0000  Brg     
 7.70427E+10 -0.358  3.673  4.212  7.270  3.732  0.980 2.58E-5 7.75E-3 0.0000 0.7461 -0.358 0.0472 0.2975  0.000 0.0000 0.0000  0.000  0.000  0.0000          
 7.77891E+10 -0.295  3.668  4.131  7.292  3.950  0.980 2.58E-5 7.75E-3 0.0000 0.7135 -0.294 0.0873 0.2797  0.000 0.0000 0.0000  0.000  0.000  0.0000          
 7.82844E+10 -0.225  3.664  4.046  7.314  4.136  0.980 2.58E-5 7.75E-3 0.0000 0.6394 -0.225 0.1238 0.2655  0.000 0.0000 0.0000  0.000  0.000  0.0000          
 7.86081E+10 -0.161  3.662  3.974  7.328  4.267  0.980 2.58E-5 7.75E-3 0.0000 0.5664 -0.162 0.1500 0.2614  0.000 0.0000 0.0000  0.000  0.000  0.0000          
 7.88415E+10 -0.100  3.661  3.909  7.339  4.362  0.980 2.58E-5 7.75E-3 0.0000 0.5206 -0.100 0.1712 0.2584  0.000 0.0000 0.0000  0.000  0.000  0.0000          
 7.90437E+10 -0.036  3.661  3.843  7.350  4.448  0.980 2.58E-5 7.75E-3 0.0000 0.4814 -0.037 0.1837 0.2594  0.000 0.0000 0.0000  0.000  0.000  0.0000          
 7.92361E+10  0.031  3.661  3.774  7.357  4.531  0.980 2.58E-5 7.75E-3 0.0000 0.4413  0.030 0.1975 0.2614  0.000 0.0000 0.0000  0.000  0.000  0.0000          
 7.93988E+10  0.093  3.661  3.712  7.363  4.598  0.980 2.58E-5 7.75E-3 0.0000 0.4162  0.092 0.2108 0.2655  0.000 0.0000 0.0000  0.000  0.000  0.0000          
 7.95447E+10  0.156  3.661  3.650  7.368  4.655  0.980 2.58E-5 7.75E-3 0.0000 0.3963  0.155 0.2218 0.2686  0.000 0.0000 0.0000  0.000  0.000  0.0000          
 7.96769E+10  0.217  3.661  3.590  7.374  4.708  0.980 2.58E-5 7.75E-3 0.0000 0.3854  0.216 0.2319 0.2737  0.000 0.0000 0.0000  0.000  0.000  0.0000          
 7.97940E+10  0.278  3.661  3.529  7.379  4.754  0.980 2.58E-5 7.75E-3 0.0000 0.3725  0.277 0.2414 0.2767  0.000 0.0000 0.0000  0.000  0.000  0.0000          
 7.99072E+10  0.342  3.661  3.463  7.385  4.799  0.980 2.58E-5 7.75E-3 0.0000 0.3648  0.342 0.2514 0.2812  0.000 0.0000 0.0000  0.000  0.000  0.0000          
 8.00100E+10  0.406  3.661  3.400  7.391  4.842  0.980 2.58E-5 7.75E-3 0.0000 0.3597  0.405 0.2604 0.2867  0.000 0.0000 0.0000  0.000  0.000  0.0000          
 8.00918E+10  0.469  3.660  3.335  7.397  4.878  0.980 2.58E-5 7.75E-3 0.0000 0.3586  0.468 0.2686 0.2916  0.000 0.0000 0.0000  0.000  0.000  0.0000          
 8.01702E+10  0.529  3.659  3.271  7.404  4.914  0.980 2.58E-5 7.75E-3 0.0000 0.3564  0.528 0.2772 0.2980  0.000 0.0000 0.0000  0.000  0.000  0.0000          
 8.02337E+10  0.592  3.658  3.205  7.411  4.945  0.980 2.58E-5 7.75E-3 0.0000 0.3570  0.591 0.2849 0.3035  0.000 0.0000 0.0000  0.000  0.000  0.0000          
 8.02908E+10  0.654  3.657  3.139  7.417  4.974  0.980 2.58E-5 7.75E-3 0.0000 0.3570  0.652 0.2927 0.3094  0.000 0.0000 0.0000  0.000  0.000  0.0000          
 8.03438E+10  0.715  3.656  3.074  7.425  5.004  0.980 2.58E-5 7.75E-3 0.0000 0.3570  0.714 0.3007 0.3161  0.000 0.0000 0.0000  0.000  0.000  0.0000          
 8.03916E+10  0.777  3.655  3.005  7.433  5.033  0.980 2.58E-5 7.75E-3 0.0000 0.3570  0.777 0.3088 0.3228  0.000 0.0000 0.0000  0.000  0.000  0.0000          
 8.04336E+10  0.838  3.653  2.939  7.441  5.061  0.980 2.58E-5 7.75E-3 0.0000 0.3570  0.837 0.3168 0.3296  0.000 0.0000 0.0000  0.000  0.000  0.0000          
 8.04710E+10  0.901  3.652  2.868  7.449  5.088  0.980 2.58E-5 7.75E-3 0.0000 0.3570  0.901 0.3250 0.3366  0.000 0.0000 0.0000  0.000  0.000  0.0000          
 8.05058E+10  0.961  3.650  2.801  7.458  5.116  0.980 2.58E-5 7.75E-3 0.0000 0.3570  0.959 0.3336 0.3441  0.000 0.0000 0.0000  0.000  0.000  0.0000          
 8.05454E+10  1.022  3.648  2.734  7.470  5.152  0.980 2.58E-5 7.75E-3 0.0000 0.3573  1.021 0.3446 0.3583  0.000 0.0000 0.0000  0.000  0.000  0.0000          
 8.05907E+10  1.085  3.647  2.665  7.482  5.194  0.980 2.58E-5 7.75E-3 0.0000 0.3637  1.084 0.3579 0.3648  0.000 0.0000 0.0000  0.000  0.000  0.0000          
 8.06106E+10  1.147  3.645  2.595  7.487  5.214  0.980 2.58E-5 7.75E-3 0.0000 0.3696  1.146 0.3641 0.3755  0.000 0.0000 0.0000  0.000  0.000  0.0000          
 8.06285E+10  1.206  3.642  2.526  7.492  5.233  0.980 2.58E-5 7.75E-3 0.0000 0.3758  1.205 0.3705 0.3815  0.000 0.0000 0.0000  0.000  0.000  0.0000          
 8.06442E+10  1.266  3.640  2.456  7.498  5.251  0.980 2.58E-5 7.75E-3 0.0000 0.3820  1.265 0.3771 0.3875  0.000 0.0000 0.0000  0.000  0.000  0.0000          
 8.06579E+10  1.328  3.637  2.384  7.505  5.269  0.980 2.58E-5 7.75E-3 0.0000 0.3883  1.327 0.3837 0.3934  0.000 0.0000 0.0000  0.000  0.000  0.0000          
 8.06699E+10  1.387  3.634  2.312  7.512  5.287  0.980 2.58E-5 7.75E-3 0.0000 0.3948  1.386 0.3904 0.3954  0.000 0.0000 0.0000  0.000  0.000  0.0000          
 8.06823E+10  1.448  3.632  2.241  7.521  5.307  0.980 2.58E-5 7.75E-3 0.0000 0.4025  1.447 0.3983 0.4030  0.000 0.0000 0.0000  0.000  0.000  0.0000          
 8.06912E+10  1.511  3.628  2.164  7.528  5.323  0.980 2.58E-5 7.75E-3 0.0000 0.4089  1.510 0.4048 0.4092  0.000 0.0000 0.0000  0.000  0.000  0.0000          
 8.07005E+10  1.577  3.624  2.083  7.538  5.342  0.980 2.58E-5 7.75E-3 0.0000 0.4166  1.576 0.4127 0.4169  0.000 0.0000 0.0000  0.000  0.000  0.0000          
 8.07084E+10  1.642  3.622  2.010  7.547  5.360  0.980 2.58E-5 7.75E-3 0.0000 0.4242  1.641 0.4206 0.4244  0.000 0.0000 0.0000  0.000  0.000  0.0000          
 8.07151E+10  1.707  3.617  1.924  7.557  5.378  0.980 2.58E-5 7.75E-3 0.0000 0.4316  1.705 0.4282 0.4318  0.000 0.0000 0.0000  0.000  0.000  0.0000          
 8.07220E+10  1.774  3.613  1.842  7.568  5.398  0.980 2.58E-5 7.75E-3 0.0000 0.4404  1.772 0.4372 0.4407  0.000 0.0000 0.0000  0.000  0.000  0.0000          
 8.07269E+10  1.833  3.610  1.768  7.577  5.415  0.980 2.58E-5 7.75E-3 0.0000 0.4479  1.831 0.4448 0.4481  0.000 0.0000 0.0000  0.000  0.000  0.0000          
 8.07319E+10  1.898  3.606  1.689  7.589  5.434  0.980 2.58E-5 7.75E-3 0.0000 0.4566  1.896 0.4540 0.4568  0.000 0.0000 0.0000  0.000  0.000  0.0000          
 8.07362E+10  1.958  3.602  1.612  7.600  5.452  0.980 2.58E-5 7.75E-3 0.0000 0.4653  1.956 0.4631 0.4655  0.000 0.0000 0.0000  0.000  0.000  0.0000          
 8.07399E+10  2.019  3.598  1.534  7.611  5.470  0.980 2.58E-5 7.75E-3 0.0000 0.4738  2.017 0.4719 0.4763  0.000 0.0000 0.0000  0.000  0.000  0.0000          
 8.07430E+10  2.085  3.593  1.450  7.621  5.488  0.980 2.58E-5 7.75E-3 0.0000 0.4824  2.083 0.4804 0.4827  0.000 0.0000 0.0000  0.000  0.000  0.0000          
 8.07462E+10  2.148  3.589  1.370  7.634  5.508  0.980 2.58E-5 7.75E-3 0.0000 0.4922  2.146 0.4906 0.4946  0.000 0.0000 0.0000  0.000  0.000  0.0055          
 8.07485E+10  2.209  3.584  1.291  7.644  5.525  0.980 2.58E-5 7.75E-3 0.0000 0.5008  2.207 0.4990 0.5011  0.000 0.0000 0.0000  0.000  0.000  0.0221          
 8.07509E+10  2.269  3.579  1.212  7.657  5.544  0.980 2.58E-5 7.75E-3 0.0000 0.5106  2.266 0.5091 0.5109  0.000 0.0000 0.0000  0.000  0.000  0.0413          
 8.07529E+10  2.331  3.574  1.127  7.668  5.562  0.980 2.58E-5 7.75E-3 0.0000 0.5203  2.329 0.5187 0.5206  0.000 0.0000 0.0000  0.000  0.000  0.0638          
 8.07546E+10  2.393  3.570  1.049  7.680  5.580  0.980 2.58E-5 7.75E-3 0.0000 0.5299  2.391 0.5284 0.5302  0.000 0.0000 0.0000  0.000  0.000  0.0866          
 8.07563E+10  2.456  3.564  0.962  7.693  5.599  0.980 2.58E-5 7.75E-3 0.0000 0.5408  2.454 0.5394 0.5410  0.000 0.0000 0.0000  0.000  0.000  0.1081          
 8.07578E+10  2.513  3.559  0.885  7.704  5.619  0.980 2.58E-5 7.75E-3 0.0000 0.5517  2.510 0.5504 0.5535  0.000 0.0000 0.0000  0.000 -1.487  0.1435          
 8.07592E+10  2.581  3.552  0.790  7.716  5.641  0.980 2.58E-5 7.75E-3 0.0000 0.5638  2.578 0.5626 0.5654  0.000 0.0000 0.0000  0.000 -1.419  0.1889          
 8.07603E+10  2.638  3.547  0.712  7.726  5.660  0.980 2.58E-5 7.75E-3 0.0000 0.5747  2.636 0.5737 0.5763  0.000 0.0000 0.0000  0.000 -1.362  0.2076          
 8.07613E+10  2.697  3.539  0.621  7.737  5.678  0.980 2.58E-5 7.75E-3 0.0000 0.5856  2.695 0.5845 0.5858  0.000 0.0000 0.0000  0.000 -1.303  0.2335          
 8.07623E+10  2.755  3.535  0.547  7.749  5.701  0.980 2.58E-5 7.75E-3 0.0000 0.5989  2.752 0.5978 0.6003  0.000 0.0000 0.0000  0.000 -1.245  0.2516          
 8.07631E+10  2.812  3.529  0.467  7.759  5.719  0.980 2.58E-5 7.75E-3 0.0000 0.6097  2.809 0.6087 0.6110  0.000 0.0000 0.0000  0.000 -1.188  0.2734          
 8.07639E+10  2.867  3.522  0.385  7.772  5.740  0.980 2.58E-5 7.75E-3 0.0000 0.6230  2.864 0.6221 0.6243  0.000 0.0000 0.0000  0.000 -1.133  0.2888          
 8.07645E+10  2.928  3.514  0.292  7.783  5.761  0.980 2.58E-5 7.75E-3 0.0000 0.6362  2.925 0.6354 0.6374  0.000 0.0000 0.0000  0.000 -1.072  0.3043          
 8.07652E+10  2.987  3.508  0.210  7.796  5.784  0.980 2.58E-5 7.75E-3 0.0000 0.6506  2.984 0.6498 0.6517  0.000 0.0000 0.0000  0.000 -1.013  0.3193          
 8.07658E+10  3.047  3.502  0.123  7.809  5.808  0.980 2.58E-5 7.75E-3 0.0000 0.6662  3.044 0.6655 0.6673  0.000 0.0000 0.0000  0.000 -0.953  0.3451          
 8.07664E+10  3.102  3.493  0.032  7.822  5.832  0.980 2.58E-5 7.75E-3 0.0000 0.6818  3.098 0.6811 0.6828  0.000 0.0000 0.0000  0.000 -0.898  0.3545          
 8.07668E+10  3.156  3.486 -0.048  7.834  5.853  0.980 2.58E-5 7.75E-3 0.0000 0.6962  3.153 0.6955 0.6963  0.000 0.0000 0.0000  0.000 -0.543  0.3676          
 8.07673E+10  3.216  3.479 -0.139  7.849  5.881  0.980 2.58E-5 7.75E-3 0.0000 0.7153  3.212 0.7147 0.7162  0.000 0.0000 0.0000  0.000 -0.483  0.3872          
 8.07677E+10  3.277  3.474 -0.217  7.862  5.907  0.980 2.58E-5 7.75E-3 0.0000 0.7339  3.273 0.7333 0.7347  0.000 0.0000 0.0000  0.000 -0.422  0.4060          
 8.07682E+10  3.332  3.468 -0.296  7.876  5.935  0.980 2.58E-5 7.75E-3 0.0000 0.7533  3.328 0.7528 0.7540 -0.367 0.0000 0.4948  0.000 -0.367  0.4184          
 8.07685E+10  3.375  3.465 -0.352  7.885  5.954  0.980 2.58E-5 7.75E-3 0.0000 0.7713  3.371 0.7708 0.7720  1.255 0.0000 0.5650  0.000 -0.148  0.3102  F       
