 age/yr       logL   logTef grav   logTc  logrho Xc,Yc Xc_C    Xc_O    Q_conv Q_disc  logL_H Q1_H  Q2_H    logL_He Q1_He Q2_He  logL_C logL_nu Q_Tmax stage
 0.00000E+00  2.155  4.134  4.308  7.399  1.518  0.707 3.91E-5 9.06E-3 0.2767 0.2726  2.155 0.0000 0.4523  0.000 0.0000 0.0000  0.000  0.000  0.0000  ZAMS                
 3.57053E+06  2.153  4.132  4.302  7.399  1.514  0.700 4.10E-5 8.41E-3 0.2797 0.2807  2.154 0.0000 0.4523  0.000 0.0000 0.0000  0.000  0.000  0.0000          
 6.54733E+07  2.201  4.115  4.186  7.397  1.479  0.599 7.08E-5 4.14E-3 0.2625 0.4375  2.202 0.0000 0.3327  0.000 0.0000 0.0000  0.000  0.000  0.0000          
 1.15479E+08  2.251  4.101  4.082  7.404  1.474  0.500 8.47E-5 2.51E-3 0.2396 0.4807  2.251 0.0000 0.2706  0.000 0.0000 0.0000  0.000  0.000  0.0000          
 1.56137E+08  2.295  4.086  3.975  7.414  1.479  0.398 9.44E-5 1.64E-3 0.2122 0.4944  2.297 0.0000 0.2154  0.000 0.0000 0.0000  0.000  0.000  0.0000          
 1.88712E+08  2.338  4.066  3.854  7.426  1.495  0.299 1.02E-4 1.17E-3 0.1858 0.4944  2.339 0.0000 0.1785  0.000 0.0000 0.0000  0.000  0.000  0.0000          
 2.14492E+08  2.373  4.041  3.717  7.440  1.525  0.198 1.10E-4 8.78E-4 0.1585 0.4944  2.375 0.0000 0.1543  0.000 0.0000 0.0000  0.000  0.000  0.0000          
 2.34686E+08  2.400  4.011  3.572  7.461  1.582  0.099 1.20E-4 7.03E-4 0.1315 0.5077  2.402 0.0000 0.1297  0.000 0.0000 0.0000  0.000  0.000  0.0000          
 2.42971E+08  2.415  3.998  3.507  7.480  1.638  0.049 1.29E-4 6.36E-4 0.1179 0.5077  2.416 0.0000 0.1185  0.000 0.0000 0.0000  0.000  0.000  0.0000          
 2.45692E+08  2.423  3.997  3.492  7.491  1.671  0.032 1.34E-4 6.13E-4 0.1136 0.5077  2.423 0.0000 0.1271  0.000 0.0000 0.0000  0.000  0.000  0.0000  Te-m    
 2.48771E+08  2.447  4.006  3.507  7.520  1.756  0.010 1.48E-4 5.82E-4 0.1083 0.5077  2.442 0.0000 0.1596  0.000 0.0000 0.0000  0.000  0.000  0.0000          
 2.49961E+08  2.504  4.042  3.591  7.574  1.930  0.001 1.75E-4 5.66E-4 0.0976 0.5077  2.453 0.0000 0.2225  0.000 0.0000 0.0000  0.000  0.000  0.0000          
 2.50074E+08  2.533  4.055  3.618  7.600  2.073  0.000 1.90E-4 5.64E-4 0.0666 0.5077  2.427 0.0000 0.3441  0.000 0.0000 0.0000  0.000  0.000  0.0000          
 2.50106E+08  2.537  4.058  3.623  7.602  2.171  0.000 1.94E-4 5.64E-4 0.0302 0.5077  2.477 0.0000 0.4017  0.000 0.0000 0.0000  0.000  0.000  0.0000  Te-M    
 2.50126E+08  2.525  4.055  3.626  7.580  2.285  0.000 1.98E-4 5.64E-4 0.0000 0.5077  2.583 0.0000 0.3804  0.000 0.0000 0.0000  0.000  0.000  0.0000  Xc=0    
 2.50158E+08  2.485  4.043  3.615  7.562  2.401  0.982 1.98E-4 5.64E-4 0.0000 0.5077  2.585 0.0086 0.3441  0.000 0.0000 0.0000  0.000  0.000  0.0000          
 2.50200E+08  2.475  4.026  3.557  7.556  2.512  0.982 1.98E-4 5.64E-4 0.0000 0.5077  2.574 0.0143 0.2757  0.000 0.0000 0.0000  0.000  0.000  0.0000          
 2.50256E+08  2.497  4.009  3.465  7.556  2.624  0.982 1.98E-4 5.64E-4 0.0000 0.5011  2.575 0.0244 0.2553  0.000 0.0000 0.0000  0.000  0.000  0.0000          
 2.50332E+08  2.513  3.990  3.374  7.558  2.736  0.982 1.98E-4 5.64E-4 0.0000 0.5011  2.573 0.0314 0.2375  0.000 0.0000 0.0000  0.000  0.000  0.0000          
 2.50401E+08  2.517  3.974  3.306  7.562  2.822  0.982 1.98E-4 5.64E-4 0.0000 0.5011  2.570 0.0386 0.2311  0.000 0.0000 0.0000  0.000  0.000  0.0000          
 2.50427E+08  2.518  3.968  3.283  7.564  2.850  0.982 1.98E-4 5.64E-4 0.0000 0.5011  2.569 0.0422 0.2257  0.000 0.0000 0.0000  0.000  0.000  0.0000  L-M     
 2.50512E+08  2.516  3.950  3.212  7.573  2.937  0.982 1.98E-4 5.64E-4 0.0000 0.5011  2.564 0.0462 0.2171  0.000 0.0000 0.0000  0.000  0.000  0.0000          
 2.50607E+08  2.510  3.929  3.136  7.584  3.024  0.982 1.98E-4 5.64E-4 0.0000 0.5011  2.557 0.0541 0.2133  0.000 0.0000 0.0000  0.000  0.000  0.0000          
 2.50674E+08  2.503  3.914  3.081  7.594  3.083  0.982 1.98E-4 5.64E-4 0.0000 0.5011  2.551 0.0580 0.2031  0.000 0.0000 0.0000  0.000  0.000  0.0000          
 2.50744E+08  2.494  3.897  3.022  7.605  3.142  0.982 1.98E-4 5.64E-4 0.0000 0.5011  2.545 0.0637 0.1980  0.000 0.0000 0.0000  0.000  0.000  0.0000          
 2.50816E+08  2.482  3.878  2.957  7.617  3.202  0.982 1.98E-4 5.64E-4 0.0000 0.5011  2.537 0.0696 0.1930  0.000 0.0000 0.0000  0.000  0.000  0.0000          
 2.50888E+08  2.466  3.856  2.885  7.631  3.262  0.982 1.98E-4 5.64E-4 0.0000 0.5011  2.527 0.0737 0.1878  0.000 0.0000 0.0000  0.000  0.000  0.0000          
 2.50961E+08  2.446  3.830  2.804  7.647  3.322  0.982 1.98E-4 5.64E-4 0.0000 0.5011  2.514 0.0777 0.1837  0.000 0.0000 0.0000  0.000  0.000  0.0000          
 2.51034E+08  2.420  3.801  2.712  7.663  3.382  0.982 1.98E-4 5.64E-4 0.0000 0.5011  2.499 0.0818 0.1775  0.000 0.0000 0.0000  0.000  0.000  0.0000          
 2.51070E+08  2.404  3.785  2.666  7.672  3.412  0.982 1.98E-4 5.64E-4 0.0000 0.5011  2.491 0.0838 0.1754  0.000 0.0000 0.0000  0.000  0.000  0.0000          
 2.51106E+08  2.385  3.770  2.623  7.681  3.442  0.982 1.98E-4 5.64E-4 0.0000 0.5011  2.481 0.0858 0.1733  0.000 0.0000 0.0000  0.000  0.000  0.0000          
 2.51178E+08  2.340  3.746  2.573  7.700  3.503  0.982 1.98E-4 5.64E-4 0.0000 0.5011  2.457 0.0899 0.1691  0.000 0.0000 0.0000  0.000  0.000  0.0000          
 2.51248E+08  2.281  3.727  2.555  7.719  3.563  0.982 1.98E-4 5.64E-4 0.0000 0.5011  2.428 0.0938 0.1638  0.000 0.0000 0.0000  0.000  0.000  0.0000          
 2.51316E+08  2.220  3.711  2.552  7.739  3.624  0.982 1.98E-4 5.64E-4 0.0000 0.5011  2.394 0.0976 0.1588  0.000 0.0000 0.0000  0.000  0.000  0.0000          
 2.51384E+08  2.199  3.698  2.520  7.760  3.684  0.982 1.98E-4 5.64E-4 0.0000 0.5011  2.365 0.1007 0.1551  0.000 0.0000 0.0000  0.000  0.000  0.0000  Brg     
 2.51452E+08  2.242  3.686  2.429  7.780  3.743  0.982 1.98E-4 5.64E-4 0.0000 0.5011  2.353 0.1037 0.1527  0.000 0.0000 0.0000  0.000  0.000  0.0000          
 2.51519E+08  2.312  3.677  2.326  7.799  3.800  0.982 1.98E-4 5.64E-4 0.0000 0.4876  2.364 0.1067 0.1502  0.000 0.0000 0.0000  0.000  0.000  0.0000          
 2.51587E+08  2.372  3.671  2.241  7.818  3.856  0.982 1.98E-4 5.64E-4 0.0000 0.4667  2.389 0.1091 0.1484  0.000 0.0000 0.0000  0.000  0.000  0.0000          
 2.51680E+08  2.435  3.665  2.154  7.843  3.931  0.982 1.98E-4 5.64E-4 0.0000 0.3632  2.433 0.1123 0.1467  0.000 0.0000 0.0000  0.000  0.000  0.0000          
 2.51774E+08  2.492  3.660  2.078  7.868  4.005  0.982 1.98E-4 5.64E-4 0.0000 0.3177  2.483 0.1147 0.1458  0.000 0.0000 0.0000  0.000  0.000  0.0000          
 2.51899E+08  2.566  3.654  1.978  7.900  4.100  0.982 1.98E-4 5.64E-4 0.0000 0.2726  2.553 0.1197 0.1449  0.000 0.0000 0.0000  0.000  0.000  0.0000          
 2.52000E+08  2.623  3.648  1.899  7.926  4.175  0.982 1.98E-4 5.64E-4 0.0000 0.2297  2.607 0.1227 0.1449  0.000 0.0000 0.0000  0.000  0.000  0.0000          
 2.52101E+08  2.682  3.644  1.823  7.953  4.248  0.982 1.98E-4 5.64E-4 0.0000 0.2077  2.665 0.1258 0.1449  0.000 0.0000 0.0000  0.000  0.000  0.0000          
 2.52202E+08  2.743  3.640  1.746  7.979  4.320  0.982 2.03E-4 5.64E-4 0.0000 0.1930  2.725 0.1292 0.1449  0.000 0.0000 0.0013  0.000  0.000  0.0000          
 2.52301E+08  2.803  3.636  1.668  8.004  4.387  0.982 2.83E-4 5.64E-4 0.0000 0.1832  2.784 0.1320 0.1456 -0.896 0.0000 0.0071  0.000  0.000  0.0000          
 2.52399E+08  2.863  3.632  1.593  8.039  4.439  0.981 9.34E-4 5.64E-4 0.0034 0.1759  2.844 0.1347 0.1463  0.368 0.0000 0.0136  0.000  0.000  0.0000          
 2.52516E+08  2.902  3.628  1.540  8.076  4.381  0.979 3.07E-3 5.66E-4 0.0377 0.1725  2.882 0.1375 0.1480  1.657 0.0000 0.0143  0.000  0.000  0.0000  Tip     
 2.53073E+08  2.844  3.633  1.617  8.076  4.249  0.969 1.25E-2 6.06E-4 0.0422 0.1725  2.825 0.1465 0.1569  1.404 0.0000 0.0160  0.000  0.000  0.0000          
 2.53458E+08  2.783  3.638  1.696  8.079  4.223  0.962 1.95E-2 6.68E-4 0.0422 0.1725  2.759 0.1506 0.1611  1.451 0.0000 0.0168  0.000  0.000  0.0000          
 2.53744E+08  2.724  3.642  1.772  8.080  4.206  0.956 2.49E-2 7.35E-4 0.0432 0.1725  2.695 0.1531 0.1636  1.482 0.0000 0.0168  0.000  0.000  0.0000          
 2.53997E+08  2.665  3.646  1.849  8.082  4.194  0.951 3.00E-2 8.12E-4 0.0432 0.1725  2.630 0.1551 0.1654  1.504 0.0000 0.0176  0.000  0.000  0.0000          
 2.54263E+08  2.600  3.652  1.938  8.083  4.183  0.945 3.56E-2 9.12E-4 0.0432 0.1725  2.556 0.1567 0.1669  1.525 0.0000 0.0176  0.000  0.000  0.0000          
 2.54547E+08  2.532  3.658  2.027  8.084  4.173  0.939 4.18E-2 1.04E-3 0.0432 0.1725  2.479 0.1580 0.1683  1.543 0.0000 0.0184  0.000  0.000  0.0000          
 2.54873E+08  2.465  3.663  2.116  8.085  4.164  0.935 4.56E-2 1.17E-3 0.0482 0.1725  2.400 0.1593 0.1696  1.561 0.0000 0.0184  0.000 -1.535  0.0000          
 2.55254E+08  2.402  3.668  2.199  8.086  4.153  0.929 5.04E-2 1.32E-3 0.0544 0.1727  2.324 0.1606 0.1710  1.578 0.0000 0.0184  0.000 -1.598  0.0000          
 2.55833E+08  2.336  3.674  2.291  8.088  4.141  0.923 5.60E-2 1.55E-3 0.0592 0.1727  2.240 0.1621 0.1742  1.595 0.0000 0.0192  0.000 -1.664  0.0000          
 2.56788E+08  2.277  3.682  2.378  8.089  4.129  0.906 7.20E-2 2.13E-3 0.0604 0.1731  2.159 0.1642 0.1770  1.621 0.0000 0.0192  0.000 -1.723  0.0000          
 2.58151E+08  2.253  3.689  2.430  8.092  4.117  0.881 9.57E-2 3.27E-3 0.0625 0.1758  2.116 0.1664 0.1811  1.652 0.0000 0.0201  0.000 -1.747  0.0000  Bhe     
 2.75454E+08  2.311  3.693  2.390  8.121  4.060  0.529 3.88E-1 5.86E-2 0.0810 0.1892  2.117 0.1778 0.1902  1.866 0.0000 0.0261  0.000 -1.388  0.0000          
 2.79822E+08  2.328  3.694  2.376  8.130  4.048  0.442 4.45E-1 8.84E-2 0.0845 0.1922  2.112 0.1801 0.1931  1.920 0.0000 0.0281  0.000 -1.371  0.0000  LpT     
 3.01155E+08  2.369  3.682  2.289  8.214  4.123  0.051 4.41E-1 4.83E-1 0.0878 0.2030  1.952 0.1907 0.2023  2.160 0.0000 0.0436  0.000 -0.677  0.0000          
 3.03894E+08  2.419  3.672  2.200  8.265  4.271  0.007 3.39E-1 6.29E-1 0.0691 0.2033  2.062 0.1922 0.2017  2.150 0.0000 0.0486  0.000 -0.303  0.0000          
 3.04181E+08  2.475  3.666  2.117  8.301  4.407  0.001 3.21E-1 6.53E-1 0.0449 0.2033  2.200 0.1925 0.2003  1.956 0.0000 0.0561  0.000  0.006  0.0000          
 3.04237E+08  2.516  3.662  2.062  8.314  4.541  0.000 3.19E-1 6.56E-1 0.0000 0.2033  2.282 0.1926 0.1996  1.030 0.0000 0.1115  0.000  0.159  0.0000  Yc=0    
 3.04282E+08  2.582  3.656  1.971  8.324  4.682  0.000 3.19E-1 6.56E-1 0.0000 0.2033  2.363 0.1928 0.1991  1.349 0.0100 0.1163  0.000  0.526  0.0000          
 3.04325E+08  2.651  3.650  1.876  8.336  4.790  0.000 3.19E-1 6.56E-1 0.0000 0.2033  2.442 0.1929 0.1987  1.780 0.0199 0.1236  0.000  0.647  0.0000          
 3.05083E+08  2.722  3.644  1.784  8.308  5.257  0.000 3.19E-1 6.56E-1 0.0000 0.2033 -0.047 0.1940 0.1982  2.722 0.0568 0.1345  0.000  0.620  0.0000          
 3.05278E+08  2.786  3.639  1.700  8.305  5.320  0.000 3.19E-1 6.56E-1 0.0000 0.2033 -0.913 0.1940 0.1974  2.784 0.0619 0.1355  0.000  0.661  0.0000          
 3.05473E+08  2.844  3.635  1.624  8.305  5.379  0.000 3.19E-1 6.56E-1 0.0000 0.2033  0.000 0.1940 0.1969  2.839 0.0667 0.1375  0.000  0.719  0.0000          
 3.05676E+08  2.906  3.630  1.542  8.307  5.442  0.000 3.19E-1 6.56E-1 0.0000 0.2033  0.000 0.1940 0.1962  2.900 0.0725 0.1399  0.000  0.793  0.0000          
 3.05903E+08  2.983  3.623  1.439  8.311  5.517  0.000 3.19E-1 6.56E-1 0.0000 0.2033  0.000 0.1940 0.0000  2.975 0.0803 0.1438  0.000  0.892  0.0000          
 3.06055E+08  3.042  3.619  1.362  8.316  5.573  0.000 3.19E-1 6.56E-1 0.0000 0.2033  0.000 0.1940 0.0000  3.033 0.0861 0.1465  0.000  0.981  0.0000          
 3.06205E+08  3.110  3.614  1.273  8.321  5.635  0.000 3.19E-1 6.56E-1 0.0000 0.2033  0.000 0.1940 0.0000  3.099 0.0935 0.1491  0.000  1.088  0.0000          
 3.06339E+08  3.182  3.607  1.176  8.327  5.701  0.000 3.19E-1 6.56E-1 0.0000 0.2032  0.000 0.1940 0.0000  3.169 0.1024 0.1533  0.000  1.208  0.0045          
 3.06440E+08  3.245  3.602  1.092  8.331  5.759  0.000 3.19E-1 6.56E-1 0.0000 0.2015  0.000 0.1940 0.0000  3.229 0.1107 0.1565  0.000  1.317  0.0117          
 3.06546E+08  3.320  3.595  0.990  8.334  5.830  0.000 3.19E-1 6.56E-1 0.0000 0.2000  0.000 0.1940 0.0000  3.300 0.1262 0.1608  0.000  1.460  0.0199          
 3.06613E+08  3.377  3.590  0.913  8.336  5.885  0.000 3.19E-1 6.56E-1 0.0000 0.1991  0.000 0.1940 0.0000  3.353 0.1328 0.1646  0.000  1.576  0.0281          
 3.06680E+08  3.442  3.585  0.824  8.336  5.950  0.000 3.19E-1 6.56E-1 0.0000 0.1984  0.000 0.1940 0.0000  3.418 0.1432 0.1690  0.000  1.712  0.0351          
 3.06739E+08  3.506  3.579  0.740  8.332  6.013  0.000 3.19E-1 6.56E-1 0.0000 0.1980  0.000 0.1940 0.0000  3.479 0.1467 0.1729  0.000  1.834  0.0458          
 3.06800E+08  3.571  3.572  0.648  8.321  6.085  0.000 3.19E-1 6.56E-1 0.0000 0.1976  0.000 0.1940 0.0000  3.541 0.1547 0.1776  0.000  1.964  0.0542          
 3.06857E+08  3.630  3.567  0.567  8.304  6.165  0.000 3.19E-1 6.56E-1 0.0000 0.1973  0.000 0.1940 0.1956  3.594 0.1631 0.1824  0.000  2.102  0.0649          
 3.06938E+08  3.690  3.560  0.480  8.265  6.300  0.000 3.19E-1 6.56E-1 0.0000 0.1973  2.697 0.1952 0.1961  3.598 0.1767 0.1901  0.000  2.316  0.0849          
 3.06965E+08  3.746  3.555  0.401  8.246  6.349  0.000 3.19E-1 6.56E-1 0.0000 0.1973  3.228 0.1958 0.1964  3.538 0.1790 0.1921  0.000  2.378  0.0916          
 3.07001E+08  3.802  3.549  0.322  8.217  6.412  0.000 3.19E-1 6.56E-1 0.0000 0.1973  3.521 0.1966 0.1969  3.396 0.1830 0.1941  0.000  2.432  0.1010          
 3.07018E+08  3.857  3.543  0.242  8.203  6.441  0.000 3.19E-1 6.56E-1 0.0000 0.1973  3.504 0.1970 0.1972  3.278 0.1846 0.1949  0.000  2.447  0.1049          
 3.07048E+08  3.913  3.537  0.163  8.177  6.487  0.000 3.19E-1 6.56E-1 0.0000 0.1976  3.638 0.1976 0.1976  2.995 0.1866 0.1959  0.000  2.454  0.1121          
 3.07049E+08  3.918  3.536  0.157  8.176  6.489  0.000 3.19E-1 6.56E-1 0.0000 0.1977  3.645 0.1976 0.1977  3.020 0.1867 0.1959  0.000  2.453  0.1121  1tp
