3300.41455078125  3.182931E-17
3301.27750873566  2.748211E-17
3302.14046669006  2.242410E-17
3303.00342464447  -2.999064E-17
3303.86638259888  -2.700392E-17
3304.72934055329  1.898916E-17
3305.59229850769  2.278542E-18
3306.4552564621  -1.811102E-17
3307.31821441651  -5.753806E-20
3308.18117237091  8.625426E-18
3309.04413032532  4.492090E-18
3309.90708827973  -1.644569E-18
3310.77004623413  -1.391273E-17
3311.63300418854  -9.642643E-18
3312.49596214295  4.602021E-19
3313.35892009735  3.091704E-17
3314.22187805176  1.230139E-17
3315.08483600617  -1.353571E-17
3315.94779396057  1.817743E-17
3316.81075191498  2.104754E-17
3317.67370986939  2.347999E-17
3318.53666782379  4.024811E-17
3319.3996257782  1.279678E-17
3320.26258373261  -8.702519E-20
3321.12554168701  2.461039E-17
3321.98849964142  2.844175E-17
3322.85145759583  4.191241E-17
3323.71441555023  4.879785E-17
3324.57737350464  3.288215E-17
3325.44033145905  -1.589743E-17
3326.30328941345  -4.659311E-17
3327.16624736786  -7.938920E-18
3328.02920532227  2.574763E-17
3328.89216327667  1.690960E-17
3329.75512123108  2.811833E-17
3330.61807918549  1.903249E-17
3331.48103713989  1.138818E-18
3332.3439950943  -1.597919E-17
3333.20695304871  -3.630564E-17
3334.06991100311  -3.254271E-17
3334.93286895752  1.660896E-20
3335.79582691193  2.444884E-17
3336.65878486633  4.655670E-18
3337.52174282074  2.932753E-17
3338.38470077515  5.627414E-17
3339.24765872955  1.499755E-17
3340.11061668396  2.182901E-18
3340.97357463837  2.274879E-17
3341.83653259278  1.362010E-17
3342.69949054718  3.804728E-18
3343.56244850159  2.347719E-17
3344.425406456  3.307718E-17
3345.2883644104  3.358769E-17
3346.15132236481  3.964553E-17
3347.01428031922  2.224174E-17
3347.87723827362  4.656648E-18
3348.74019622803  1.104577E-17
3349.60315418244  1.842387E-17
3350.46611213684  5.473017E-17
3351.32907009125  5.194495E-17
3352.19202804566  2.038180E-18
3353.05498600006  4.523190E-17
3353.91794395447  7.525259E-17
3354.78090190888  2.676392E-17
3355.64385986328  3.162887E-17
3356.50681781769  4.949369E-17
3357.3697757721  5.252831E-17
3358.2327337265  3.638439E-17
3359.09569168091  2.429203E-17
3359.95864963532  -6.937587E-18
3360.82160758972  -7.553674E-18
3361.68456554413  1.761601E-17
3362.54752349854  2.477047E-17
3363.41048145294  2.969372E-18
3364.27343940735  -2.352829E-17
3365.13639736176  -3.583502E-18
3365.99935531616  -1.884217E-17
3366.86231327057  -3.172454E-17
3367.72527122498  1.412278E-17
3368.58822917938  1.607591E-17
3369.45118713379  -1.548051E-17
3370.3141450882  -8.458368E-19
3371.1771030426  4.605814E-18
3372.04006099701  -1.706380E-17
3372.90301895142  -4.755380E-18
3373.76597690582  3.037604E-17
3374.62893486023  3.295617E-17
3375.49189281464  5.567693E-17
3376.35485076904  5.240102E-17
3377.21780872345  3.717640E-17
3378.08076667786  5.040070E-17
3378.94372463227  3.870400E-17
3379.80668258667  1.457756E-17
3380.66964054108  1.709530E-17
3381.53259849549  4.110698E-17
3382.39555644989  3.492273E-17
3383.2585144043  1.783423E-17
3384.1214723587  9.355590E-18
3384.98443031311  -8.810501E-18
3385.84738826752  -1.373508E-17
3386.71034622193  1.443549E-17
3387.57330417633  7.350964E-18
3388.43626213074  4.164808E-18
3389.29922008515  3.638462E-17
3390.16217803955  5.949618E-18
3391.02513599396  4.008904E-17
3391.88809394837  4.925913E-17
3392.75105190277  -6.707219E-19
3393.61400985718  -1.261622E-17
3394.47696781159  1.877173E-17
3395.33992576599  5.479005E-17
3396.2028837204  3.264913E-17
3397.06584167481  -9.562325E-18
3397.92879962921  -1.229561E-17
3398.79175758362  1.066702E-18
3399.65471553803  3.018962E-17
3400.51767349243  5.886721E-17
3401.38063144684  2.180362E-17
3402.24358940125  2.331472E-17
3403.10654735565  3.401943E-17
3403.96950531006  5.802957E-18
3404.83246326447  6.068197E-18
3405.69542121887  1.292380E-17
3406.55837917328  -6.389131E-18
3407.42133712769  -3.173162E-18
3408.28429508209  4.276647E-17
3409.1472530365  6.633822E-17
3410.01021099091  2.211542E-17
3410.87316894531  -7.062120E-18
3411.73612689972  2.518728E-17
3412.59908485413  4.835803E-17
3413.46204280853  2.839396E-17
3414.32500076294  -8.943473E-18
3415.18795871735  -9.818978E-18
3416.05091667175  1.114364E-17
3416.91387462616  1.831900E-17
3417.77683258057  1.170339E-17
3418.63979053498  5.637244E-19
3419.50274848938  1.070266E-18
3420.36570644379  1.529679E-18
3421.2286643982  1.311151E-17
3422.0916223526  5.655692E-18
3422.95458030701  1.056643E-17
3423.81753826142  2.991931E-17
3424.68049621582  1.179639E-17
3425.54345417023  2.606465E-19
3426.40641212464  4.401946E-18
3427.26937007904  -4.841551E-18
3428.13232803345  1.998814E-17
3428.99528598786  3.967921E-17
3429.85824394226  3.071370E-17
3430.72120189667  4.687858E-17
3431.58415985108  3.424791E-17
3432.44711780548  1.000952E-17
3433.31007575989  2.893413E-17
3434.1730337143  2.406706E-17
3435.0359916687  3.461040E-17
3435.89894962311  3.946612E-17
3436.76190757752  3.091219E-17
3437.62486553192  2.280176E-17
3438.48782348633  8.472279E-18
3439.35078144074  2.793219E-17
3440.21373939514  3.676898E-17
3441.07669734955  3.900453E-18
3441.93965530396  2.272932E-18
3442.80261325836  3.413257E-17
3443.66557121277  8.615307E-18
3444.52852916718  -7.398945E-18
3445.39148712158  3.404927E-18
3446.25444507599  1.013754E-17
3447.1174030304  2.372455E-17
3447.9803609848  -4.210135E-18
3448.84331893921  -1.306744E-17
3449.70627689362  3.535682E-17
3450.56923484802  3.927667E-17
3451.43219280243  -2.376862E-19
3452.29515075684  -1.741945E-18
3453.15810871124  1.118746E-17
3454.02106666565  7.287097E-18
3454.88402462006  1.962454E-17
3455.74698257446  1.298685E-17
3456.60994052887  2.003475E-17
3457.47289848328  1.766516E-17
3458.33585643769  -8.667662E-18
3459.19881439209  -7.408511E-19
3460.0617723465  3.330112E-17
3460.9247303009  2.787321E-17
3461.78768825531  -1.374935E-17
3462.65064620972  -8.068557E-18
3463.51360416413  1.478595E-17
3464.37656211853  2.188777E-17
3465.23952007294  2.103788E-17
3466.10247802735  2.731150E-17
3466.96543598175  2.271496E-17
3467.82839393616  1.012242E-17
3468.69135189057  1.985186E-17
3469.55430984497  2.999573E-17
3470.41726779938  2.015408E-17
3471.28022575379  2.279711E-17
3472.14318370819  7.579157E-18
3473.0061416626  -1.107198E-18
3473.86909961701  2.080740E-17
3474.73205757141  2.519647E-17
3475.59501552582  3.345354E-17
3476.45797348023  3.208992E-17
3477.32093143463  8.770534E-18
3478.18388938904  2.483214E-17
3479.04684734345  5.114544E-17
3479.90980529785  3.012581E-17
3480.77276325226  1.518569E-17
3481.63572120667  2.089400E-17
3482.49867916107  4.502262E-17
3483.36163711548  4.847098E-17
3484.22459506989  4.359775E-17
3485.08755302429  4.944368E-17
3485.9505109787  4.022939E-17
3486.81346893311  1.619613E-17
3487.67642688751  2.520079E-17
3488.53938484192  4.411350E-17
3489.40234279633  1.379261E-17
3490.26530075073  5.254235E-19
3491.12825870514  5.216648E-18
3491.99121665955  2.456132E-17
3492.85417461395  3.815719E-17
3493.71713256836  2.494209E-17
3494.58009052277  3.531466E-17
3495.44304847717  3.487751E-17
3496.30600643158  2.128150E-17
3497.16896438599  2.888249E-17
3498.0319223404  2.529083E-17
3498.8948802948  6.118554E-18
3499.75783824921  8.246705E-18
3500.62079620362  2.891101E-17
3501.48375415802  2.110900E-17
3502.34671211243  7.336222E-18
3503.20967006684  9.848992E-18
3504.07262802124  3.429585E-17
3504.93558597565  1.062838E-17
3505.79854393006  2.042658E-17
3506.66150188446  6.659929E-17
3507.52445983887  4.539321E-17
3508.38741779328  -1.014868E-17
3509.25037574768  1.031794E-17
3510.11333370209  3.412252E-17
3510.9762916565  4.832924E-17
3511.8392496109  4.272902E-17
3512.70220756531  2.093988E-17
3513.56516551972  1.462791E-17
3514.42812347412  2.509265E-17
3515.29108142853  2.501105E-17
3516.15403938294  2.975394E-17
3517.01699733734  2.041216E-17
3517.87995529175  6.338256E-19
3518.74291324616  1.050582E-17
3519.60587120056  4.420982E-17
3520.46882915497  4.222152E-17
3521.33178710938  2.975168E-17
3522.19474506378  1.578110E-17
3523.05770301819  7.816514E-18
3523.9206609726  1.756186E-17
3524.783618927  4.624220E-17
3525.64657688141  3.275681E-17
3526.50953483582  1.447327E-17
3527.37249279022  1.377324E-17
3528.23545074463  2.292379E-17
3529.09840869904  4.598328E-17
3529.96136665344  6.427916E-17
3530.82432460785  2.718679E-17
3531.68728256226  1.235495E-17
3532.55024051666  6.590332E-18
3533.41319847107  4.853870E-18
3534.27615642548  2.347064E-17
3535.13911437988  6.935122E-18
3536.00207233429  9.435997E-18
3536.8650302887  7.351123E-18
3537.7279882431  2.076043E-17
3538.59094619751  4.206210E-17
3539.45390415192  2.215886E-17
3540.31686210633  7.854253E-18
3541.17982006073  2.638944E-17
3542.04277801514  3.152200E-17
3542.90573596954  1.421394E-17
3543.76869392395  1.970798E-17
3544.63165187836  1.763305E-17
3545.49460983277  5.309278E-18
3546.35756778717  2.657697E-17
3547.22052574158  2.289900E-17
3548.08348369599  2.928218E-17
3548.94644165039  1.906856E-17
3549.8093996048  1.671135E-17
3550.67235755921  3.091135E-17
3551.53531551361  2.471613E-17
3552.39827346802  -1.508201E-17
3553.26123142243  -2.913843E-18
3554.12418937683  1.436350E-17
3554.98714733124  2.398737E-17
3555.85010528565  5.011491E-17
3556.71306324005  1.433846E-17
3557.57602119446  1.656145E-17
3558.43897914887  2.927214E-17
3559.30193710327  1.729102E-17
3560.16489505768  3.082709E-18
3561.02785301209  2.926407E-17
3561.89081096649  1.986548E-17
3562.7537689209  -1.211544E-18
3563.61672687531  6.484764E-18
3564.47968482971  1.751534E-17
3565.34264278412  1.416748E-17
3566.20560073853  5.999441E-18
3567.06855869293  2.502495E-17
3567.93151664734  2.719591E-17
3568.79447460175  6.979109E-18
3569.65743255615  1.152940E-17
3570.52039051056  9.743288E-18
3571.38334846497  1.561953E-17
3572.24630641937  9.434868E-18
3573.10926437378  2.445371E-17
3573.97222232819  3.145394E-17
3574.8351802826  -7.195431E-18
3575.698138237  7.897785E-18
3576.56109619141  5.406142E-17
3577.42405414581  5.794358E-17
3578.28701210022  2.957616E-17
3579.14997005463  1.637468E-17
3580.01292800904  1.116298E-19
3580.87588596344  2.856548E-17
3581.73884391785  6.876645E-17
3582.60180187225  3.976926E-17
3583.46475982666  3.846492E-17
3584.32771778107  4.679453E-17
3585.19067573548  3.695468E-17
3586.05363368988  2.164203E-17
3586.91659164429  2.831760E-17
3587.7795495987  3.948272E-17
3588.6425075531  2.944678E-17
3589.50546550751  2.788251E-17
3590.36842346192  4.247840E-18
3591.23138141632  1.607639E-17
3592.09433937073  3.711302E-17
3592.95729732514  2.741891E-17
3593.82025527954  2.206895E-17
3594.68321323395  1.811954E-17
3595.54617118836  2.765024E-17
3596.40912914276  2.538775E-17
3597.27208709717  3.527226E-17
3598.13504505158  4.215910E-17
3598.99800300598  3.893119E-17
3599.86096096039  3.074784E-17
3600.7239189148  3.187217E-17
3601.5868768692  2.992421E-17
3602.44983482361  1.925571E-17
3603.31279277802  4.245593E-17
3604.17575073242  2.811910E-17
3605.03870868683  2.413166E-17
3605.90166664124  2.646416E-17
3606.76462459564  2.686687E-17
3607.62758255005  3.046955E-17
3608.49054050446  2.738752E-17
3609.35349845886  1.878011E-17
3610.21645641327  2.592975E-17
3611.07941436768  3.256321E-17
3611.94237232208  7.718841E-18
3612.80533027649  9.203812E-18
3613.6682882309  9.967957E-18
3614.5312461853  9.589069E-18
3615.39420413971  9.911759E-18
3616.25716209412  1.638965E-17
3617.12012004852  2.794419E-17
3617.98307800293  8.431293E-18
3618.84603595734  -3.049459E-18
3619.70899391174  1.483967E-17
3620.57195186615  2.451986E-17
3621.43490982056  1.569968E-17
3622.29786777497  1.316299E-17
3623.16082572937  2.660556E-17
3624.02378368378  4.345830E-17
3624.88674163819  2.333037E-17
3625.74969959259  1.059574E-17
3626.612657547  3.867957E-17
3627.47561550141  4.216745E-17
3628.33857345581  4.365978E-17
3629.20153141022  2.737590E-17
3630.06448936463  6.573725E-18
3630.92744731903  2.889396E-17
3631.79040527344  2.807789E-17
3632.65336322785  4.747847E-17
3633.51632118225  4.766033E-17
3634.37927913666  1.962171E-17
3635.24223709107  1.872773E-17
3636.10519504547  4.264991E-17
3636.96815299988  5.650873E-17
3637.83111095429  3.110192E-17
3638.69406890869  2.207653E-17
3639.5570268631  4.427404E-17
3640.41998481751  5.028866E-17
3641.28294277191  6.873868E-17
3642.14590072632  6.537938E-17
3643.00885868073  4.717971E-17
3643.87181663513  3.816972E-17
3644.73477458954  3.295390E-17
3645.59773254395  2.153910E-17
3646.46069049835  2.332518E-17
3647.32364845276  3.914369E-17
3648.18660640717  2.504340E-17
3649.04956436157  1.300385E-17
3649.91252231598  1.773632E-17
3650.77548027039  2.104594E-17
3651.63843822479  2.122012E-17
3652.5013961792  3.228036E-17
3653.36435413361  3.113066E-17
3654.22731208801  1.902538E-17
3655.09027004242  2.804086E-17
3655.95322799683  4.640984E-17
3656.81618595123  2.901126E-17
3657.67914390564  1.961734E-17
3658.54210186005  5.300262E-17
3659.40505981445  5.270808E-17
3660.26801776886  3.079615E-17
3661.13097572327  3.469489E-17
3661.99393367768  3.731914E-17
3662.85689163208  3.102721E-17
3663.71984958649  1.685974E-17
3664.58280754089  1.298146E-17
3665.4457654953  2.046928E-17
3666.30872344971  2.174808E-17
3667.17168140412  1.633929E-17
3668.03463935852  -6.599954E-19
3668.89759731293  9.132766E-18
3669.76055526734  2.709994E-17
3670.62351322174  2.961493E-17
3671.48647117615  2.827338E-17
3672.34942913056  3.422792E-17
3673.21238708496  3.227571E-17
3674.07534503937  1.197091E-17
3674.93830299378  1.754780E-17
3675.80126094818  3.358206E-17
3676.66421890259  4.496780E-17
3677.527176857  5.334111E-17
3678.3901348114  5.180847E-17
3679.25309276581  4.473661E-17
3680.11605072022  2.143799E-17
3680.97900867462  3.123990E-18
3681.84196662903  1.953831E-17
3682.70492458344  4.183069E-17
3683.56788253784  3.887725E-17
3684.43084049225  1.634943E-17
3685.29379844666  1.288888E-17
3686.15675640106  3.037585E-17
3687.01971435547  1.644489E-17
3687.88267230988  2.659652E-17
3688.74563026428  4.434582E-17
3689.60858821869  2.943320E-17
3690.4715461731  3.489552E-17
3691.3345041275  3.807497E-17
3692.19746208191  1.495301E-17
3693.06042003632  2.782935E-17
3693.92337799072  3.138092E-17
3694.78633594513  1.308429E-17
3695.64929389954  1.648499E-17
3696.51225185394  3.209253E-17
3697.37520980835  3.658053E-17
3698.23816776276  1.470948E-17
3699.10112571716  7.261109E-18
3699.96408367157  2.154877E-17
3700.82704162598  4.588109E-17
3701.68999958039  4.836567E-17
3702.55295753479  1.227532E-17
3703.4159154892  5.641036E-18
3704.27887344361  1.687878E-17
3705.14183139801  2.135022E-17
3706.00478935242  2.865925E-17
3706.86774730683  2.602728E-17
3707.73070526123  2.323137E-17
3708.59366321564  2.398016E-17
3709.45662117005  2.356447E-17
3710.31957912445  3.089479E-17
3711.18253707886  5.045297E-17
3712.04549503327  4.750945E-17
3712.90845298767  4.538213E-17
3713.77141094208  3.591696E-17
3714.63436889649  3.093506E-17
3715.49732685089  4.930552E-17
3716.3602848053  4.845501E-17
3717.22324275971  4.622676E-17
3718.08620071411  4.092514E-17
3718.94915866852  3.802550E-17
3719.81211662293  4.289685E-17
3720.67507457733  4.893528E-17
3721.53803253174  2.898624E-17
3722.40099048615  3.519278E-17
3723.26394844055  3.911194E-17
3724.12690639496  3.054150E-17
3724.98986434937  4.474880E-17
3725.85282230377  3.499196E-17
3726.71578025818  3.856157E-17
3727.57873821259  3.903786E-17
3728.44169616699  3.538902E-17
3729.3046541214  3.595370E-17
3730.16761207581  5.527580E-17
3731.03057003021  4.186849E-17
3731.89352798462  3.417213E-17
3732.75648593903  3.954629E-17
3733.61944389343  4.849387E-17
3734.48240184784  4.401057E-17
3735.34535980225  3.836512E-17
3736.20831775665  5.145005E-17
3737.07127571106  4.435021E-17
3737.93423366547  3.305819E-17
3738.79719161987  3.950299E-17
3739.66014957428  4.255353E-17
3740.52310752869  2.926991E-17
3741.38606548309  3.323490E-17
3742.2490234375  3.561881E-17
3743.11198139191  2.891106E-17
3743.97493934632  9.252542E-18
3744.83789730072  2.976516E-17
3745.70085525513  3.068269E-17
3746.56381320953  1.863118E-17
3747.42677116394  3.672878E-17
3748.28972911835  3.939713E-17
3749.15268707276  2.276016E-17
3750.01564502716  1.699995E-17
3750.87860298157  3.695792E-17
3751.74156093598  4.464382E-17
3752.60451889038  3.404528E-17
3753.46747684479  2.932842E-17
3754.3304347992  4.897980E-17
3755.1933927536  5.708677E-17
3756.05635070801  4.175171E-17
3756.91930866242  3.560275E-17
3757.78226661682  2.548501E-17
3758.64522457123  4.775358E-17
3759.50818252564  5.294884E-17
3760.37114048004  1.932386E-17
3761.23409843445  1.424960E-17
3762.09705638886  2.644777E-17
3762.96001434326  3.519405E-17
3763.82297229767  3.690166E-17
3764.68593025208  3.509539E-17
3765.54888820648  2.833499E-17
3766.41184616089  2.528885E-17
3767.2748041153  4.196051E-17
3768.1377620697  2.703359E-17
3769.00072002411  1.265833E-18
3769.86367797852  1.233447E-17
3770.72663593292  2.213693E-17
3771.58959388733  2.624871E-17
3772.45255184174  2.234807E-17
3773.31550979614  1.981856E-17
3774.17846775055  1.809377E-17
3775.04142570496  2.142279E-17
3775.90438365936  3.587148E-17
3776.76734161377  4.323596E-17
3777.63029956818  3.919567E-17
3778.49325752258  3.076091E-17
3779.35621547699  4.900150E-17
3780.2191734314  5.208784E-17
3781.08213138581  3.708070E-17
3781.94508934021  3.293889E-17
3782.80804729462  2.849711E-17
3783.67100524903  3.308943E-17
3784.53396320343  2.153348E-17
3785.39692115784  3.282084E-17
3786.25987911225  4.840913E-17
3787.12283706665  4.389972E-17
3787.98579502106  2.591918E-17
3788.84875297547  2.849338E-17
3789.71171092987  4.330768E-17
3790.57466888428  3.108468E-17
3791.43762683869  3.634256E-17
3792.30058479309  4.774518E-17
3793.1635427475  3.802789E-17
3794.02650070191  4.218388E-17
3794.88945865631  3.698799E-17
3795.75241661072  3.627823E-17
3796.61537456513  4.944617E-17
3797.47833251953  4.159212E-17
3798.34129047394  4.363848E-17
3799.20424842835  4.461483E-17
3800.06720638275  3.897900E-17
3800.93016433716  5.189839E-17
3801.79312229157  6.938407E-17
3802.65608024597  5.057196E-17
3803.51903820038  1.877357E-17
3804.38199615479  3.706936E-17
3805.24495410919  6.225186E-17
3806.1079120636  5.355800E-17
3806.97087001801  3.394172E-17
3807.83382797241  1.018332E-17
3808.69678592682  2.843241E-17
3809.55974388123  3.371636E-17
3810.42270183563  3.500203E-17
3811.28565979004  3.792673E-17
3812.14861774445  3.343566E-17
3813.01157569885  2.029877E-17
3813.87453365326  2.037387E-17
3814.73749160767  3.306249E-17
3815.60044956207  3.462555E-17
3816.46340751648  2.651318E-17
3817.32636547089  1.631595E-17
3818.1893234253  2.731786E-17
3819.0522813797  4.477651E-17
3819.91523933411  3.970492E-17
3820.77819728852  3.322715E-17
3821.64115524292  3.253616E-17
3822.50411319733  3.497222E-17
3823.36707115173  2.679937E-17
3824.23002910614  1.210661E-17
3825.09298706055  2.153981E-17
3825.95594501495  4.314828E-17
3826.81890296936  3.842768E-17
3827.68186092377  3.841623E-17
3828.54481887818  4.330776E-17
3829.40777683258  5.514125E-17
3830.27073478699  5.846252E-17
3831.1336927414  4.695905E-17
3831.9966506958  3.384955E-17
3832.85960865021  3.595441E-17
3833.72256660462  3.691959E-17
3834.58552455902  2.160420E-17
3835.44848251343  2.860442E-17
3836.31144046784  2.585308E-17
3837.17439842224  2.453781E-17
3838.03735637665  3.312609E-17
3838.90031433106  3.767602E-17
3839.76327228546  3.813121E-17
3840.62623023987  4.240989E-17
3841.48918819428  3.892222E-17
3842.35214614868  3.584106E-17
3843.21510410309  3.563722E-17
3844.0780620575  4.322316E-17
3844.9410200119  4.364195E-17
3845.80397796631  4.272426E-17
3846.66693592072  4.228165E-17
3847.52989387512  3.021413E-17
3848.39285182953  1.775573E-17
3849.25580978394  2.132705E-17
3850.11876773834  4.112356E-17
3850.98172569275  4.485732E-17
3851.84468364716  6.445769E-17
3852.70764160156  6.526971E-17
3853.57059955597  5.889501E-17
3854.43355751038  4.396571E-17
3855.29651546479  3.672417E-17
3856.15947341919  1.386577E-17
3857.0224313736  3.452021E-17
3857.88538932801  6.003613E-17
3858.74834728241  4.744092E-17
3859.61130523682  4.404899E-17
3860.47426319123  5.191680E-17
3861.33722114563  4.694218E-17
3862.20017910004  5.392917E-17
3863.06313705444  3.852668E-17
3863.92609500885  5.003769E-17
3864.78905296326  5.337353E-17
3865.65201091767  3.340345E-17
3866.51496887207  3.550653E-17
3867.37792682648  2.002808E-17
3868.24088478089  3.182556E-17
3869.10384273529  5.639617E-17
3869.9668006897  4.552258E-17
3870.82975864411  2.685185E-17
3871.69271659851  3.747344E-17
3872.55567455292  3.802218E-17
3873.41863250733  3.374608E-17
3874.28159046173  3.659827E-17
3875.14454841614  3.967624E-17
3876.00750637055  5.176006E-17
3876.87046432495  3.796380E-17
3877.73342227936  2.393885E-17
3878.59638023377  3.081297E-17
3879.45933818817  3.998501E-17
3880.32229614258  5.235304E-17
3881.18525409699  5.453264E-17
3882.04821205139  3.421114E-17
3882.9111700058  3.325663E-17
3883.77412796021  2.901831E-17
3884.63708591461  3.305187E-17
3885.50004386902  3.502289E-17
3886.36300182343  4.031937E-17
3887.22595977783  4.364602E-17
3888.08891773224  4.252809E-17
3888.95187568665  2.031920E-17
3889.81483364105  2.598084E-17
3890.67779159546  3.308910E-17
3891.54074954987  5.682428E-17
3892.40370750427  4.702324E-17
3893.26666545868  4.187206E-17
3894.12962341309  3.310887E-17
3894.99258136749  4.370410E-17
3895.8555393219  4.079108E-17
3896.71849727631  4.898007E-17
3897.58145523071  5.206543E-17
3898.44441318512  2.103423E-17
3899.30737113953  1.429972E-17
3900.17032909393  3.294499E-17
3901.03328704834  5.458452E-17
3901.89624500275  3.642203E-17
3902.75920295716  2.199033E-17
3903.62216091156  2.748219E-17
3904.48511886597  4.176100E-17
3905.34807682038  5.266247E-17
3906.21103477478  4.150746E-17
3907.07399272919  3.401062E-17
3907.9369506836  3.243006E-17
3908.799908638  3.213349E-17
3909.66286659241  3.247092E-17
3910.52582454682  3.685664E-17
3911.38878250122  4.297853E-17
3912.25174045563  3.899304E-17
3913.11469841004  5.488754E-17
3913.97765636444  5.242398E-17
3914.84061431885  3.540402E-17
3915.70357227326  2.490990E-17
3916.56653022766  4.604439E-17
3917.42948818207  5.284011E-17
3918.29244613648  2.322002E-17
3919.15540409088  2.787809E-17
3920.01836204529  5.353597E-17
3920.8813199997  3.840108E-17
3921.7442779541  3.464128E-17
3922.60723590851  5.640045E-17
3923.47019386292  6.683946E-17
3924.33315181732  5.001370E-17
3925.19610977173  5.961257E-17
3926.05906772614  4.655670E-17
3926.92202568054  3.073344E-17
3927.78498363495  2.633939E-17
3928.64794158936  2.334882E-17
3929.51089954376  3.244188E-17
3930.37385749817  4.361474E-17
3931.23681545258  3.666952E-17
3932.09977340698  3.154523E-17
3932.96273136139  2.260711E-17
3933.8256893158  2.601552E-17
3934.6886472702  3.154555E-17
3935.55160522461  3.196231E-17
3936.41456317902  2.420929E-17
3937.27752113342  2.454979E-17
3938.14047908783  3.636067E-17
3939.00343704224  5.752627E-17
3939.86639499664  4.607342E-17
3940.72935295105  2.827650E-17
3941.59231090546  3.522881E-17
3942.45526885986  3.751527E-17
3943.31822681427  4.184715E-17
3944.18118476868  5.580283E-17
3945.04414272309  4.355919E-17
3945.90710067749  3.658663E-17
3946.7700586319  3.571107E-17
3947.6330165863  2.441377E-17
3948.49597454071  2.286579E-17
3949.35893249512  4.719465E-17
3950.22189044953  4.708684E-17
3951.08484840393  5.225925E-17
3951.94780635834  5.606457E-17
3952.81076431275  4.685049E-17
3953.67372226715  4.642866E-17
3954.53668022156  5.768746E-17
3955.39963817597  3.747453E-17
3956.26259613037  3.329993E-17
3957.12555408478  3.874638E-17
3957.98851203919  3.498939E-17
3958.85146999359  2.452957E-17
3959.714427948  4.287741E-17
3960.57738590241  4.324565E-17
3961.44034385681  2.790856E-17
3962.30330181122  3.448246E-17
3963.16625976563  4.234385E-17
3964.02921772003  4.945925E-17
3964.89217567444  4.329518E-17
3965.75513362885  4.474246E-17
3966.61809158325  3.648163E-17
3967.48104953766  3.241135E-17
3968.34400749207  3.796270E-17
3969.20696544647  4.901189E-17
3970.06992340088  4.564731E-17
3970.93288135529  4.120328E-17
3971.79583930969  3.441769E-17
3972.6587972641  3.497314E-17
3973.52175521851  3.768478E-17
3974.38471317291  2.314819E-17
3975.24767112732  3.480335E-17
3976.11062908173  5.315033E-17
3976.97358703613  5.308157E-17
3977.83654499054  4.146203E-17
3978.69950294495  2.318186E-17
3979.56246089935  1.328595E-17
3980.42541885376  3.205458E-17
3981.28837680817  3.814888E-17
3982.15133476257  1.567269E-17
3983.01429271698  1.875896E-17
3983.87725067139  4.346613E-17
3984.7402086258  5.545541E-17
3985.6031665802  4.384957E-17
3986.46612453461  3.162602E-17
3987.32908248901  3.080612E-17
3988.19204044342  3.862805E-17
3989.05499839783  4.381402E-17
3989.91795635224  4.197440E-17
3990.78091430664  5.259226E-17
3991.64387226105  4.822250E-17
3992.50683021546  2.506981E-17
3993.36978816986  2.483354E-17
3994.23274612427  2.812600E-17
3995.09570407868  4.208151E-17
3995.95866203308  6.204269E-17
3996.82161998749  7.823808E-17
3997.6845779419  5.703322E-17
3998.5475358963  3.574948E-17
3999.41049385071  3.716390E-17
4000.27345180512  4.713091E-17
4001.13640975952  4.858658E-17
4001.99936771393  3.738127E-17
4002.86232566834  3.339317E-17
4003.72528362274  3.071148E-17
4004.58824157715  3.249081E-17
4005.45119953156  5.159254E-17
4006.31415748596  6.293425E-17
4007.17711544037  2.954374E-17
4008.04007339478  2.128400E-17
4008.90303134918  3.753819E-17
4009.76598930359  6.142173E-17
4010.628947258  5.544884E-17
4011.4919052124  3.433332E-17
4012.35486316681  4.366387E-17
4013.21782112122  4.822807E-17
4014.08077907562  2.659785E-17
4014.94373703003  1.417184E-17
4015.80669498444  3.467004E-17
4016.66965293884  4.036829E-17
4017.53261089325  3.488572E-17
4018.39556884766  1.878561E-17
4019.25852680206  2.222224E-17
4020.12148475647  4.197615E-17
4020.98444271088  5.162908E-17
4021.84740066528  3.981687E-17
4022.71035861969  3.305201E-17
4023.5733165741  3.760354E-17
4024.4362745285  4.043531E-17
4025.29923248291  3.919151E-17
4026.16219043732  3.726314E-17
4027.02514839172  4.669996E-17
4027.88810634613  5.593628E-17
4028.75106430054  4.821793E-17
4029.61402225494  4.607447E-17
4030.47698020935  6.075607E-17
4031.33993816376  5.652316E-17
4032.20289611817  4.079664E-17
4033.06585407257  3.976324E-17
4033.92881202698  3.541442E-17
4034.79176998139  3.030242E-17
4035.65472793579  3.394590E-17
4036.5176858902  3.793659E-17
4037.38064384461  3.418773E-17
4038.24360179901  5.705854E-17
4039.10655975342  6.626790E-17
4039.96951770783  5.883670E-17
4040.83247566223  4.280337E-17
4041.69543361664  2.812860E-17
4042.55839157105  3.251862E-17
4043.42134952545  3.930407E-17
4044.28430747986  3.169566E-17
4045.14726543427  3.200601E-17
4046.01022338867  3.906229E-17
4046.87318134308  3.969992E-17
4047.73613929749  5.093031E-17
4048.59909725189  5.518162E-17
4049.4620552063  5.210507E-17
4050.32501316071  5.787804E-17
4051.18797111511  5.739172E-17
4052.05092906952  4.396951E-17
4052.91388702393  5.296908E-17
4053.77684497833  6.692051E-17
4054.63980293274  4.912905E-17
4055.50276088715  4.042580E-17
4056.36571884155  4.798143E-17
4057.22867679596  4.887022E-17
4058.09163475037  5.920889E-17
4058.95459270477  6.087799E-17
4059.81755065918  5.825003E-17
4060.68050861359  5.569665E-17
4061.543466568  4.243976E-17
4062.4064245224  3.872546E-17
4063.26938247681  5.051285E-17
4064.13234043121  4.224907E-17
4064.99529838562  4.394316E-17
4065.85825634003  4.428458E-17
4066.72121429443  3.216449E-17
4067.58417224884  4.442460E-17
4068.44713020325  5.886259E-17
4069.31008815765  5.078086E-17
4070.17304611206  4.445947E-17
4071.03600406647  5.797680E-17
4071.89896202088  6.588557E-17
4072.76191997528  6.968959E-17
4073.62487792969  8.088232E-17
4074.4878358841  5.168069E-17
4075.3507938385  4.094776E-17
4076.21375179291  5.182176E-17
4077.07670974731  6.350604E-17
4077.93966770172  6.788252E-17
4078.80262565613  5.381492E-17
4079.66558361054  3.139035E-17
4080.52854156494  3.396394E-17
4081.39149951935  4.157687E-17
4082.25445747376  3.698773E-17
4083.11741542816  4.716150E-17
4083.98037338257  5.596625E-17
4084.84333133698  4.193826E-17
4085.70628929138  3.398698E-17
4086.56924724579  3.842457E-17
4087.4322052002  5.895741E-17
4088.2951631546  6.701260E-17
4089.15812110901  5.613025E-17
4090.02107906342  5.312323E-17
4090.88403701782  6.397020E-17
4091.74699497223  6.523995E-17
4092.60995292664  4.312636E-17
4093.47291088104  3.182006E-17
4094.33586883545  4.641964E-17
4095.19882678986  5.265059E-17
4096.06178474426  3.744483E-17
4096.92474269867  3.421160E-17
4097.78770065308  3.749795E-17
4098.65065860748  4.806145E-17
4099.51361656189  5.632709E-17
4100.3765745163  5.222011E-17
4101.23953247071  5.772973E-17
4102.10249042511  5.563278E-17
4102.96544837952  4.093858E-17
4103.82840633392  4.523287E-17
4104.69136428833  5.665533E-17
4105.55432224274  5.125396E-17
4106.41728019714  5.023940E-17
4107.28023815155  4.784192E-17
4108.14319610596  3.466445E-17
4109.00615406037  4.780972E-17
4109.86911201477  5.429038E-17
4110.73206996918  6.488317E-17
4111.59502792359  6.081104E-17
4112.45798587799  4.797631E-17
4113.3209438324  5.323557E-17
4114.18390178681  5.241615E-17
4115.04685974121  4.492227E-17
4115.90981769562  4.424770E-17
4116.77277565003  3.870922E-17
4117.63573360443  4.144268E-17
4118.49869155884  4.591846E-17
4119.36164951325  4.500875E-17
4120.22460746765  4.895813E-17
4121.08756542206  6.244470E-17
4121.95052337647  4.478117E-17
4122.81348133087  2.120309E-17
4123.67643928528  3.981631E-17
4124.53939723969  5.186618E-17
4125.40235519409  4.651441E-17
4126.2653131485  5.196346E-17
4127.12827110291  4.084052E-17
4127.99122905731  3.663895E-17
4128.85418701172  4.460212E-17
4129.71714496613  3.756702E-17
4130.58010292053  3.092650E-17
4131.44306087494  4.207036E-17
4132.30601882935  5.044648E-17
4133.16897678375  5.880663E-17
4134.03193473816  5.500573E-17
4134.89489269257  4.418704E-17
4135.75785064697  5.086630E-17
4136.62080860138  5.460553E-17
4137.48376655579  3.875278E-17
4138.34672451019  3.764451E-17
4139.2096824646  5.389364E-17
4140.07264041901  6.775824E-17
4140.93559837342  4.778502E-17
4141.79855632782  3.178096E-17
4142.66151428223  5.579399E-17
4143.52447223663  6.619240E-17
4144.38743019104  4.969743E-17
4145.25038814545  3.906661E-17
4146.11334609986  4.176463E-17
4146.97630405426  4.727631E-17
4147.83926200867  5.282477E-17
4148.70221996308  4.369629E-17
4149.56517791748  3.942836E-17
4150.42813587189  4.377148E-17
4151.2910938263  3.936860E-17
4152.1540517807  5.216577E-17
4153.01700973511  6.425835E-17
4153.87996768952  5.942940E-17
4154.74292564392  5.023869E-17
4155.60588359833  5.726495E-17
4156.46884155274  4.739930E-17
4157.33179950714  3.809691E-17
4158.19475746155  3.737308E-17
4159.05771541596  4.989172E-17
4159.92067337036  4.469428E-17
4160.78363132477  4.225975E-17
4161.64658927918  3.964163E-17
4162.50954723358  5.115345E-17
4163.37250518799  7.117426E-17
4164.2354631424  5.046018E-17
4165.0984210968  2.626628E-17
4165.96137905121  3.367227E-17
4166.82433700562  4.652725E-17
4167.68729496002  5.405143E-17
4168.55025291443  6.238668E-17
4169.41321086884  5.841557E-17
4170.27616882324  5.361005E-17
4171.13912677765  4.388704E-17
4172.00208473206  4.050985E-17
4172.86504268646  5.627570E-17
4173.72800064087  4.643387E-17
4174.59095859528  4.313702E-17
4175.45391654968  5.880109E-17
4176.31687450409  6.188931E-17
4177.1798324585  6.562394E-17
4178.0427904129  6.325575E-17
4178.90574836731  5.052423E-17
4179.76870632172  6.155275E-17
4180.63166427612  6.213015E-17
4181.49462223053  5.846111E-17
4182.35758018494  5.652451E-17
4183.22053813935  4.233365E-17
4184.08349609375  4.419148E-17
4184.94645404816  5.506608E-17
4185.80941200257  4.300883E-17
4186.67236995697  5.016349E-17
4187.53532791138  6.846592E-17
4188.39828586579  5.965243E-17
4189.26124382019  5.796403E-17
4190.1242017746  6.739862E-17
4190.98715972901  4.878105E-17
4191.85011768341  4.138027E-17
4192.71307563782  4.748364E-17
4193.57603359223  4.539768E-17
4194.43899154663  5.155786E-17
4195.30194950104  4.737429E-17
4196.16490745545  3.735390E-17
4197.02786540985  4.735555E-17
4197.89082336426  5.150114E-17
4198.75378131867  4.179058E-17
4199.61673927307  4.427371E-17
4200.47969722748  4.705050E-17
4201.34265518189  4.886261E-17
4202.20561313629  5.975259E-17
4203.0685710907  6.308058E-17
4203.93152904511  5.730480E-17
4204.79448699951  6.332680E-17
4205.65744495392  6.541412E-17
4206.52040290833  5.659860E-17
4207.38336086273  5.099141E-17
4208.24631881714  5.673705E-17
4209.10927677155  6.295766E-17
4209.97223472595  5.356097E-17
4210.83519268036  4.675203E-17
4211.69815063477  4.509267E-17
4212.56110858917  5.581864E-17
4213.42406654358  5.804291E-17
4214.28702449799  6.920550E-17
4215.14998245239  6.850802E-17
4216.0129404068  4.694544E-17
4216.87589836121  5.539705E-17
4217.73885631561  6.260479E-17
4218.60181427002  5.438896E-17
4219.46477222443  5.791373E-17
4220.32773017883  5.837579E-17
4221.19068813324  5.732019E-17
4222.05364608765  5.599090E-17
4222.91660404206  4.559049E-17
4223.77956199646  5.097801E-17
4224.64251995087  4.841503E-17
4225.50547790527  3.461928E-17
4226.36843585968  4.332360E-17
4227.23139381409  5.135807E-17
4228.0943517685  5.019134E-17
4228.9573097229  5.883249E-17
4229.82026767731  6.102798E-17
4230.68322563172  5.363517E-17
4231.54618358612  6.238869E-17
4232.40914154053  5.795507E-17
4233.27209949494  4.940398E-17
4234.13505744934  5.060309E-17
4234.99801540375  5.122460E-17
4235.86097335816  5.817668E-17
4236.72393131256  4.693954E-17
4237.58688926697  5.467133E-17
4238.44984722138  6.777550E-17
4239.31280517578  4.317554E-17
4240.17576313019  3.856272E-17
4241.0387210846  5.513413E-17
4241.901679039  6.054007E-17
4242.76463699341  4.531537E-17
4243.62759494782  2.485677E-17
4244.49055290222  4.609931E-17
4245.35351085663  4.666360E-17
4246.21646881104  4.278202E-17
4247.07942676544  6.524662E-17
4247.94238471985  5.939724E-17
4248.80534267426  5.340781E-17
4249.66830062866  5.867720E-17
4250.53125858307  5.136812E-17
4251.39421653748  5.636703E-17
4252.25717449188  6.104116E-17
4253.12013244629  5.256108E-17
4253.9830904007  4.806626E-17
4254.8460483551  4.916040E-17
4255.70900630951  4.602592E-17
4256.57196426392  4.956282E-17
4257.43492221832  5.891012E-17
4258.29788017273  6.613537E-17
4259.16083812714  7.137854E-17
4260.02379608155  6.410625E-17
4260.88675403595  5.953529E-17
4261.74971199036  4.277082E-17
4262.61266994477  3.550337E-17
4263.47562789917  5.552879E-17
4264.33858585358  5.940861E-17
4265.20154380799  4.869869E-17
4266.06450176239  4.581717E-17
4266.9274597168  5.679903E-17
4267.79041767121  6.286336E-17
4268.65337562561  5.423869E-17
4269.51633358002  4.549114E-17
4270.37929153443  4.097367E-17
4271.24224948883  3.096284E-17
4272.10520744324  5.044054E-17
4272.96816539765  6.955264E-17
4273.83112335205  5.393439E-17
4274.69408130646  5.224800E-17
4275.55703926087  6.069284E-17
4276.41999721527  6.452853E-17
4277.28295516968  5.805028E-17
4278.14591312409  5.573736E-17
4279.00887107849  6.594283E-17
4279.8718290329  6.996433E-17
4280.73478698731  6.523662E-17
4281.59774494171  6.733064E-17
4282.46070289612  7.306973E-17
4283.32366085053  6.994687E-17
4284.18661880493  5.814090E-17
4285.04957675934  4.688317E-17
4285.91253471375  4.832444E-17
4286.77549266815  5.394446E-17
4287.63845062256  6.171572E-17
4288.50140857697  5.884900E-17
4289.36436653137  6.455025E-17
4290.22732448578  6.576364E-17
4291.09028244019  6.016660E-17
4291.95324039459  5.707002E-17
4292.816198349  5.342969E-17
4293.67915630341  5.418595E-17
4294.54211425781  5.353535E-17
4295.40507221222  5.766039E-17
4296.26803016663  5.655566E-17
4297.13098812104  5.194724E-17
4297.99394607544  5.792079E-17
4298.85690402985  5.517274E-17
4299.71986198426  6.830303E-17
4300.58281993866  7.174626E-17
4301.44577789307  6.514450E-17
4302.30873584747  7.097460E-17
4303.17169380188  7.385775E-17
4304.03465175629  7.445172E-17
4304.8976097107  7.359943E-17
4305.7605676651  6.570114E-17
4306.62352561951  7.158207E-17
4307.48648357392  7.272995E-17
4308.34944152832  6.894623E-17
4309.21239948273  6.702052E-17
4310.07535743714  6.590482E-17
4310.93831539154  5.295260E-17
4311.80127334595  5.963154E-17
4312.66423130036  7.246932E-17
4313.52718925476  5.493524E-17
4314.39014720917  5.577607E-17
4315.25310516358  6.672431E-17
4316.11606311798  5.695080E-17
4316.97902107239  6.801201E-17
4317.8419790268  7.106743E-17
4318.7049369812  5.787671E-17
4319.56789493561  5.567078E-17
4320.43085289002  5.789771E-17
4321.29381084442  4.864328E-17
4322.15676879883  4.328207E-17
4323.01972675324  4.942331E-17
4323.88268470764  6.396038E-17
4324.74564266205  6.315773E-17
4325.60860061646  6.190840E-17
4326.47155857086  6.919197E-17
4327.33451652527  6.852041E-17
4328.19747447968  5.322522E-17
4329.06043243408  5.785734E-17
4329.92339038849  5.915885E-17
4330.7863483429  6.259510E-17
4331.6493062973  6.468458E-17
4332.51226425171  7.294081E-17
4333.37522220612  5.656612E-17
4334.23818016052  5.420891E-17
4335.10113811493  5.934593E-17
4335.96409606934  5.105784E-17
4336.82705402375  4.775441E-17
4337.69001197815  6.875280E-17
4338.55296993256  7.298900E-17
4339.41592788697  5.110114E-17
4340.27888584137  4.236682E-17
4341.14184379578  5.008641E-17
4342.00480175018  7.181296E-17
4342.86775970459  7.943622E-17
4343.730717659  7.445977E-17
4344.59367561341  6.699922E-17
4345.45663356781  6.267960E-17
4346.31959152222  5.035952E-17
4347.18254947663  4.876671E-17
4348.04550743103  5.308310E-17
4348.90846538544  6.492204E-17
4349.77142333985  6.878232E-17
4350.63438129425  7.108983E-17
4351.49733924866  5.589761E-17
4352.36029720307  5.236457E-17
4353.22325515747  6.188319E-17
4354.08621311188  5.618300E-17
4354.94917106629  5.712911E-17
4355.81212902069  5.997930E-17
4356.6750869751  5.644574E-17
4357.53804492951  6.962255E-17
4358.40100288391  7.789580E-17
4359.26396083832  6.270802E-17
4360.12691879273  6.782937E-17
4360.98987674713  7.613714E-17
4361.85283470154  6.762837E-17
4362.71579265595  5.677110E-17
4363.57875061035  6.146500E-17
4364.44170856476  5.889304E-17
4365.30466651917  5.896784E-17
4366.16762447357  6.419867E-17
4367.03058242798  6.365668E-17
4367.89354038239  7.179936E-17
4368.75649833679  6.901222E-17
4369.6194562912  6.767440E-17
4370.48241424561  6.019771E-17
4371.34537220001  5.738876E-17
4372.20833015442  5.368298E-17
4373.07128810883  5.711562E-17
4373.93424606323  5.741301E-17
4374.79720401764  5.358872E-17
4375.66016197205  5.960808E-17
4376.52311992645  5.374935E-17
4377.38607788086  5.743092E-17
4378.24903583527  6.298812E-17
4379.11199378967  5.073684E-17
4379.97495174408  6.067159E-17
4380.83790969849  7.296719E-17
4381.70086765289  5.997757E-17
4382.5638256073  5.766406E-17
4383.42678356171  6.095898E-17
4384.28974151612  5.506445E-17
4385.15269947052  6.360493E-17
4386.01565742493  6.992847E-17
4386.87861537934  5.947264E-17
4387.74157333374  5.221448E-17
4388.60453128815  5.381243E-17
4389.46748924256  6.792905E-17
4390.33044719696  7.325130E-17
4391.19340515137  4.586870E-17
4392.05636310578  4.284874E-17
4392.91932106018  4.530264E-17
4393.78227901459  4.670745E-17
4394.645236969  5.528211E-17
4395.5081949234  6.524997E-17
4396.37115287781  6.434494E-17
4397.23411083222  6.505960E-17
4398.09706878662  6.035580E-17
4398.96002674103  6.563231E-17
4399.82298469544  6.794714E-17
4400.68594264984  6.784987E-17
4401.54890060425  7.167466E-17
4402.41185855866  6.176821E-17
4403.27481651306  5.835227E-17
4404.13777446747  6.156248E-17
4405.00073242188  7.591009E-17
4405.86369037628  8.076852E-17
4406.72664833069  5.593930E-17
4407.5896062851  5.344854E-17
4408.4525642395  6.400027E-17
4409.31552219391  6.030456E-17
4410.17848014832  6.176179E-17
4411.04143810272  5.750716E-17
4411.90439605713  6.475331E-17
4412.76735401154  7.872662E-17
4413.63031196594  7.667718E-17
4414.49326992035  7.264485E-17
4415.35622787476  6.465060E-17
4416.21918582917  6.831793E-17
4417.08214378357  6.697360E-17
4417.94510173798  7.136434E-17
4418.80805969238  7.611873E-17
4419.67101764679  6.024601E-17
4420.5339756012  6.064354E-17
4421.3969335556  8.009988E-17
4422.25989151001  7.500255E-17
4423.12284946442  7.788471E-17
4423.98580741883  7.453853E-17
4424.84876537323  7.031283E-17
4425.71172332764  7.353296E-17
4426.57468128205  8.211212E-17
4427.43763923645  7.540265E-17
4428.30059719086  6.131035E-17
4429.16355514527  6.567427E-17
4430.02651309967  7.907900E-17
4430.88947105408  9.084035E-17
4431.75242900849  8.240404E-17
4432.61538696289  7.836906E-17
4433.4783449173  7.486687E-17
4434.34130287171  8.024638E-17
4435.20426082611  6.572828E-17
4436.06721878052  5.603482E-17
4436.93017673493  6.305645E-17
4437.79313468933  6.419321E-17
4438.65609264374  6.779428E-17
4439.51905059815  7.216795E-17
4440.38200855255  6.714107E-17
4441.24496650696  7.408883E-17
4442.10792446137  7.804207E-17
4442.97088241577  7.442272E-17
4443.83384037018  8.049313E-17
4444.69679832459  7.759223E-17
4445.55975627899  8.315864E-17
4446.4227142334  9.188283E-17
4447.28567218781  7.517758E-17
4448.14863014221  7.643653E-17
4449.01158809662  8.449922E-17
4449.87454605103  7.596718E-17
4450.73750400543  6.917255E-17
4451.60046195984  7.491212E-17
4452.46341991425  7.894029E-17
4453.32637786865  7.526131E-17
4454.18933582306  7.234169E-17
4455.05229377747  6.408138E-17
4455.91525173187  6.624934E-17
4456.77820968628  8.511385E-17
4457.64116764069  7.363185E-17
4458.50412559509  6.642789E-17
4459.3670835495  7.500383E-17
4460.23004150391  7.342993E-17
4461.09299945831  7.472085E-17
4461.95595741272  6.732211E-17
4462.81891536713  6.811601E-17
4463.68187332154  7.164545E-17
4464.54483127594  7.049843E-17
4465.40778923035  6.241796E-17
4466.27074718476  7.533399E-17
4467.13370513916  8.319064E-17
4467.99666309357  7.844232E-17
4468.85962104798  8.051223E-17
4469.72257900238  7.520121E-17
4470.58553695679  6.977595E-17
4471.4484949112  6.688199E-17
4472.3114528656  6.077892E-17
4473.17441082001  5.527899E-17
4474.03736877442  4.908529E-17
4474.90032672882  6.384443E-17
4475.76328468323  8.365556E-17
4476.62624263764  8.189492E-17
4477.48920059204  6.092677E-17
4478.35215854645  4.661153E-17
4479.21511650086  6.182499E-17
4480.07807445526  7.199834E-17
4480.94103240967  8.511689E-17
4481.80399036408  8.175054E-17
4482.66694831848  6.572015E-17
4483.52990627289  6.743268E-17
4484.3928642273  7.228178E-17
4485.2558221817  7.223337E-17
4486.11878013611  7.964977E-17
4486.98173809052  8.417731E-17
4487.84469604492  7.954578E-17
4488.70765399933  7.424013E-17
4489.57061195374  8.942979E-17
4490.43356990814  8.377200E-17
4491.29652786255  8.153771E-17
4492.15948581696  7.618279E-17
4493.02244377136  7.652166E-17
4493.88540172577  8.253557E-17
4494.74835968018  6.460850E-17
4495.61131763458  6.126168E-17
4496.47427558899  6.381671E-17
4497.3372335434  7.869169E-17
4498.2001914978  9.024760E-17
4499.06314945221  6.813411E-17
4499.92610740662  7.864385E-17
4500.78906536102  7.474892E-17
4501.65202331543  6.110273E-17
4502.51498126984  6.330870E-17
4503.37793922424  6.720025E-17
4504.24089717865  7.559764E-17
4505.10385513306  7.921148E-17
4505.96681308746  8.783745E-17
4506.82977104187  9.001857E-17
4507.69272899628  6.613951E-17
4508.55568695068  5.882537E-17
4509.41864490509  6.700539E-17
4510.2816028595  6.846464E-17
4511.14456081391  7.640735E-17
4512.00751876831  8.593872E-17
4512.87047672272  7.841160E-17
4513.73343467713  7.711486E-17
4514.59639263153  7.234716E-17
4515.45935058594  6.898286E-17
4516.32230854034  8.155718E-17
4517.18526649475  7.870752E-17
4518.04822444916  5.899815E-17
4518.91118240357  6.388015E-17
4519.77414035797  7.231184E-17
4520.63709831238  6.873078E-17
4521.50005626679  7.035991E-17
4522.36301422119  7.527656E-17
4523.2259721756  7.165893E-17
4524.08893013001  5.960216E-17
4524.95188808441  5.140161E-17
4525.81484603882  6.060777E-17
4526.67780399323  8.100964E-17
4527.54076194763  8.156060E-17
4528.40371990204  8.364002E-17
4529.26667785645  7.357073E-17
4530.12963581085  6.598914E-17
4530.99259376526  7.342004E-17
4531.85555171967  7.979819E-17
4532.71850967407  7.061715E-17
4533.58146762848  7.048162E-17
4534.44442558289  6.989906E-17
4535.30738353729  7.548977E-17
4536.1703414917  8.605752E-17
4537.03329944611  8.440718E-17
4537.89625740051  8.180271E-17
4538.75921535492  8.231697E-17
4539.62217330933  9.063157E-17
4540.48513126373  8.712786E-17
4541.34808921814  7.325288E-17
4542.21104717255  7.215901E-17
4543.07400512695  7.756296E-17
4543.93696308136  7.667512E-17
4544.79992103577  7.565243E-17
4545.66287899017  6.641164E-17
4546.52583694458  6.948479E-17
4547.38879489899  8.355840E-17
4548.25175285339  8.001886E-17
4549.1147108078  6.390034E-17
4549.97766876221  6.559147E-17
4550.84062671661  7.153119E-17
4551.70358467102  7.019361E-17
4552.56654262543  6.719875E-17
4553.42950057983  7.558607E-17
4554.29245853424  7.275812E-17
4555.15541648865  7.080653E-17
4556.01837444305  8.514012E-17
4556.88133239746  8.663761E-17
4557.74429035187  8.360992E-17
4558.60724830628  7.646864E-17
4559.47020626068  7.522216E-17
4560.33316421509  7.287112E-17
4561.1961221695  6.778359E-17
4562.0590801239  7.164664E-17
4562.92203807831  8.464762E-17
4563.78499603272  8.671481E-17
4564.64795398712  7.253983E-17
4565.51091194153  5.729618E-17
4566.37386989594  5.864922E-17
4567.23682785034  7.048072E-17
4568.09978580475  7.519486E-17
4568.96274375916  7.720808E-17
4569.82570171356  7.611283E-17
4570.68865966797  6.934399E-17
4571.55161762238  6.081110E-17
4572.41457557678  6.139344E-17
4573.27753353119  6.939707E-17
4574.1404914856  8.298703E-17
4575.00344944  8.439692E-17
4575.86640739441  6.905316E-17
4576.72936534882  7.346395E-17
4577.59232330322  8.911506E-17
4578.45528125763  7.712655E-17
4579.31823921204  7.203492E-17
4580.18119716644  7.762349E-17
4581.04415512085  7.023051E-17
4581.90711307526  5.781548E-17
4582.77007102966  6.672209E-17
4583.63302898407  7.440488E-17
4584.49598693848  7.068696E-17
4585.35894489288  7.763233E-17
4586.22190284729  8.570180E-17
4587.0848608017  7.888870E-17
4587.9478187561  7.585270E-17
4588.81077671051  8.110702E-17
4589.67373466492  8.165055E-17
4590.53669261932  7.848337E-17
4591.39965057373  8.030076E-17
4592.26260852814  8.712965E-17
4593.12556648254  7.301061E-17
4593.98852443695  6.923412E-17
4594.85148239136  8.271179E-17
4595.71444034577  7.055793E-17
4596.57739830017  6.620841E-17
4597.44035625458  6.879093E-17
4598.30331420899  6.136800E-17
4599.16627216339  7.162177E-17
4600.0292301178  6.339012E-17
4600.89218807221  6.186997E-17
4601.75514602661  8.636143E-17
4602.61810398102  8.923461E-17
4603.48106193542  7.271186E-17
4604.34401988983  7.402361E-17
4605.20697784424  8.807505E-17
4606.06993579865  7.606010E-17
4606.93289375305  6.391907E-17
4607.79585170746  7.625137E-17
4608.65880966187  8.334753E-17
4609.52176761627  7.214073E-17
4610.38472557068  7.729327E-17
4611.24768352509  9.226228E-17
4612.11064147949  8.815334E-17
4612.9735994339  8.408114E-17
4613.83655738831  7.352574E-17
4614.69951534271  7.195120E-17
4615.56247329712  7.980480E-17
4616.42543125153  8.417594E-17
4617.28838920593  7.630753E-17
4618.15134716034  7.774569E-17
4619.01430511475  7.350482E-17
4619.87726306915  6.242287E-17
4620.74022102356  6.385683E-17
4621.60317897797  6.593954E-17
4622.46613693237  5.713994E-17
4623.32909488678  6.183385E-17
4624.19205284119  7.782999E-17
4625.05501079559  7.952075E-17
4625.91796875  7.483666E-17
4626.78092670441  7.848684E-17
4627.64388465881  8.650865E-17
4628.50684261322  8.457797E-17
4629.36980056763  7.983537E-17
4630.23275852203  7.961964E-17
4631.09571647644  7.886334E-17
4631.95867443085  6.636964E-17
4632.82163238525  7.176075E-17
4633.68459033966  7.825493E-17
4634.54754829407  6.766580E-17
4635.41050624847  6.925130E-17
4636.27346420288  7.773752E-17
4637.13642215729  7.279991E-17
4637.9993801117  7.025938E-17
4638.8623380661  8.893596E-17
4639.72529602051  8.849849E-17
4640.58825397492  6.463511E-17
4641.45121192932  6.584662E-17
4642.31416988373  7.903446E-17
4643.17712783814  7.068170E-17
4644.04008579254  7.566333E-17
4644.90304374695  7.417780E-17
4645.76600170136  6.409547E-17
4646.62895965576  6.721483E-17
4647.49191761017  7.310651E-17
4648.35487556458  7.105115E-17
4649.21783351898  7.328976E-17
4650.08079147339  8.016661E-17
4650.9437494278  7.442876E-17
4651.8067073822  7.484099E-17
4652.66966533661  9.141713E-17
4653.53262329102  8.430815E-17
4654.39558124542  7.526460E-17
4655.25853919983  7.765156E-17
4656.12149715424  7.987916E-17
4656.98445510864  7.524261E-17
4657.84741306305  7.156661E-17
4658.71037101746  7.303107E-17
4659.57332897186  9.330515E-17
4660.43628692627  9.337695E-17
4661.29924488068  6.831478E-17
4662.16220283508  7.607809E-17
4663.02516078949  9.454255E-17
4663.8881187439  8.608931E-17
4664.7510766983  7.847245E-17
4665.61403465271  8.525916E-17
4666.47699260712  8.671398E-17
4667.33995056152  8.712001E-17
4668.20290851593  7.456657E-17
4669.06586647034  7.588065E-17
4669.92882442474  8.274056E-17
4670.79178237915  7.161175E-17
4671.65474033356  6.957836E-17
4672.51769828796  7.830722E-17
4673.38065624237  8.362948E-17
4674.24361419678  8.394794E-17
4675.10657215118  8.150833E-17
4675.96953010559  6.928858E-17
4676.83248806  7.519334E-17
4677.69544601441  8.147206E-17
4678.55840396881  7.523484E-17
4679.42136192322  7.899409E-17
4680.28431987763  8.413275E-17
4681.14727783203  7.749850E-17
4682.01023578644  6.739161E-17
4682.87319374085  6.961771E-17
4683.73615169525  8.006579E-17
4684.59910964966  8.502338E-17
4685.46206760407  7.271190E-17
4686.32502555847  7.659810E-17
4687.18798351288  7.988190E-17
4688.05094146729  8.301593E-17
4688.91389942169  7.754172E-17
4689.7768573761  7.881709E-17
4690.63981533051  7.631424E-17
4691.50277328491  6.622701E-17
4692.36573123932  6.532081E-17
4693.22868919373  7.508648E-17
4694.09164714813  9.116493E-17
4694.95460510254  7.078468E-17
4695.81756305695  6.831973E-17
4696.68052101135  9.640773E-17
4697.54347896576  9.542056E-17
4698.40643692017  8.701590E-17
4699.26939487457  8.508361E-17
4700.13235282898  6.676736E-17
4700.99531078339  5.467353E-17
4701.85826873779  7.646617E-17
4702.7212266922  7.885760E-17
4703.58418464661  7.382922E-17
4704.44714260101  8.326409E-17
4705.31010055542  8.582658E-17
4706.17305850983  7.837822E-17
4707.03601646423  7.791754E-17
4707.89897441864  7.594911E-17
4708.76193237305  7.362925E-17
4709.62489032745  8.595631E-17
4710.48784828186  8.645984E-17
4711.35080623627  7.996135E-17
4712.21376419067  7.424321E-17
4713.07672214508  7.029344E-17
4713.93968009949  8.039014E-17
4714.80263805389  8.041939E-17
4715.6655960083  7.599828E-17
4716.52855396271  7.726607E-17
4717.39151191712  8.116263E-17
4718.25446987152  7.808852E-17
4719.11742782593  7.804347E-17
4719.98038578034  6.962637E-17
4720.84334373474  7.212468E-17
4721.70630168915  7.728323E-17
4722.56925964356  7.212916E-17
4723.43221759796  7.947451E-17
4724.29517555237  8.794926E-17
4725.15813350678  8.580491E-17
4726.02109146118  8.877582E-17
4726.88404941559  8.786511E-17
4727.74700737  7.484011E-17
4728.6099653244  7.985129E-17
4729.47292327881  7.480391E-17
4730.33588123322  6.025675E-17
4731.19883918762  7.248147E-17
4732.06179714203  8.228993E-17
4732.92475509644  8.118674E-17
4733.78771305084  8.394775E-17
4734.65067100525  7.771525E-17
4735.51362895966  7.404127E-17
4736.37658691406  8.050012E-17
4737.23954486847  8.145281E-17
4738.10250282288  7.906014E-17
4738.96546077728  9.062022E-17
4739.82841873169  7.847069E-17
4740.6913766861  7.634070E-17
4741.5543346405  7.642315E-17
4742.41729259491  7.257373E-17
4743.28025054932  8.645188E-17
4744.14320850372  8.808525E-17
4745.00616645813  8.414871E-17
4745.86912441254  9.350067E-17
4746.73208236695  9.019298E-17
4747.59504032135  8.204984E-17
4748.45799827576  9.180757E-17
4749.32095623016  8.613366E-17
4750.18391418457  7.481311E-17
4751.04687213898  8.907958E-17
4751.90983009338  9.151077E-17
4752.77278804779  6.636605E-17
4753.6357460022  6.692624E-17
4754.49870395661  8.817104E-17
4755.36166191101  8.428372E-17
4756.22461986542  8.778045E-17
4757.08757781983  9.304666E-17
4757.95053577423  8.355351E-17
4758.81349372864  6.702810E-17
4759.67645168305  7.013028E-17
4760.53940963745  7.839953E-17
4761.40236759186  7.735061E-17
4762.26532554626  6.377964E-17
4763.12828350067  6.762421E-17
4763.99124145508  8.058636E-17
4764.85419940949  8.216950E-17
4765.71715736389  8.213389E-17
4766.5801153183  8.357436E-17
4767.44307327271  8.304208E-17
4768.30603122711  7.406651E-17
4769.16898918152  6.522107E-17
4770.03194713593  8.751272E-17
4770.89490509033  8.558070E-17
4771.75786304474  7.157137E-17
4772.62082099915  8.417982E-17
4773.48377895355  8.514392E-17
4774.34673690796  8.566188E-17
4775.20969486237  7.591696E-17
4776.07265281677  7.453386E-17
4776.93561077118  7.685266E-17
4777.79856872559  9.281963E-17
4778.66152667999  9.695687E-17
4779.5244846344  8.205654E-17
4780.38744258881  8.532209E-17
4781.25040054321  8.119216E-17
4782.11335849762  8.461935E-17
4782.97631645203  8.849510E-17
4783.83927440643  7.512022E-17
4784.70223236084  7.324568E-17
4785.56519031525  8.397064E-17
4786.42814826965  7.935776E-17
4787.29110622406  8.239324E-17
4788.15406417847  8.107240E-17
4789.01702213287  7.238294E-17
4789.87998008728  7.425519E-17
4790.74293804169  7.776962E-17
4791.60589599609  8.052795E-17
4792.4688539505  9.295595E-17
4793.33181190491  9.862977E-17
4794.19476985932  8.628163E-17
4795.05772781372  9.765852E-17
4795.92068576813  1.012792E-16
4796.78364372254  7.368023E-17
4797.64660167694  8.562306E-17
4798.50955963135  9.830940E-17
4799.37251758576  8.352929E-17
4800.23547554016  8.778567E-17
4801.09843349457  9.501304E-17
4801.96139144898  7.581519E-17
4802.82434940338  8.134732E-17
4803.68730735779  9.193226E-17
4804.5502653122  7.856246E-17
4805.4132232666  8.505496E-17
4806.27618122101  9.002266E-17
4807.13913917542  7.288570E-17
4808.00209712982  6.187371E-17
4808.86505508423  6.649566E-17
4809.72801303864  7.211019E-17
4810.59097099304  7.943344E-17
4811.45392894745  8.935236E-17
4812.31688690186  8.823254E-17
4813.17984485626  7.568911E-17
4814.04280281067  8.326006E-17
4814.90576076508  8.921455E-17
4815.76871871948  7.031933E-17
4816.63167667389  7.468765E-17
4817.4946346283  8.388509E-17
4818.3575925827  8.072076E-17
4819.22055053711  9.366484E-17
4820.08350849152  9.321383E-17
4820.94646644592  7.953066E-17
4821.80942440033  8.951861E-17
4822.67238235474  8.523423E-17
4823.53534030914  8.288417E-17
4824.39829826355  9.227933E-17
4825.26125621796  7.328917E-17
4826.12421417236  8.246194E-17
4826.98717212677  1.002063E-16
4827.85013008118  8.519782E-17
4828.71308803558  7.661164E-17
4829.57604598999  8.770319E-17
4830.4390039444  8.011128E-17
4831.3019618988  8.196059E-17
4832.16491985321  8.237887E-17
4833.02787780762  7.758030E-17
4833.89083576203  7.755597E-17
4834.75379371643  7.428554E-17
4835.61675167084  8.766250E-17
4836.47970962524  8.727250E-17
4837.34266757965  7.438428E-17
4838.20562553406  7.818426E-17
4839.06858348847  8.368030E-17
4839.93154144287  7.754464E-17
4840.79449939728  6.808173E-17
4841.65745735169  6.506049E-17
4842.52041530609  8.394120E-17
4843.3833732605  8.189336E-17
4844.24633121491  7.702110E-17
4845.10928916931  8.215562E-17
4845.97224712372  7.715241E-17
4846.83520507813  8.248609E-17
4847.69816303253  8.461641E-17
4848.56112098694  6.847467E-17
4849.42407894135  6.279376E-17
4850.28703689575  7.448165E-17
4851.14999485016  8.230343E-17
4852.01295280457  8.089621E-17
4852.87591075897  7.978885E-17
4853.73886871338  8.323352E-17
4854.60182666779  8.240073E-17
4855.46478462219  7.740207E-17
4856.3277425766  7.285988E-17
4857.19070053101  7.286717E-17
4858.05365848541  8.686937E-17
4858.91661643982  8.642257E-17
4859.77957439423  8.304085E-17
4860.64253234863  8.053942E-17
4861.50549030304  8.861481E-17
4862.36844825745  9.110835E-17
4863.23140621185  8.495407E-17
4864.09436416626  8.141330E-17
4864.95732212067  8.080698E-17
4865.82028007507  7.197573E-17
4866.68323802948  8.432928E-17
4867.54619598389  8.427309E-17
4868.40915393829  7.888628E-17
4869.2721118927  9.476509E-17
4870.13506984711  1.010814E-16
4870.99802780151  9.221472E-17
4871.86098575592  8.922438E-17
4872.72394371033  9.253843E-17
4873.58690166474  8.983194E-17
4874.44985961914  8.644321E-17
4875.31281757355  7.640861E-17
4876.17577552796  7.679779E-17
4877.03873348236  9.423181E-17
4877.90169143677  9.573342E-17
4878.76464939118  8.991088E-17
4879.62760734558  8.674763E-17
4880.49056529999  8.036083E-17
4881.3535232544  7.112386E-17
4882.2164812088  7.676859E-17
4883.07943916321  9.707109E-17
4883.94239711762  9.101978E-17
4884.80535507202  8.363937E-17
4885.66831302643  8.792379E-17
4886.53127098084  8.811033E-17
4887.39422893524  7.473527E-17
4888.25718688965  7.683397E-17
4889.12014484406  7.394099E-17
4889.98310279846  7.402953E-17
4890.84606075287  7.280660E-17
4891.70901870728  7.473081E-17
4892.57197666168  8.877427E-17
4893.43493461609  8.063191E-17
4894.2978925705  7.630353E-17
4895.1608505249  8.352808E-17
4896.02380847931  7.353502E-17
4896.88676643372  7.239894E-17
4897.74972438812  8.699817E-17
4898.61268234253  9.457470E-17
4899.47564029694  9.123085E-17
4900.33859825134  8.854151E-17
4901.20155620575  8.471609E-17
4902.06451416016  8.331952E-17
4902.92747211456  8.513327E-17
4903.79043006897  8.950540E-17
4904.65338802338  8.503932E-17
4905.51634597778  8.459832E-17
4906.37930393219  9.425986E-17
4907.2422618866  9.553772E-17
4908.105219841  8.701133E-17
4908.96817779541  7.892552E-17
4909.83113574982  8.289792E-17
4910.69409370422  8.256243E-17
4911.55705165863  8.895705E-17
4912.42000961304  9.341474E-17
4913.28296756744  8.175544E-17
4914.14592552185  7.414547E-17
4915.00888347626  7.540168E-17
4915.87184143066  7.857610E-17
4916.73479938507  7.716629E-17
4917.59775733948  8.949979E-17
4918.46071529389  9.490909E-17
4919.32367324829  1.001890E-16
4920.1866312027  9.677440E-17
4921.04958915711  8.924073E-17
4921.91254711151  7.584843E-17
4922.77550506592  8.245576E-17
4923.63846302033  8.907395E-17
4924.50142097473  7.941368E-17
4925.36437892914  7.869988E-17
4926.22733688355  8.578454E-17
4927.09029483795  8.773161E-17
4927.95325279236  8.022043E-17
4928.81621074677  7.830671E-17
4929.67916870117  8.196926E-17
4930.54212665558  7.737079E-17
4931.40508460999  8.929345E-17
4932.26804256439  1.019627E-16
4933.1310005188  9.666243E-17
4933.99395847321  8.676988E-17
4934.85691642761  7.876181E-17
4935.71987438202  7.589695E-17
4936.58283233643  8.181680E-17
4937.44579029083  8.023755E-17
4938.30874824524  8.515561E-17
4939.17170619965  9.458548E-17
4940.03466415405  9.336875E-17
4940.89762210846  8.464223E-17
4941.76058006287  7.767643E-17
4942.62353801727  8.757709E-17
4943.48649597168  9.237171E-17
4944.34945392609  9.695352E-17
4945.21241188049  8.296394E-17
4946.0753698349  7.326716E-17
4946.93832778931  8.132922E-17
4947.80128574371  9.204338E-17
4948.66424369812  9.581312E-17
4949.52720165253  8.938598E-17
4950.39015960693  8.817043E-17
4951.25311756134  7.212384E-17
4952.11607551575  6.660268E-17
4952.97903347015  8.074522E-17
4953.84199142456  8.655343E-17
4954.70494937897  8.955523E-17
4955.56790733337  8.823420E-17
4956.43086528778  8.657149E-17
4957.29382324219  8.484751E-17
4958.1567811966  8.214209E-17
4959.019739151  8.267607E-17
4959.88269710541  8.388521E-17
4960.74565505982  7.525337E-17
4961.60861301422  7.743667E-17
4962.47157096863  7.792914E-17
4963.33452892304  9.219922E-17
4964.19748687744  9.953406E-17
4965.06044483185  9.643973E-17
4965.92340278626  8.792116E-17
4966.78636074066  8.378382E-17
4967.64931869507  9.069514E-17
4968.51227664948  8.887537E-17
4969.37523460388  7.524305E-17
4970.23819255829  8.256664E-17
4971.1011505127  8.739477E-17
4971.9641084671  8.301777E-17
4972.82706642151  8.504493E-17
4973.69002437592  8.148865E-17
4974.55298233032  7.705815E-17
4975.41594028473  8.743073E-17
4976.27889823914  8.552108E-17
4977.14185619354  8.566156E-17
4978.00481414795  8.734393E-17
4978.86777210236  7.768009E-17
4979.73073005676  8.179535E-17
4980.59368801117  9.009515E-17
4981.45664596558  9.809162E-17
4982.31960391998  9.888055E-17
4983.18256187439  8.149410E-17
4984.0455198288  8.172678E-17
4984.9084777832  8.737157E-17
4985.77143573761  7.927872E-17
4986.63439369202  9.260100E-17
4987.49735164642  9.128462E-17
4988.36030960083  8.429831E-17
4989.22326755524  8.465267E-17
4990.08622550964  7.893779E-17
4990.94918346405  6.769479E-17
4991.81214141846  5.577238E-17
4992.67509937286  7.891437E-17
4993.53805732727  8.197522E-17
4994.40101528168  8.487495E-17
4995.26397323608  1.007081E-16
4996.12693119049  9.006263E-17
4996.9898891449  7.320315E-17
4997.85284709931  7.456995E-17
4998.71580505371  8.299517E-17
4999.57876300812  8.731149E-17
5000.44172096253  8.530539E-17
5001.30467891693  8.785229E-17
5002.16763687134  9.200763E-17
5003.03059482575  9.175595E-17
5003.89355278015  8.341817E-17
5004.75651073456  8.870564E-17
5005.61946868897  8.901975E-17
5006.48242664337  9.094807E-17
5007.34538459778  9.885698E-17
5008.20834255219  9.909209E-17
5009.07130050659  9.111609E-17
5009.934258461  7.742551E-17
5010.79721641541  7.505468E-17
5011.66017436981  8.927823E-17
5012.52313232422  7.916445E-17
5013.38609027863  8.177343E-17
5014.24904823303  9.982052E-17
5015.11200618744  1.005887E-16
5015.97496414185  8.640837E-17
5016.83792209625  8.545799E-17
5017.70088005066  8.502317E-17
5018.56383800507  9.068225E-17
5019.42679595947  9.059009E-17
5020.28975391388  9.309756E-17
5021.15271186829  8.919560E-17
5022.01566982269  8.299704E-17
5022.8786277771  8.439700E-17
5023.74158573151  9.638012E-17
5024.60454368591  9.825586E-17
5025.46750164032  8.764840E-17
5026.33045959473  8.381973E-17
5027.19341754913  8.867370E-17
5028.05637550354  1.020772E-16
5028.91933345795  9.527622E-17
5029.78229141236  8.115974E-17
5030.64524936676  8.014904E-17
5031.50820732117  8.008519E-17
5032.37116527558  9.208579E-17
5033.23412322998  8.506179E-17
5034.09708118439  6.997254E-17
5034.96003913879  8.469285E-17
5035.8229970932  8.885188E-17
5036.68595504761  8.651048E-17
5037.54891300202  9.453800E-17
5038.41187095642  8.614579E-17
5039.27482891083  7.968524E-17
5040.13778686524  8.240618E-17
5041.00074481964  8.666184E-17
5041.86370277405  9.205204E-17
5042.72666072846  8.867884E-17
5043.58961868286  9.200146E-17
5044.45257663727  1.020772E-16
5045.31553459168  9.205774E-17
5046.17849254608  8.480196E-17
5047.04145050049  9.195263E-17
5047.9044084549  9.812742E-17
5048.7673664093  8.350059E-17
5049.63032436371  7.926623E-17
5050.49328231812  8.971079E-17
5051.35624027252  7.966933E-17
5052.21919822693  8.375890E-17
5053.08215618134  1.045152E-16
5053.94511413574  9.851962E-17
5054.80807209015  9.536414E-17
5055.67103004456  8.949124E-17
5056.53398799896  8.585259E-17
5057.39694595337  9.208706E-17
5058.25990390778  9.700696E-17
5059.12286186218  8.978662E-17
5059.98581981659  8.756801E-17
5060.848777771  8.515739E-17
5061.7117357254  9.202216E-17
5062.57469367981  8.937827E-17
5063.43765163422  9.041264E-17
5064.30060958862  9.541854E-17
5065.16356754303  8.324366E-17
5066.02652549744  7.384340E-17
5066.88948345184  8.305916E-17
5067.75244140625  8.853874E-17
5068.61539936066  9.199688E-17
5069.47835731507  9.039578E-17
5070.34131526947  8.175566E-17
5071.20427322388  8.021487E-17
5072.06723117829  7.005510E-17
5072.93018913269  8.232687E-17
5073.7931470871  8.827036E-17
5074.65610504151  9.494940E-17
5075.51906299591  8.845900E-17
5076.38202095032  8.223010E-17
5077.24497890473  7.660643E-17
5078.10793685913  8.640341E-17
5078.97089481354  9.165762E-17
5079.83385276795  8.554085E-17
5080.69681072235  8.427935E-17
5081.55976867676  8.058932E-17
5082.42272663117  7.940401E-17
5083.28568458557  7.261999E-17
5084.14864253998  7.895712E-17
5085.01160049439  8.710779E-17
5085.87455844879  8.921459E-17
5086.7375164032  8.120232E-17
5087.60047435761  7.810924E-17
5088.46343231201  6.923815E-17
5089.32639026642  7.488756E-17
5090.18934822083  8.260308E-17
5091.05230617523  8.525512E-17
5091.91526412964  9.405470E-17
5092.77822208405  8.059360E-17
5093.64118003845  9.006894E-17
5094.50413799286  8.924201E-17
5095.36709594727  8.268274E-17
5096.23005390167  8.783332E-17
5097.09301185608  9.010058E-17
5097.95596981049  9.901892E-17
5098.81892776489  9.122811E-17
5099.6818857193  9.114232E-17
5100.54484367371  8.648160E-17
5101.40780162811  8.613865E-17
5102.27075958252  1.005136E-16
5103.13371753693  1.026945E-16
5103.99667549133  8.003411E-17
5104.85963344574  8.919346E-17
5105.72259140015  8.751219E-17
5106.58554935455  8.170894E-17
5107.44850730896  8.396020E-17
5108.31146526337  7.980286E-17
5109.17442321778  8.482400E-17
5110.03738117218  9.119230E-17
5110.90033912659  9.843336E-17
5111.763297081  8.571905E-17
5112.6262550354  8.494220E-17
5113.48921298981  9.286682E-17
5114.35217094421  8.508521E-17
5115.21512889862  7.420427E-17
5116.07808685303  8.975819E-17
5116.94104480744  8.302950E-17
5117.80400276184  7.281488E-17
5118.66696071625  7.335254E-17
5119.52991867066  7.339636E-17
5120.39287662506  6.669081E-17
5121.25583457947  7.221010E-17
5122.11879253388  7.776164E-17
5122.98175048828  8.127796E-17
5123.84470844269  7.071500E-17
5124.7076663971  7.618449E-17
5125.5706243515  8.548497E-17
5126.43358230591  8.503550E-17
5127.29654026032  9.304585E-17
5128.15949821472  8.115223E-17
5129.02245616913  6.954647E-17
5129.88541412354  8.553634E-17
5130.74837207794  8.810208E-17
5131.61133003235  8.239102E-17
5132.47428798676  8.295272E-17
5133.33724594116  9.083090E-17
5134.20020389557  8.378334E-17
5135.06316184998  7.971141E-17
5135.92611980438  9.155795E-17
5136.78907775879  8.674405E-17
5137.6520357132  7.748149E-17
5138.5149936676  7.680481E-17
5139.37795162201  8.891857E-17
5140.24090957642  9.358373E-17
5141.10386753082  8.255100E-17
5141.96682548523  8.422386E-17
5142.82978343964  8.721757E-17
5143.69274139404  9.235113E-17
5144.55569934845  8.797467E-17
5145.41865730286  7.961258E-17
5146.28161525726  9.354027E-17
5147.14457321167  9.160589E-17
5148.00753116608  8.834417E-17
5148.87048912048  9.099474E-17
5149.73344707489  7.980768E-17
