#n   age/yr      logL   logTef grav    logTc  logrho Xc     Yc     Xc_C   Xc_O   Q_conv Q_disc L_H/L Q1_H Q2_H L_He/L Q1_He Q2_He L_C/L L_nu/L Q_Tmax phase
#(1) (2)         (3)    (4)    (5)     (6)    (7)    (8)    (9)    (10)   (11)   (12)   (13)   (14) (15)  (16) (17)   (18)  (19)  (20)  (21)   (22)   (23) 
  1 0.000000e+00 1.5467 4.1250 4.5926  7.3988 1.9594 0.5971 0.4008 0.0000 0.0009 0.271 0.000  1.006 0.000 0.590 0.000 0.000 0.000 0.000 0.000 0.000 bms
  2 4.292360e+07 1.5638 4.1163 4.5407  7.3919 1.9260 0.5659 0.4321 0.0000 0.0003 0.269 0.452  1.002 0.000 0.582 0.000 0.000 0.000 0.000 0.000 0.000 
  3 1.112763e+08 1.6010 4.1123 4.4875  7.3975 1.9218 0.5114 0.4866 0.0000 0.0001 0.260 0.550  1.001 0.000 0.542 0.000 0.000 0.000 0.000 0.000 0.000 
  4 1.723663e+08 1.6361 4.1091 4.4396  7.4050 1.9250 0.4608 0.5373 0.0000 0.0001 0.252 0.590  1.001 0.000 0.508 0.000 0.000 0.000 0.000 0.000 0.000 
  5 2.240136e+08 1.6766 4.1043 4.3799  7.4142 1.9327 0.4011 0.5970 0.0000 0.0001 0.231 0.612  1.001 0.000 0.481 0.000 0.000 0.000 0.000 0.000 0.000 
  6 2.681017e+08 1.7084 4.0986 4.3253  7.4221 1.9391 0.3494 0.6486 0.0000 0.0001 0.223 0.626  1.001 0.000 0.438 0.000 0.000 0.000 0.000 0.000 0.000 
  7 3.050308e+08 1.7381 4.0919 4.2688  7.4300 1.9472 0.2999 0.6982 0.0000 0.0001 0.211 0.633  1.002 0.000 0.402 0.000 0.000 0.000 0.000 0.000 0.000 
  8 3.354739e+08 1.7666 4.0839 4.2083  7.4385 1.9583 0.2497 0.7484 0.0000 0.0001 0.198 0.639  1.002 0.000 0.369 0.000 0.000 0.000 0.000 0.000 0.000 
  9 3.607794e+08 1.7903 4.0758 4.1522  7.4464 1.9711 0.2057 0.7923 0.0000 0.0001 0.185 0.639  1.002 0.000 0.338 0.000 0.000 0.000 0.000 0.000 0.000 
 10 3.820941e+08 1.8129 4.0667 4.0932  7.4555 1.9881 0.1612 0.8368 0.0000 0.0001 0.172 0.646  1.002 0.175 0.313 0.000 0.000 0.000 0.000 0.000 0.000 
 11 4.004017e+08 1.8323 4.0578 4.0382  7.4653 2.0095 0.1205 0.8776 0.0000 0.0001 0.161 0.646  1.002 0.163 0.287 0.000 0.000 0.000 0.000 0.000 0.000 
 12 4.173501e+08 1.8527 4.0488 3.9818  7.4790 2.0427 0.0772 0.9209 0.0000 0.0000 0.148 0.646  1.002 0.170 0.244 0.000 0.000 0.000 0.000 0.000 0.000 
 13 4.312458e+08 1.8724 4.0441 3.9433  7.4980 2.0942 0.0386 0.9595 0.0000 0.0000 0.137 0.646  1.000 0.223 0.233 0.000 0.000 0.000 0.000 0.000 0.000 tminms
 14 4.392214e+08 1.8943 4.0520 3.9530  7.5276 2.1795 0.0120 0.9860 0.0000 0.0000 0.129 0.646  0.993 0.000 0.280 0.000 0.000 0.000 0.000 0.000 0.000 
 15 4.410234e+08 1.9062 4.0617 3.9799  7.5453 2.2335 0.0058 0.9923 0.0000 0.0000 0.126 0.646  0.982 0.000 0.300 0.000 0.000 0.000 0.000 0.000 0.000 
 16 4.418189e+08 1.9178 4.0715 4.0075  7.5607 2.2835 0.0030 0.9951 0.0000 0.0000 0.122 0.646  0.963 0.000 0.325 0.000 0.000 0.000 0.000 0.000 0.000 
 17 4.422333e+08 1.9304 4.0810 4.0329  7.5752 2.3348 0.0016 0.9965 0.0000 0.0000 0.116 0.646  0.931 0.000 0.357 0.000 0.000 0.000 0.000 0.000 0.000 
 18 4.424676e+08 1.9446 4.0898 4.0539  7.5889 2.3910 0.0008 0.9973 0.0000 0.0000 0.108 0.646  0.884 0.000 0.422 0.000 0.000 0.000 0.000 0.000 0.000 
 19 4.426215e+08 1.9648 4.1001 4.0749  7.6057 2.4898 0.0002 0.9978 0.0000 0.0000 0.084 0.646  0.805 0.000 0.542 0.000 0.000 0.000 0.000 0.000 0.000 
 20 4.427190e+08 1.9702 4.1033 4.0823  7.6066 2.6296 0.0000 0.9980 0.0000 0.0000 0.028 0.646  0.928 0.000 0.597 0.000 0.000 0.000 0.000 0.000 0.000 tmaxlms
 21 4.427953e+08 1.9486 4.0950 4.0707  7.5740 2.7753 0.0000 0.9981 0.0000 0.0000 0.000 0.646  1.172 0.000 0.566 0.000 0.000 0.000 0.000 0.000 0.000 
 22 4.428307e+08 1.9426 4.0898 4.0559  7.5674 2.8207 0.0000 0.9981 0.0000 0.0000 0.000 0.646  1.161 0.003 0.558 0.000 0.000 0.000 0.000 0.000 0.000 lminsgb
 23 4.429101e+08 1.9600 4.0810 4.0033  7.5610 2.9052 0.0000 0.9981 0.0000 0.0000 0.000 0.646  1.121 0.011 0.527 0.000 0.000 0.000 0.000 0.000 0.000 
 24 4.430174e+08 1.9877 4.0729 3.9432  7.5559 2.9896 0.0000 0.9981 0.0000 0.0000 0.000 0.646  1.085 0.022 0.445 0.000 0.000 0.000 0.000 0.000 0.000 
 25 4.431734e+08 2.0058 4.0635 3.8875  7.5516 3.0769 0.0000 0.9981 0.0000 0.0000 0.000 0.646  1.059 0.034 0.391 0.000 0.000 0.000 0.000 0.000 0.000 
 26 4.433825e+08 2.0168 4.0555 3.8445  7.5494 3.1467 0.0000 0.9981 0.0000 0.0000 0.000 0.646  1.045 0.044 0.375 0.000 0.000 0.000 0.000 0.000 0.000 
 27 4.436502e+08 2.0263 4.0458 3.7962  7.5488 3.2261 0.0000 0.9981 0.0000 0.0000 0.000 0.646  1.034 0.054 0.363 0.000 0.000 0.000 0.000 0.000 0.000 
 28 4.439681e+08 2.0350 4.0342 3.7411  7.5514 3.3171 0.0000 0.9981 0.0000 0.0000 0.000 0.646  1.026 0.064 0.344 0.000 0.000 0.000 0.000 0.000 0.000 
 29 4.443142e+08 2.0391 4.0271 3.7086  7.5546 3.3684 0.0000 0.9981 0.0000 0.0000 0.000 0.646  1.023 0.071 0.338 0.000 0.000 0.000 0.000 0.000 0.000 
 30 4.446686e+08 2.0450 4.0143 3.6515  7.5633 3.4538 0.0000 0.9981 0.0000 0.0000 0.000 0.646  1.021 0.081 0.325 0.000 0.000 0.000 0.000 0.000 0.000 
 31 4.450090e+08 2.0487 4.0046 3.6090  7.5717 3.5125 0.0000 0.9981 0.0000 0.0000 0.000 0.646  1.020 0.088 0.313 0.000 0.000 0.000 0.000 0.000 0.000 
 32 4.453249e+08 2.0519 3.9937 3.5622  7.5823 3.5720 0.0000 0.9981 0.0000 0.0000 0.000 0.646  1.020 0.096 0.306 0.000 0.000 0.000 0.000 0.000 0.000 
 33 4.456154e+08 2.0532 3.9878 3.5373  7.5884 3.6020 0.0000 0.9981 0.0000 0.0000 0.000 0.646  1.021 0.099 0.300 0.000 0.000 0.000 0.000 0.000 0.000 
 34 4.458749e+08 2.0556 3.9749 3.4833  7.6018 3.6623 0.0000 0.9981 0.0000 0.0000 0.000 0.646  1.022 0.107 0.287 0.000 0.000 0.000 0.000 0.000 0.000 
 35 4.461090e+08 2.0564 3.9677 3.4537  7.6093 3.6926 0.0000 0.9981 0.0000 0.0000 0.000 0.646  1.023 0.109 0.280 0.000 0.000 0.000 0.000 0.000 0.000 
 36 4.463186e+08 2.0569 3.9601 3.4228  7.6171 3.7230 0.0000 0.9981 0.0000 0.0000 0.000 0.646  1.024 0.112 0.275 0.000 0.000 0.000 0.000 0.000 0.000 
 37 4.463464e+08 2.0572 3.9518 3.3893  7.6254 3.7534 0.0000 0.9981 0.0000 0.0000 0.000 0.646  1.026 0.114 0.270 0.000 0.000 0.000 0.000 0.000 0.000 lmaxsgb
 38 4.465304e+08 2.0571 3.9429 3.3538  7.6340 3.7839 0.0000 0.9981 0.0000 0.0000 0.000 0.646  1.028 0.116 0.260 0.000 0.000 0.000 0.000 0.000 0.000 
 39 4.466962e+08 2.0566 3.9333 3.3159  7.6429 3.8144 0.0000 0.9981 0.0000 0.0000 0.000 0.646  1.030 0.119 0.254 0.000 0.000 0.000 0.000 0.000 0.000 
 40 4.468486e+08 2.0553 3.9206 3.2664  7.6540 3.8511 0.0000 0.9981 0.0000 0.0000 0.000 0.646  1.033 0.123 0.248 0.000 0.000 0.000 0.000 0.000 0.000 
 41 4.469873e+08 2.0536 3.9103 3.2269  7.6626 3.8786 0.0000 0.9981 0.0000 0.0000 0.000 0.646  1.036 0.125 0.243 0.000 0.000 0.000 0.000 0.000 0.000 
 42 4.471119e+08 2.0520 3.9017 3.1941  7.6694 3.8999 0.0000 0.9981 0.0000 0.0000 0.000 0.646  1.039 0.125 0.239 0.000 0.000 0.000 0.000 0.000 0.000 
 43 4.472253e+08 2.0492 3.8890 3.1461  7.6787 3.9286 0.0000 0.9981 0.0000 0.0000 0.000 0.646  1.043 0.126 0.234 0.000 0.000 0.000 0.000 0.000 0.000 
 44 4.473288e+08 2.0478 3.8835 3.1255  7.6825 3.9403 0.0000 0.9981 0.0000 0.0000 0.000 0.646  1.044 0.128 0.234 0.000 0.000 0.000 0.000 0.000 0.000 
 45 4.474235e+08 2.0439 3.8696 3.0738  7.6916 3.9676 0.0000 0.9981 0.0000 0.0000 0.000 0.646  1.048 0.130 0.229 0.000 0.000 0.000 0.000 0.000 0.000 
 46 4.475111e+08 2.0411 3.8609 3.0418  7.6970 3.9834 0.0000 0.9981 0.0000 0.0000 0.000 0.646  1.051 0.130 0.225 0.000 0.000 0.000 0.000 0.000 0.000 
 47 4.475938e+08 2.0368 3.8485 2.9965  7.7042 4.0046 0.0000 0.9981 0.0000 0.0000 0.000 0.646  1.055 0.131 0.223 0.000 0.000 0.000 0.000 0.000 0.000 
 48 4.476716e+08 2.0329 3.8386 2.9608  7.7097 4.0207 0.0000 0.9981 0.0000 0.0000 0.000 0.646  1.060 0.132 0.221 0.000 0.000 0.000 0.000 0.000 0.000 
 49 4.477431e+08 2.0294 3.8305 2.9319  7.7139 4.0329 0.0000 0.9981 0.0000 0.0000 0.000 0.646  1.063 0.133 0.219 0.000 0.000 0.000 0.000 0.000 0.000 
 50 4.478099e+08 2.0243 3.8190 2.8910  7.7196 4.0494 0.0000 0.9981 0.0000 0.0000 0.000 0.646  1.068 0.134 0.217 0.000 0.000 0.000 0.000 0.000 0.000 
 51 4.478737e+08 2.0193 3.8087 2.8548  7.7245 4.0634 0.0000 0.9981 0.0000 0.0000 0.000 0.646  1.073 0.135 0.215 0.000 0.000 0.000 0.000 0.000 0.000 
 52 4.479396e+08 2.0161 3.8027 2.8340  7.7274 4.0715 0.0000 0.9981 0.0000 0.0000 0.000 0.646  1.075 0.135 0.214 0.000 0.000 0.000 0.000 0.000 0.000 
 53 4.480178e+08 2.0078 3.7906 2.7939  7.7340 4.0903 0.0000 0.9981 0.0000 0.0000 0.000 0.646  1.082 0.136 0.212 0.000 0.000 0.000 0.000 0.000 0.000 
 54 4.481190e+08 1.9954 3.7796 2.7623  7.7422 4.1133 0.0000 0.9981 0.0000 0.0000 0.000 0.646  1.093 0.139 0.209 0.000 0.000 0.000 0.000 0.000 0.000 
 55 4.482417e+08 1.9759 3.7700 2.7434  7.7522 4.1413 0.0000 0.9981 0.0000 0.0000 0.000 0.646  1.111 0.140 0.206 0.000 0.000 0.000 0.000 0.000 0.000 
 56 4.483652e+08 1.9620 3.7653 2.7385  7.7581 4.1576 0.0000 0.9981 0.0000 0.0000 0.000 0.646  1.123 0.142 0.204 0.000 0.000 0.000 0.000 0.000 0.000 
 57 4.484841e+08 1.9223 3.7548 2.7362  7.7719 4.1955 0.0000 0.9981 0.0000 0.0000 0.000 0.653  1.158 0.144 0.200 0.000 0.000 0.000 0.000 0.000 0.000 
 58 4.486253e+08 1.8987 3.7495 2.7386  7.7799 4.2175 0.0000 0.9981 0.0000 0.0000 0.000 0.653  1.172 0.145 0.199 0.000 0.000 0.000 0.000 0.000 0.000 
 59 4.487418e+08 1.8814 3.7444 2.7355  7.7886 4.2416 0.0000 0.9981 0.0000 0.0000 0.000 0.653  1.168 0.147 0.197 0.000 0.000 0.000 0.000 0.000 0.000 brgb
 60 4.489622e+08 1.8943 3.7349 2.6846  7.8074 4.2952 0.0000 0.9981 0.0000 0.0000 0.000 0.655  1.089 0.150 0.193 0.000 0.000 0.000 0.000 0.000 0.000 
 61 4.491666e+08 1.9181 3.7309 2.6448  7.8170 4.3240 0.0000 0.9981 0.0000 0.0000 0.000 0.643  1.047 0.152 0.192 0.000 0.000 0.000 0.000 0.000 0.000 
 62 4.493926e+08 1.9704 3.7256 2.5713  7.8354 4.3820 0.0000 0.9981 0.0000 0.0000 0.000 0.608  1.002 0.156 0.191 0.000 0.000 0.000 0.000 0.000 0.000 
 63 4.496380e+08 1.9958 3.7235 2.5375  7.8443 4.4111 0.0000 0.9981 0.0000 0.0000 0.000 0.558  0.993 0.157 0.190 0.000 0.000 0.000 0.000 0.000 0.000 
 64 4.498904e+08 2.0512 3.7190 2.4641  7.8633 4.4751 0.0000 0.9981 0.0000 0.0000 0.000 0.460  0.984 0.161 0.190 0.000 0.000 0.000 0.000 0.000 0.000 
 65 4.501500e+08 2.0941 3.7160 2.4092  7.8774 4.5237 0.0000 0.9981 0.0000 0.0000 0.000 0.404  0.980 0.165 0.189 0.000 0.000 0.000 0.000 0.000 0.000 
 66 4.504124e+08 2.1340 3.7129 2.3569  7.8900 4.5682 0.0000 0.9981 0.0000 0.0000 0.000 0.363  0.979 0.167 0.190 0.000 0.000 0.000 0.000 0.000 0.000 
 67 4.506772e+08 2.1740 3.7105 2.3073  7.9020 4.6111 0.0000 0.9981 0.0000 0.0000 0.000 0.337  0.978 0.170 0.190 0.000 0.000 0.000 0.000 0.000 0.000 
 68 4.509456e+08 2.2091 3.7081 2.2626  7.9122 4.6482 0.0000 0.9981 0.0000 0.0000 0.000 0.318  0.978 0.172 0.190 0.000 0.000 0.000 0.000 0.000 0.000 
 69 4.512159e+08 2.2515 3.7049 2.2074  7.9242 4.6925 0.0000 0.9981 0.0000 0.0000 0.000 0.301  0.979 0.175 0.191 0.000 0.000 0.000 0.000 0.000 0.000 
 70 4.514916e+08 2.2897 3.7023 2.1588  7.9349 4.7316 0.0000 0.9981 0.0000 0.0000 0.000 0.287  0.979 0.177 0.192 0.000 0.000 0.000 0.000 0.000 0.000 
 71 4.517679e+08 2.3294 3.6993 2.1071  7.9457 4.7715 0.0000 0.9981 0.0000 0.0000 0.000 0.276  0.979 0.180 0.193 0.000 0.000 0.000 0.000 0.000 0.000 
 72 4.520496e+08 2.3703 3.6965 2.0550  7.9570 4.8118 0.0000 0.9980 0.0001 0.0000 0.000 0.267  0.980 0.182 0.194 0.000 0.000 0.003 0.000 0.000 0.000 
 73 4.523325e+08 2.4044 3.6940 2.0109  7.9675 4.8443 0.0000 0.9979 0.0001 0.0000 0.000 0.263  0.980 0.184 0.195 0.000 0.000 0.008 0.000 0.000 0.000 
 74 4.526164e+08 2.4467 3.6908 1.9558  7.9874 4.8795 0.0000 0.9975 0.0006 0.0000 0.001 0.255  0.980 0.187 0.197 0.001 0.000 0.013 0.000 0.000 0.000 
 75 4.528884e+08 2.4820 3.6885 1.9113  8.0245 4.8861 0.0000 0.9970 0.0011 0.0000 0.022 0.249  0.979 0.190 0.199 0.015 0.000 0.016 0.000 0.000 0.000 trgb
 76 4.530618e+08 2.4489 3.6909 1.9540  8.0507 4.7561 0.0000 0.9953 0.0028 0.0000 0.079 0.248  0.968 0.191 0.200 0.091 0.000 0.020 0.000 0.000 0.000 
 77 4.531932e+08 2.4069 3.6942 2.0092  8.0470 4.6785 0.0000 0.9940 0.0041 0.0000 0.091 0.248  0.975 0.192 0.202 0.050 0.000 0.020 0.000 0.000 0.000 
 78 4.534388e+08 2.3703 3.6971 2.0574  8.0414 4.6318 0.0000 0.9925 0.0056 0.0000 0.068 0.248  0.979 0.193 0.204 0.027 0.000 0.020 0.000 0.000 0.000 
 79 4.540548e+08 2.3304 3.7001 2.1093  8.0357 4.6183 0.0000 0.9896 0.0084 0.0001 0.041 0.248  0.977 0.195 0.207 0.017 0.000 0.019 0.000 0.000 0.000 
 80 4.555566e+08 2.2895 3.7033 2.1630  8.0420 4.5843 0.0000 0.9806 0.0173 0.0002 0.047 0.248  0.970 0.202 0.215 0.027 0.000 0.020 0.000 0.000 0.000 
 81 4.570497e+08 2.2512 3.7063 2.2133  8.0452 4.5519 0.0000 0.9706 0.0272 0.0004 0.047 0.248  0.964 0.207 0.221 0.034 0.000 0.021 0.000 0.000 0.000 
 82 4.586795e+08 2.2135 3.7092 2.2626  8.0483 4.5233 0.0000 0.9586 0.0388 0.0007 0.048 0.248  0.956 0.212 0.226 0.041 0.000 0.022 0.000 0.000 0.000 
 83 4.604839e+08 2.1745 3.7128 2.3160  8.0514 4.4889 0.0000 0.9575 0.0398 0.0008 0.070 0.248  0.947 0.216 0.231 0.051 0.000 0.023 0.000 0.000 0.000 
 84 4.631640e+08 2.1350 3.7162 2.3691  8.0550 4.4566 0.0000 0.9408 0.0558 0.0015 0.073 0.248  0.933 0.222 0.238 0.064 0.000 0.024 0.000 0.000 0.000 
 85 4.682678e+08 2.1000 3.7216 2.4257  8.0609 4.4117 0.0000 0.9077 0.0870 0.0033 0.081 0.249  0.910 0.231 0.248 0.087 0.000 0.026 0.000 0.000 0.000 
 86 4.704538e+08 2.0962 3.7234 2.4367  8.0632 4.3956 0.0000 0.8922 0.1014 0.0044 0.083 0.249  0.901 0.234 0.252 0.095 0.000 0.027 0.000 0.000 0.000 lmincheb
 87 4.791923e+08 2.1295 3.7268 2.4170  8.0712 4.3436 0.0000 0.8292 0.1581 0.0106 0.095 0.263  0.886 0.246 0.266 0.114 0.000 0.029 0.000 0.000 0.000 
 88 4.831971e+08 2.1482 3.7265 2.3971  8.0745 4.3243 0.0000 0.8009 0.1826 0.0143 0.100 0.268  0.879 0.250 0.271 0.121 0.000 0.031 0.000 0.000 0.000 tmaxcheb
 89 4.909277e+08 2.1891 3.7260 2.3542  8.0816 4.2828 0.0000 0.7396 0.2339 0.0243 0.109 0.279  0.865 0.260 0.283 0.135 0.000 0.034 0.000 0.000 0.000 
 90 4.981929e+08 2.2304 3.7253 2.3101  8.0889 4.2443 0.0000 0.6801 0.2810 0.0366 0.115 0.290  0.850 0.269 0.294 0.150 0.000 0.037 0.000 0.000 0.000 
 91 5.050416e+08 2.2703 3.7249 2.2686  8.0961 4.2101 0.0000 0.6209 0.3253 0.0515 0.119 0.300  0.835 0.278 0.305 0.165 0.000 0.039 0.000 0.000 0.000 
 92 5.115941e+08 2.3107 3.7245 2.2266  8.1040 4.1781 0.0000 0.5565 0.3705 0.0707 0.122 0.312  0.818 0.288 0.316 0.182 0.000 0.042 0.000 0.000 0.000 
 93 5.178656e+08 2.3512 3.7241 2.1845  8.1132 4.1504 0.0000 0.4821 0.4188 0.0967 0.126 0.324  0.798 0.298 0.328 0.203 0.000 0.046 0.000 0.000 0.000 
 94 5.239523e+08 2.3917 3.7239 2.1432  8.1233 4.1244 0.0000 0.4086 0.4596 0.1294 0.131 0.336  0.775 0.308 0.340 0.225 0.000 0.050 0.000 0.000 0.000 
 95 5.299961e+08 2.4317 3.7234 2.1012  8.1349 4.1025 0.0000 0.3324 0.4929 0.1723 0.137 0.348  0.749 0.319 0.353 0.252 0.000 0.054 0.000 0.000 0.000 
 96 5.360134e+08 2.4723 3.7223 2.0562  8.1496 4.0878 0.0000 0.2491 0.5153 0.2332 0.143 0.361  0.717 0.331 0.367 0.283 0.000 0.060 0.000 0.000 0.000 
 97 5.418124e+08 2.5115 3.7198 2.0070  8.1675 4.0843 0.0000 0.1663 0.5114 0.3199 0.142 0.374  0.681 0.343 0.380 0.319 0.000 0.066 0.000 0.000 0.000 
 98 5.471233e+08 2.5463 3.7150 1.9530  8.1910 4.1081 0.0000 0.0935 0.4657 0.4383 0.139 0.386  0.646 0.355 0.390 0.355 0.000 0.079 0.000 0.000 0.000 
 99 5.505970e+08 2.5722 3.7077 1.8979  8.2209 4.1712 0.0000 0.0389 0.3951 0.5634 0.144 0.392  0.626 0.363 0.395 0.372 0.000 0.089 0.000 0.001 0.000 
100 5.518058e+08 2.5992 3.7001 1.8405  8.2560 4.2796 0.0000 0.0099 0.3412 0.6463 0.145 0.394  0.639 0.366 0.394 0.351 0.000 0.089 0.000 0.001 0.000 
101 5.521956e+08 2.6292 3.6939 1.7857  8.2826 4.3704 0.0000 0.0027 0.3214 0.6733 0.145 0.394  0.667 0.368 0.392 0.298 0.000 0.092 0.000 0.002 0.000 
102 5.523267e+08 2.6650 3.6887 1.7291  8.3098 4.4779 0.0000 0.0004 0.3145 0.6824 0.097 0.394  0.708 0.368 0.389 0.157 0.145 0.173 0.000 0.003 0.000 
103 5.523755e+08 2.7021 3.6842 1.6740  8.3251 4.6039 0.0000 0.0000 0.3132 0.6841 0.000 0.394  0.732 0.369 0.388 0.014 0.012 0.210 0.000 0.004 0.000 
104 5.524068e+08 2.7404 3.6808 1.6221  8.3329 4.6970 0.0000 0.0000 0.3132 0.6841 0.000 0.394  0.728 0.369 0.387 0.031 0.032 0.222 0.000 0.006 0.000 
105 5.524387e+08 2.7791 3.6777 1.5710  8.3415 4.7761 0.0000 0.0000 0.3132 0.6841 0.000 0.394  0.725 0.369 0.386 0.089 0.047 0.229 0.000 0.007 0.000 
106 5.524758e+08 2.8026 3.6753 1.5379  8.3410 4.8323 0.0000 0.0000 0.3132 0.6841 0.000 0.394  0.705 0.370 0.386 0.251 0.061 0.233 0.000 0.007 0.000 lmaxeagb
107 5.525467e+08 2.7707 3.6785 1.5826  8.3225 4.8846 0.0000 0.0000 0.3132 0.6841 0.000 0.394  0.623 0.371 0.387 0.369 0.078 0.236 0.000 0.006 0.000 
108 5.526643e+08 2.7316 3.6821 1.6361  8.3070 4.9536 0.0000 0.0000 0.3132 0.6841 0.000 0.394  0.507 0.371 0.389 0.478 0.088 0.236 0.000 0.005 0.000 
109 5.530179e+08 2.6879 3.6862 1.6962  8.2817 5.1038 0.0000 0.0000 0.3132 0.6841 0.000 0.395  0.214 0.373 0.391 0.784 0.113 0.239 0.000 0.005 0.000 
110 5.531788e+08 2.6845 3.6865 1.7008  8.2762 5.1409 0.0000 0.0000 0.3132 0.6841 0.000 0.395  0.133 0.373 0.391 0.869 0.119 0.241 0.000 0.005 0.000 lmineagb
111 5.536786e+08 2.7159 3.6829 1.6550  8.2623 5.2433 0.0000 0.0000 0.3132 0.6841 0.000 0.395  0.020 0.373 0.391 0.981 0.128 0.247 0.000 0.005 0.000 
112 5.539664e+08 2.7490 3.6796 1.6087  8.2589 5.2915 0.0000 0.0000 0.3132 0.6841 0.000 0.395  0.006 0.373 0.391 0.993 0.136 0.249 0.000 0.005 0.000 
113 5.542134e+08 2.7869 3.6764 1.5580  8.2578 5.3370 0.0000 0.0000 0.3132 0.6841 0.000 0.394  0.002 0.373 0.388 0.996 0.145 0.254 0.000 0.005 0.000 
114 5.544360e+08 2.8237 3.6726 1.5060  8.2583 5.3775 0.0000 0.0000 0.3132 0.6841 0.000 0.394  0.001 0.374 0.386 0.995 0.145 0.256 0.000 0.006 0.000 
115 5.546393e+08 2.8587 3.6689 1.4562  8.2597 5.4141 0.0000 0.0000 0.3132 0.6841 0.000 0.394  0.000 0.374 0.384 0.994 0.145 0.260 0.000 0.006 0.000 
116 5.548243e+08 2.9105 3.6640 1.3848  8.2628 5.4659 0.0000 0.0000 0.3132 0.6841 0.000 0.394  0.000 0.374 0.382 0.991 0.154 0.266 0.000 0.006 0.000 
117 5.549913e+08 2.9437 3.6610 1.3396  8.2651 5.4979 0.0000 0.0000 0.3132 0.6841 0.000 0.394  0.000 0.375 0.381 0.990 0.162 0.269 0.000 0.006 0.000 
118 5.551445e+08 2.9843 3.6576 1.2854  8.2682 5.5365 0.0000 0.0000 0.3132 0.6841 0.000 0.394  0.000 0.375 0.380 0.986 0.171 0.272 0.000 0.007 0.002 
119 5.552795e+08 3.0235 3.6544 1.2334  8.2716 5.5732 0.0000 0.0000 0.3132 0.6841 0.000 0.394  0.000 0.376 0.379 0.984 0.180 0.276 0.000 0.007 0.010 
120 5.553995e+08 3.0666 3.6510 1.1767  8.2753 5.6129 0.0000 0.0000 0.3132 0.6841 0.000 0.394  0.000 0.000 0.000 0.980 0.190 0.280 0.000 0.008 0.018 
121 5.555058e+08 3.1027 3.6475 1.1266  8.2783 5.6461 0.0000 0.0000 0.3132 0.6841 0.000 0.394  0.000 0.000 0.000 0.978 0.205 0.285 0.000 0.008 0.024 
122 5.555989e+08 3.1363 3.6438 1.0782  8.2805 5.6764 0.0000 0.0000 0.3132 0.6841 0.000 0.394  0.000 0.000 0.000 0.977 0.211 0.288 0.000 0.009 0.032 
123 5.556881e+08 3.1813 3.6400 1.0180  8.2822 5.7161 0.0000 0.0000 0.3132 0.6841 0.000 0.394  0.000 0.000 0.000 0.977 0.220 0.292 0.000 0.009 0.041 
124 5.557721e+08 3.2183 3.6367 0.9678  8.2826 5.7493 0.0000 0.0000 0.3132 0.6841 0.000 0.394  0.000 0.000 0.000 0.976 0.227 0.295 0.000 0.010 0.047 
125 5.558508e+08 3.2519 3.6332 0.9202  8.2824 5.7802 0.0000 0.0000 0.3132 0.6841 0.000 0.394  0.000 0.000 0.000 0.974 0.234 0.299 0.000 0.011 0.054 
126 5.559248e+08 3.2949 3.6296 0.8628  8.2810 5.8198 0.0000 0.0000 0.3132 0.6841 0.000 0.394  0.000 0.000 0.000 0.971 0.243 0.302 0.000 0.011 0.062 
127 5.559941e+08 3.3347 3.6264 0.8102  8.2785 5.8570 0.0000 0.0000 0.3132 0.6841 0.000 0.394  0.000 0.000 0.000 0.969 0.250 0.307 0.000 0.012 0.070 
128 5.560579e+08 3.3713 3.6231 0.7604  8.2757 5.8913 0.0000 0.0000 0.3132 0.6841 0.000 0.394  0.000 0.000 0.000 0.967 0.257 0.311 0.000 0.013 0.078 
129 5.561161e+08 3.4138 3.6189 0.7011  8.2712 5.9317 0.0000 0.0000 0.3132 0.6841 0.000 0.393  0.000 0.000 0.000 0.964 0.266 0.315 0.000 0.014 0.088 
130 5.561705e+08 3.4456 3.6157 0.6565  8.2671 5.9622 0.0000 0.0000 0.3132 0.6841 0.000 0.392  0.000 0.000 0.000 0.962 0.272 0.319 0.000 0.015 0.097 
131 5.562224e+08 3.4886 3.6122 0.5995  8.2601 6.0042 0.0000 0.0000 0.3132 0.6841 0.000 0.390  0.000 0.000 0.000 0.959 0.280 0.324 0.000 0.016 0.108 
132 5.562705e+08 3.5280 3.6085 0.5453  8.2519 6.0434 0.0000 0.0000 0.3132 0.6841 0.000 0.388  0.000 0.000 0.000 0.957 0.288 0.328 0.000 0.017 0.117 
133 5.563156e+08 3.5634 3.6051 0.4963  8.2436 6.0796 0.0000 0.0000 0.3132 0.6841 0.000 0.387  0.000 0.000 0.000 0.954 0.295 0.333 0.000 0.018 0.126 
134 5.563580e+08 3.6004 3.6009 0.4425  8.2338 6.1188 0.0000 0.0000 0.3132 0.6841 0.000 0.386  0.000 0.000 0.000 0.951 0.303 0.338 0.000 0.019 0.138 
135 5.564006e+08 3.6415 3.5977 0.3886  8.2216 6.1651 0.0000 0.0000 0.3132 0.6841 0.000 0.385  0.000 0.000 0.000 0.948 0.312 0.344 0.000 0.021 0.149 
136 5.564439e+08 3.6788 3.5940 0.3365  8.2085 6.2120 0.0000 0.0000 0.3132 0.6841 0.000 0.384  0.000 0.373 0.377 0.944 0.321 0.350 0.000 0.023 0.160 
137 5.564972e+08 3.7186 3.5903 0.2819  8.1894 6.2787 0.0000 0.0000 0.3132 0.6841 0.000 0.383  0.001 0.373 0.378 0.937 0.333 0.358 0.000 0.027 0.180 
138 5.565573e+08 3.7558 3.5871 0.2319  8.1652 6.3614 0.0000 0.0000 0.3132 0.6841 0.000 0.383  0.103 0.376 0.379 0.828 0.347 0.368 0.000 0.032 0.201 
139 5.565816e+08 3.7957 3.5835 0.1776  8.1537 6.3995 0.0000 0.0000 0.3132 0.6841 0.000 0.383  0.278 0.378 0.379 0.655 0.353 0.371 0.000 0.033 0.212 
140 5.566010e+08 3.8329 3.5798 0.1256  8.1448 6.4281 0.0000 0.0000 0.3132 0.6841 0.000 0.383  0.447 0.379 0.380 0.489 0.357 0.374 0.000 0.032 0.221 
141 5.566251e+08 3.8722 3.5761 0.0715  8.1323 6.4644 0.0000 0.0000 0.3132 0.6841 0.000 0.383  0.606 0.381 0.381 0.337 0.361 0.377 0.000 0.031 0.227 
142 5.566667e+08 3.8996 3.5735 0.0337  8.1083 6.5197 0.0000 0.0000 0.3132 0.6841 0.000 0.383  0.729 0.383 0.384 0.215 0.367 0.380 0.000 0.030 0.241 
143 5.566755e+08 3.9173 3.5717 0.0088  8.1030 6.5302 0.0000 0.0000 0.3132 0.6841 0.000 0.384  0.752 0.384 0.384 0.176 0.368 0.381 0.000 0.029 0.241 
144 5.566807e+08 3.9349 3.5697 -0.0168  8.1002 6.5371 0.0000 0.0000 0.3132 0.6841 0.000 0.384  0.781 0.384 0.384 0.245 0.369 0.381 0.000 0.027 0.245 
145 5.566808e+08 3.9349 3.5697 -0.0168  8.1002 6.5371 0.0000 0.0000 0.3132 0.6841 0.000 0.384  0.781 0.384 0.384 0.245 0.369 0.381 0.000 0.027 0.245 
146 5.566809e+08 3.8716 3.5765 0.0737  8.0985 6.5343 0.0000 0.0000 0.3132 0.6841 0.000 0.384  0.426 0.384 0.385 2.454 0.373 0.381 0.000 0.031 0.245 
147 5.566810e+08 3.8210 3.5816 0.1447  8.0981 6.5339 0.0000 0.0000 0.3132 0.6841 0.000 0.384  0.220 0.384 0.385 0.865 0.370 0.381 0.000 0.034 0.245 
148 5.566818e+08 3.8440 3.5792 0.1121  8.0980 6.5352 0.0000 0.0000 0.3132 0.6841 0.000 0.384  0.423 0.384 0.384 0.463 0.369 0.381 0.000 0.033 0.245 
149 5.566827e+08 3.8796 3.5755 0.0617  8.0977 6.5368 0.0000 0.0000 0.3132 0.6841 0.000 0.384  0.596 0.384 0.384 0.299 0.369 0.381 0.000 0.030 0.245 
150 5.566841e+08 3.9202 3.5713 0.0043  8.0974 6.5395 0.0000 0.0000 0.3132 0.6841 0.000 0.384  0.728 0.384 0.384 0.161 0.368 0.381 0.000 0.028 0.245 
151 5.566863e+08 3.9582 3.5673 -0.0497  8.0970 6.5435 0.0000 0.0000 0.3132 0.6841 0.000 0.385  0.821 0.384 0.385 0.076 0.368 0.382 0.000 0.026 0.245 
152 5.566903e+08 3.9955 3.5630 -0.1042  8.0956 6.5503 0.0000 0.0000 0.3132 0.6841 0.000 0.385  0.890 0.385 0.385 0.036 0.369 0.382 0.000 0.024 0.249 
153 5.566934e+08 4.0058 3.5619 -0.1189  8.0943 6.5545 0.0000 0.0000 0.3132 0.6841 0.000 0.385  0.901 0.385 0.385 0.040 0.369 0.382 0.000 0.024 0.249 1sttp
