#n   age/yr      logL   logTef grav    logTc  logrho Xc     Yc     Xc_C   Xc_O   Q_conv Q_disc L_H/L Q1_H Q2_H L_He/L Q1_He Q2_He L_C/L L_nu/L Q_Tmax phase
#(1) (2)         (3)    (4)    (5)     (6)    (7)    (8)    (9)    (10)   (11)   (12)   (13)   (14) (15)  (16) (17)   (18)  (19)  (20)  (21)   (22)   (23) 
  1 3.336207e-04 2.8354 4.3187 4.5224  7.4847 1.4737 0.7355 0.2625 0.0000 0.0007 0.347 0.348  1.010 0.348 0.462 0.000 0.000 0.000 0.000 0.000 0.000 bms
  2 7.423960e+06 2.8529 4.3104 4.4717  7.4753 1.4348 0.7064 0.2917 0.0000 0.0001 0.337 0.348  1.002 0.339 0.360 0.000 0.000 0.000 0.000 0.000 0.000 
  3 2.002014e+07 2.8897 4.3076 4.4237  7.4801 1.4285 0.6509 0.3472 0.0000 0.0001 0.317 0.362  1.002 0.326 0.341 0.000 0.000 0.000 0.000 0.000 0.000 
  4 3.109645e+07 2.9313 4.3041 4.3681  7.4872 1.4264 0.5858 0.4123 0.0000 0.0000 0.299 0.414  1.002 0.307 0.310 0.000 0.000 0.000 0.000 0.000 0.000 
  5 4.063378e+07 2.9692 4.2997 4.3126  7.4940 1.4260 0.5243 0.4737 0.0000 0.0000 0.283 0.440  1.002 0.000 0.267 0.000 0.000 0.000 0.000 0.000 0.000 
  6 4.869981e+07 3.0035 4.2945 4.2575  7.5008 1.4281 0.4664 0.5317 0.0000 0.0000 0.268 0.454  1.002 0.000 0.253 0.000 0.000 0.000 0.000 0.000 0.000 
  7 5.545069e+07 3.0351 4.2888 4.2031  7.5075 1.4329 0.4125 0.5856 0.0000 0.0000 0.247 0.462  1.002 0.000 0.239 0.000 0.000 0.000 0.000 0.000 0.000 
  8 6.110126e+07 3.0671 4.2813 4.1411  7.5150 1.4394 0.3540 0.6441 0.0000 0.0000 0.235 0.471  1.002 0.000 0.225 0.000 0.000 0.000 0.000 0.000 0.000 
  9 6.584141e+07 3.0938 4.2739 4.0848  7.5221 1.4480 0.3037 0.6943 0.0000 0.0000 0.222 0.478  1.002 0.000 0.213 0.000 0.000 0.000 0.000 0.000 0.000 
 10 6.973711e+07 3.1180 4.2659 4.0286  7.5293 1.4593 0.2567 0.7413 0.0000 0.0000 0.208 0.478  1.002 0.000 0.202 0.000 0.000 0.000 0.000 0.000 0.000 
 11 7.302033e+07 3.1409 4.2572 3.9709  7.5373 1.4738 0.2106 0.7875 0.0000 0.0000 0.196 0.478  1.002 0.000 0.190 0.000 0.000 0.000 0.000 0.000 0.000 
 12 7.576833e+07 3.1614 4.2482 3.9144  7.5457 1.4918 0.1676 0.8305 0.0000 0.0000 0.183 0.478  1.002 0.000 0.179 0.000 0.000 0.000 0.000 0.000 0.000 
 13 7.814280e+07 3.1804 4.2390 3.8586  7.5555 1.5148 0.1261 0.8720 0.0000 0.0000 0.172 0.478  1.002 0.000 0.169 0.000 0.000 0.000 0.000 0.000 0.000 
 14 8.028531e+07 3.1985 4.2301 3.8049  7.5677 1.5461 0.0858 0.9123 0.0000 0.0000 0.161 0.486  1.002 0.000 0.159 0.000 0.000 0.000 0.000 0.000 0.000 
 15 8.256226e+07 3.2224 4.2226 3.7510  7.5935 1.6191 0.0349 0.9632 0.0000 0.0000 0.146 0.486  1.000 0.000 0.148 0.000 0.000 0.000 0.000 0.000 0.000 tminms
 16 8.359848e+07 3.2404 4.2313 3.7678  7.6282 1.7226 0.0093 0.9887 0.0000 0.0000 0.139 0.486  0.988 0.000 0.203 0.000 0.000 0.000 0.000 0.000 0.000 
 17 8.380589e+07 3.2489 4.2402 3.7949  7.6470 1.7818 0.0044 0.9936 0.0000 0.0000 0.135 0.486  0.972 0.000 0.224 0.000 0.000 0.000 0.000 0.000 0.000 
 18 8.389495e+07 3.2589 4.2499 3.8237  7.6662 1.8457 0.0020 0.9960 0.0000 0.0000 0.130 0.486  0.937 0.000 0.248 0.000 0.000 0.000 0.000 0.000 0.000 
 19 8.393965e+07 3.2722 4.2599 3.8504  7.6872 1.9243 0.0008 0.9973 0.0000 0.0000 0.120 0.486  0.868 0.000 0.276 0.000 0.000 0.000 0.000 0.000 0.000 
 20 8.396746e+07 3.2891 4.2696 3.8723  7.7134 2.0585 0.0001 0.9979 0.0000 0.0000 0.084 0.486  0.750 0.000 0.332 0.000 0.000 0.000 0.000 0.000 0.000 
 21 8.397729e+07 3.2897 4.2711 3.8777  7.7210 2.2074 0.0000 0.9981 0.0000 0.0000 0.013 0.486  0.952 0.000 0.407 0.000 0.000 0.000 0.000 0.000 0.000 tmaxlms
 22 8.398797e+07 3.2666 4.2635 3.8704  7.7026 2.3499 0.0000 0.9981 0.0000 0.0000 0.000 0.486  1.242 0.016 0.337 0.000 0.000 0.000 0.000 0.000 0.000 
 23 8.399561e+07 3.2497 4.2543 3.8505  7.6988 2.4270 0.0000 0.9981 0.0000 0.0000 0.000 0.486  1.254 0.027 0.325 0.000 0.000 0.000 0.000 0.000 0.000 
 24 8.399908e+07 3.2475 4.2506 3.8379  7.6988 2.4544 0.0000 0.9981 0.0000 0.0000 0.000 0.486  1.252 0.030 0.325 0.000 0.000 0.000 0.000 0.000 0.000 lminsgb
 25 8.400821e+07 3.2536 4.2417 3.7962  7.7005 2.5208 0.0000 0.9981 0.0000 0.0000 0.000 0.486  1.236 0.040 0.310 0.000 0.000 0.000 0.000 0.000 0.000 
 26 8.401822e+07 3.2746 4.2308 3.7316  7.7045 2.6035 0.0000 0.9981 0.0000 0.0000 0.000 0.486  1.202 0.046 0.299 0.000 0.000 0.000 0.000 0.000 0.000 
 27 8.402928e+07 3.2871 4.2242 3.6927  7.7077 2.6515 0.0000 0.9981 0.0000 0.0000 0.000 0.486  1.178 0.053 0.292 0.000 0.000 0.000 0.000 0.000 0.000 
 28 8.404146e+07 3.3045 4.2123 3.6277  7.7143 2.7331 0.0000 0.9981 0.0000 0.0000 0.000 0.486  1.151 0.059 0.281 0.000 0.000 0.000 0.000 0.000 0.000 
 29 8.405442e+07 3.3141 4.2034 3.5825  7.7202 2.7906 0.0000 0.9981 0.0000 0.0000 0.000 0.486  1.136 0.066 0.276 0.000 0.000 0.000 0.000 0.000 0.000 
 30 8.406778e+07 3.3221 4.1939 3.5365  7.7270 2.8484 0.0000 0.9981 0.0000 0.0000 0.000 0.486  1.125 0.072 0.266 0.000 0.000 0.000 0.000 0.000 0.000 
 31 8.408142e+07 3.3288 4.1838 3.4894  7.7348 2.9064 0.0000 0.9981 0.0000 0.0000 0.000 0.486  1.116 0.079 0.261 0.000 0.000 0.000 0.000 0.000 0.000 
 32 8.409500e+07 3.3345 4.1730 3.4405  7.7438 2.9647 0.0000 0.9981 0.0000 0.0000 0.000 0.486  1.109 0.082 0.257 0.000 0.000 0.000 0.000 0.000 0.000 
 33 8.410852e+07 3.3392 4.1615 3.3898  7.7539 3.0233 0.0000 0.9981 0.0000 0.0000 0.000 0.486  1.104 0.088 0.248 0.000 0.000 0.000 0.000 0.000 0.000 
 34 8.412157e+07 3.3413 4.1553 3.3629  7.7594 3.0527 0.0000 0.9981 0.0000 0.0000 0.000 0.486  1.103 0.091 0.248 0.000 0.000 0.000 0.000 0.000 0.000 
 35 8.413421e+07 3.3448 4.1423 3.3074  7.7711 3.1116 0.0000 0.9981 0.0000 0.0000 0.000 0.486  1.101 0.094 0.242 0.000 0.000 0.000 0.000 0.000 0.000 
 36 8.414628e+07 3.3462 4.1353 3.2780  7.7775 3.1412 0.0000 0.9981 0.0000 0.0000 0.000 0.486  1.100 0.099 0.238 0.000 0.000 0.000 0.000 0.000 0.000 
 37 8.415790e+07 3.3485 4.1204 3.2161  7.7910 3.2005 0.0000 0.9981 0.0000 0.0000 0.000 0.486  1.101 0.102 0.232 0.000 0.000 0.000 0.000 0.000 0.000 
 38 8.416878e+07 3.3493 4.1123 3.1829  7.7981 3.2302 0.0000 0.9981 0.0000 0.0000 0.000 0.486  1.101 0.106 0.230 0.000 0.000 0.000 0.000 0.000 0.000 
 39 8.417912e+07 3.3499 4.1038 3.1483  7.8055 3.2600 0.0000 0.9981 0.0000 0.0000 0.000 0.486  1.102 0.109 0.226 0.000 0.000 0.000 0.000 0.000 0.000 
 40 8.418891e+07 3.3502 4.0948 3.1120  7.8132 3.2898 0.0000 0.9981 0.0000 0.0000 0.000 0.486  1.103 0.111 0.224 0.000 0.000 0.000 0.000 0.000 0.000 
 41 8.419195e+07 3.3502 4.0948 3.1120  7.8132 3.2898 0.0000 0.9981 0.0000 0.0000 0.000 0.486  1.103 0.111 0.224 0.000 0.000 0.000 0.000 0.000 0.000 lmaxsgb
 42 8.420103e+07 3.3503 4.0853 3.0739  7.8212 3.3197 0.0000 0.9981 0.0000 0.0000 0.000 0.486  1.104 0.113 0.222 0.000 0.000 0.000 0.000 0.000 0.000 
 43 8.420968e+07 3.3497 4.0672 3.0021  7.8357 3.3724 0.0000 0.9981 0.0000 0.0000 0.000 0.486  1.110 0.117 0.219 0.000 0.000 0.000 0.000 0.000 0.000 
 44 8.421782e+07 3.3486 4.0553 2.9556  7.8448 3.4043 0.0000 0.9981 0.0000 0.0000 0.000 0.486  1.114 0.119 0.215 0.000 0.000 0.000 0.000 0.000 0.000 
 45 8.422535e+07 3.3478 4.0482 2.9280  7.8499 3.4219 0.0000 0.9981 0.0000 0.0000 0.000 0.486  1.116 0.120 0.214 0.000 0.000 0.000 0.000 0.000 0.000 
 46 8.423242e+07 3.3466 4.0392 2.8932  7.8563 3.4433 0.0000 0.9981 0.0000 0.0000 0.000 0.486  1.119 0.122 0.214 0.000 0.000 0.000 0.000 0.000 0.000 
 47 8.423904e+07 3.3449 4.0276 2.8485  7.8641 3.4691 0.0000 0.9981 0.0000 0.0000 0.000 0.486  1.124 0.124 0.210 0.000 0.000 0.000 0.000 0.000 0.000 
 48 8.424526e+07 3.3437 4.0205 2.8213  7.8686 3.4840 0.0000 0.9981 0.0000 0.0000 0.000 0.486  1.127 0.125 0.210 0.000 0.000 0.000 0.000 0.000 0.000 
 49 8.425110e+07 3.3422 4.0123 2.7900  7.8737 3.5004 0.0000 0.9981 0.0000 0.0000 0.000 0.482  1.130 0.125 0.209 0.000 0.000 0.000 0.000 0.000 0.000 
 50 8.425655e+07 3.3404 4.0028 2.7538  7.8794 3.5184 0.0000 0.9981 0.0000 0.0000 0.000 0.482  1.134 0.127 0.209 0.000 0.000 0.000 0.000 0.000 0.000 
 51 8.426185e+07 3.3363 3.9837 2.6815  7.8901 3.5522 0.0000 0.9981 0.0000 0.0000 0.000 0.482  1.142 0.128 0.205 0.000 0.000 0.000 0.000 0.000 0.000 
 52 8.426680e+07 3.3341 3.9748 2.6481  7.8949 3.5669 0.0000 0.9981 0.0000 0.0000 0.000 0.482  1.147 0.130 0.205 0.000 0.000 0.000 0.000 0.000 0.000 
 53 8.427148e+07 3.3315 3.9649 2.6111  7.8999 3.5823 0.0000 0.9981 0.0000 0.0000 0.000 0.482  1.153 0.131 0.203 0.000 0.000 0.000 0.000 0.000 0.000 
 54 8.427587e+07 3.3290 3.9561 2.5784  7.9042 3.5953 0.0000 0.9981 0.0000 0.0000 0.000 0.482  1.157 0.131 0.203 0.000 0.000 0.000 0.000 0.000 0.000 
 55 8.428001e+07 3.3257 3.9449 2.5369  7.9094 3.6111 0.0000 0.9981 0.0000 0.0000 0.000 0.482  1.165 0.133 0.202 0.000 0.000 0.000 0.000 0.000 0.000 
 56 8.428390e+07 3.3237 3.9380 2.5113  7.9125 3.6202 0.0000 0.9981 0.0000 0.0000 0.000 0.482  1.168 0.134 0.201 0.000 0.000 0.000 0.000 0.000 0.000 
 57 8.428762e+07 3.3191 3.9234 2.4575  7.9187 3.6385 0.0000 0.9981 0.0000 0.0000 0.000 0.482  1.177 0.134 0.200 0.000 0.000 0.000 0.000 0.000 0.000 
 58 8.429113e+07 3.3170 3.9171 2.4344  7.9212 3.6461 0.0000 0.9981 0.0000 0.0000 0.000 0.482  1.181 0.135 0.199 0.000 0.000 0.000 0.000 0.000 0.000 
 59 8.429445e+07 3.3131 3.9055 2.3919  7.9257 3.6593 0.0000 0.9981 0.0000 0.0000 0.000 0.482  1.190 0.135 0.198 0.000 0.000 0.000 0.000 0.000 0.000 
 60 8.429758e+07 3.3092 3.8943 2.3510  7.9298 3.6713 0.0000 0.9981 0.0000 0.0000 0.000 0.482  1.198 0.136 0.198 0.000 0.000 0.000 0.000 0.000 0.000 
 61 8.430056e+07 3.3052 3.8832 2.3106  7.9337 3.6825 0.0000 0.9981 0.0000 0.0000 0.000 0.482  1.205 0.137 0.197 0.000 0.000 0.000 0.000 0.000 0.000 
 62 8.430338e+07 3.3010 3.8718 2.2692  7.9374 3.6934 0.0000 0.9981 0.0000 0.0000 0.000 0.482  1.214 0.137 0.196 0.000 0.000 0.000 0.000 0.000 0.000 
 63 8.430597e+07 3.2987 3.8659 2.2479  7.9393 3.6987 0.0000 0.9981 0.0000 0.0000 0.000 0.482  1.218 0.138 0.196 0.000 0.000 0.000 0.000 0.000 0.000 
 64 8.430850e+07 3.2940 3.8538 2.2042  7.9429 3.7093 0.0000 0.9981 0.0000 0.0000 0.000 0.482  1.227 0.138 0.195 0.000 0.000 0.000 0.000 0.000 0.000 
 65 8.431089e+07 3.2889 3.8410 2.1581  7.9466 3.7197 0.0000 0.9981 0.0000 0.0000 0.000 0.482  1.238 0.139 0.195 0.000 0.000 0.000 0.000 0.000 0.000 
 66 8.431311e+07 3.2862 3.8344 2.1344  7.9484 3.7248 0.0000 0.9981 0.0000 0.0000 0.000 0.482  1.243 0.139 0.195 0.000 0.000 0.000 0.000 0.000 0.000 
 67 8.431527e+07 3.2834 3.8275 2.1096  7.9502 3.7300 0.0000 0.9981 0.0000 0.0000 0.000 0.482  1.249 0.139 0.195 0.000 0.000 0.000 0.000 0.000 0.000 
 68 8.431734e+07 3.2773 3.8132 2.0585  7.9538 3.7402 0.0000 0.9981 0.0000 0.0000 0.000 0.482  1.262 0.140 0.194 0.000 0.000 0.000 0.000 0.000 0.000 
 69 8.431930e+07 3.2740 3.8056 2.0314  7.9556 3.7454 0.0000 0.9981 0.0000 0.0000 0.000 0.482  1.269 0.140 0.194 0.000 0.000 0.000 0.000 0.000 0.000 
 70 8.432114e+07 3.2705 3.7978 2.0037  7.9574 3.7505 0.0000 0.9981 0.0000 0.0000 0.000 0.482  1.277 0.140 0.194 0.000 0.000 0.000 0.000 0.000 0.000 
 71 8.432294e+07 3.2630 3.7815 1.9460  7.9610 3.7606 0.0000 0.9981 0.0000 0.0000 0.000 0.482  1.292 0.140 0.193 0.000 0.000 0.000 0.000 0.000 0.000 
 72 8.432468e+07 3.2588 3.7730 1.9162  7.9628 3.7657 0.0000 0.9981 0.0000 0.0000 0.000 0.482  1.301 0.141 0.193 0.000 0.000 0.000 0.000 0.000 0.000 
 73 8.432639e+07 3.2544 3.7643 1.8858  7.9646 3.7708 0.0000 0.9981 0.0000 0.0000 0.000 0.482  1.312 0.141 0.192 0.000 0.000 0.000 0.000 0.000 0.000 
 74 8.432810e+07 3.2497 3.7556 1.8557  7.9664 3.7758 0.0000 0.9981 0.0000 0.0000 0.000 0.482  1.322 0.141 0.192 0.000 0.000 0.000 0.000 0.000 0.000 
 75 8.433008e+07 3.2390 3.7399 1.8036  7.9700 3.7859 0.0000 0.9981 0.0000 0.0000 0.000 0.482  1.346 0.141 0.191 0.000 0.000 0.000 0.000 0.000 0.000 
 76 8.433258e+07 3.2330 3.7339 1.7856  7.9718 3.7910 0.0000 0.9981 0.0000 0.0000 0.000 0.482  1.360 0.142 0.191 0.000 0.000 0.000 0.000 0.000 0.000 
 77 8.433569e+07 3.2195 3.7238 1.7587  7.9755 3.8011 0.0000 0.9981 0.0000 0.0000 0.000 0.482  1.393 0.142 0.191 0.000 0.000 0.000 0.000 0.000 0.000 
 78 8.433980e+07 3.1967 3.7139 1.7419  7.9808 3.8158 0.0000 0.9981 0.0000 0.0000 0.000 0.482  1.450 0.143 0.190 0.000 0.000 0.000 0.000 0.000 0.000 
 79 8.434491e+07 3.1700 3.7042 1.7298  7.9881 3.8357 0.0000 0.9981 0.0000 0.0000 0.000 0.482  1.510 0.144 0.189 0.000 0.000 0.000 0.000 0.000 0.000 
 80 8.434791e+07 3.1613 3.6986 1.7161  7.9918 3.8460 0.0000 0.9981 0.0000 0.0000 0.000 0.482  1.522 0.144 0.188 0.000 0.000 0.000 0.000 0.000 0.000 brgb
 81 8.435274e+07 3.1780 3.6910 1.6690  7.9978 3.8624 0.0000 0.9981 0.0000 0.0000 0.000 0.482  1.442 0.145 0.188 0.000 0.000 0.001 0.000 0.000 0.000 
 82 8.435594e+07 3.2127 3.6845 1.6083  8.0024 3.8749 0.0000 0.9981 0.0000 0.0000 0.000 0.478  1.322 0.146 0.187 0.000 0.000 0.002 0.000 0.000 0.000 
 83 8.435871e+07 3.2377 3.6811 1.5697  8.0048 3.8816 0.0000 0.9981 0.0000 0.0000 0.000 0.475  1.246 0.146 0.187 0.000 0.000 0.002 0.000 0.000 0.000 
 84 8.436177e+07 3.2905 3.6751 1.4929  8.0100 3.8958 0.0000 0.9981 0.0000 0.0000 0.000 0.471  1.111 0.147 0.186 0.000 0.000 0.004 0.000 0.000 0.000 
 85 8.436580e+07 3.3310 3.6717 1.4388  8.0151 3.9099 0.0000 0.9981 0.0000 0.0000 0.000 0.462  1.027 0.148 0.186 0.000 0.000 0.005 0.000 0.000 0.000 
 86 8.437314e+07 3.3644 3.6688 1.3938  8.0223 3.9297 0.0000 0.9981 0.0000 0.0000 0.000 0.450  0.976 0.149 0.186 0.000 0.000 0.009 0.000 0.000 0.000 
 87 8.438803e+07 3.4062 3.6648 1.3360  8.0408 3.9794 0.0000 0.9980 0.0001 0.0000 0.000 0.399  0.949 0.151 0.184 0.000 0.000 0.016 0.000 0.000 0.000 
 88 8.440623e+07 3.4424 3.6610 1.2846  8.0654 4.0280 0.0000 0.9975 0.0006 0.0000 0.000 0.355  0.943 0.154 0.184 0.002 0.000 0.021 0.000 0.000 0.000 
 89 8.442650e+07 3.4825 3.6572 1.2293  8.1040 4.0464 0.0000 0.9966 0.0015 0.0000 0.015 0.327  0.931 0.157 0.183 0.040 0.000 0.017 0.000 0.000 0.000 
 90 8.447402e+07 3.5083 3.6551 1.1951  8.1182 3.9321 0.0000 0.9925 0.0056 0.0000 0.050 0.310  0.926 0.162 0.186 0.075 0.000 0.020 0.000 0.000 0.000 trgb
 91 8.513900e+07 3.4730 3.6594 1.2476  8.1274 3.7993 0.0000 0.9498 0.0476 0.0005 0.069 0.309  0.906 0.188 0.211 0.089 0.000 0.025 0.000 0.000 0.000 
 92 8.599518e+07 3.4370 3.6645 1.3040  8.1387 3.7325 0.0000 0.8797 0.1155 0.0026 0.079 0.309  0.859 0.207 0.230 0.138 0.000 0.028 0.000 0.000 0.000 
 93 8.711768e+07 3.4024 3.6699 1.3602  8.1512 3.6812 0.0000 0.7714 0.2167 0.0096 0.091 0.309  0.791 0.223 0.248 0.208 0.000 0.033 0.000 0.000 0.000 
 94 8.792538e+07 3.3925 3.6746 1.3889  8.1600 3.6572 0.0000 0.6843 0.2944 0.0191 0.098 0.309  0.742 0.232 0.258 0.256 0.000 0.036 0.000 0.000 0.000 lmincheb
 95 8.853697e+07 3.4098 3.6839 1.4088  8.1672 3.6444 0.0000 0.6108 0.3568 0.0301 0.103 0.309  0.714 0.237 0.265 0.279 0.000 0.038 0.000 0.000 0.000 
 96 8.872071e+07 3.4290 3.6916 1.4204  8.1692 3.6418 0.0000 0.5906 0.3733 0.0338 0.105 0.309  0.713 0.239 0.267 0.275 0.000 0.039 0.000 0.000 0.000 
 97 8.882615e+07 3.4449 3.7013 1.4433  8.1706 3.6403 0.0000 0.5770 0.3844 0.0364 0.106 0.309  0.716 0.240 0.268 0.271 0.000 0.039 0.000 0.000 0.000 
 98 8.891944e+07 3.4543 3.7097 1.4675  8.1716 3.6392 0.0000 0.5668 0.3925 0.0384 0.106 0.309  0.720 0.241 0.269 0.269 0.000 0.040 0.000 0.000 0.000 
 99 8.899189e+07 3.4612 3.7205 1.5038  8.1726 3.6381 0.0000 0.5568 0.4005 0.0405 0.107 0.309  0.723 0.242 0.270 0.269 0.000 0.040 0.000 0.000 0.000 
100 8.905871e+07 3.4649 3.7286 1.5325  8.1733 3.6373 0.0000 0.5501 0.4057 0.0419 0.107 0.309  0.723 0.242 0.271 0.270 0.000 0.041 0.000 0.000 0.000 
101 8.911946e+07 3.4697 3.7409 1.5769  8.1744 3.6366 0.0000 0.5397 0.4139 0.0441 0.107 0.309  0.723 0.243 0.272 0.271 0.000 0.041 0.000 0.000 0.000 
102 8.917822e+07 3.4723 3.7490 1.6067  8.1751 3.6362 0.0000 0.5334 0.4189 0.0454 0.107 0.309  0.722 0.243 0.273 0.272 0.000 0.041 0.000 0.000 0.000 
103 8.924041e+07 3.4761 3.7613 1.6521  8.1761 3.6352 0.0000 0.5237 0.4263 0.0477 0.108 0.309  0.721 0.244 0.273 0.274 0.000 0.041 0.000 0.000 0.000 
104 8.930601e+07 3.4798 3.7733 1.6964  8.1772 3.6342 0.0000 0.5139 0.4338 0.0500 0.109 0.309  0.719 0.245 0.275 0.276 0.000 0.041 0.000 0.000 0.000 
105 8.937541e+07 3.4821 3.7808 1.7241  8.1780 3.6335 0.0000 0.5074 0.4386 0.0516 0.109 0.309  0.718 0.245 0.275 0.278 0.000 0.042 0.000 0.000 0.000 
106 8.945020e+07 3.4852 3.7907 1.7606  8.1790 3.6327 0.0000 0.4981 0.4456 0.0540 0.110 0.309  0.716 0.246 0.276 0.280 0.000 0.042 0.000 0.000 0.000 
107 8.953042e+07 3.4893 3.8037 1.8085  8.1805 3.6313 0.0000 0.4853 0.4549 0.0574 0.111 0.309  0.713 0.247 0.277 0.283 0.000 0.043 0.000 0.000 0.000 
108 8.961518e+07 3.4923 3.8127 1.8415  8.1817 3.6306 0.0000 0.4753 0.4622 0.0602 0.111 0.309  0.710 0.247 0.278 0.286 0.000 0.043 0.000 0.000 0.000 
109 8.970790e+07 3.4957 3.8231 1.8797  8.1831 3.6294 0.0000 0.4635 0.4705 0.0636 0.112 0.309  0.707 0.248 0.280 0.290 0.000 0.044 0.000 0.000 0.000 
110 8.980562e+07 3.4991 3.8333 1.9171  8.1847 3.6286 0.0000 0.4506 0.4796 0.0675 0.113 0.309  0.703 0.249 0.280 0.293 0.000 0.045 0.000 0.000 0.000 
111 8.991057e+07 3.5027 3.8439 1.9559  8.1865 3.6275 0.0000 0.4365 0.4892 0.0720 0.114 0.309  0.699 0.251 0.282 0.298 0.000 0.045 0.000 0.000 0.000 
112 9.002398e+07 3.5063 3.8542 1.9935  8.1884 3.6267 0.0000 0.4214 0.4992 0.0770 0.115 0.309  0.694 0.252 0.283 0.303 0.000 0.045 0.000 0.000 0.000 
113 9.014580e+07 3.5101 3.8647 2.0317  8.1906 3.6264 0.0000 0.4040 0.5106 0.0830 0.116 0.309  0.689 0.253 0.285 0.309 0.000 0.047 0.000 0.000 0.000 
114 9.028402e+07 3.5138 3.8743 2.0664  8.1928 3.6254 0.0000 0.3877 0.5205 0.0895 0.117 0.309  0.683 0.254 0.286 0.315 0.000 0.047 0.000 0.000 0.000 
115 9.043768e+07 3.5178 3.8844 2.1028  8.1956 3.6251 0.0000 0.3677 0.5323 0.0976 0.119 0.309  0.676 0.256 0.288 0.322 0.000 0.048 0.000 0.000 0.000 
116 9.061884e+07 3.5223 3.8950 2.1407  8.1991 3.6251 0.0000 0.3432 0.5459 0.1086 0.121 0.309  0.667 0.257 0.290 0.332 0.000 0.050 0.000 0.000 0.000 
117 9.085355e+07 3.5277 3.9056 2.1777  8.2040 3.6263 0.0000 0.3112 0.5619 0.1245 0.123 0.309  0.654 0.260 0.293 0.345 0.000 0.051 0.000 0.000 0.000 
118 9.116456e+07 3.5339 3.9157 2.2119  8.2103 3.6286 0.0000 0.2742 0.5760 0.1474 0.126 0.309  0.638 0.263 0.296 0.362 0.000 0.052 0.000 0.000 0.000 
119 9.163275e+07 3.5428 3.9261 2.2446  8.2214 3.6370 0.0000 0.2160 0.5900 0.1915 0.129 0.309  0.611 0.267 0.300 0.390 0.000 0.056 0.000 0.000 0.000 
120 9.210376e+07 3.5508 3.9300 2.2522  8.2343 3.6526 0.0000 0.1613 0.5883 0.2479 0.132 0.309  0.582 0.271 0.304 0.419 0.000 0.061 0.000 0.000 0.000 tmaxcheb
121 9.267845e+07 3.5587 3.9206 2.2067  8.2546 3.6881 0.0000 0.0975 0.5586 0.3412 0.133 0.309  0.546 0.276 0.307 0.455 0.000 0.066 0.000 0.000 0.000 
122 9.286659e+07 3.5606 3.9112 2.1672  8.2634 3.7077 0.0000 0.0766 0.5410 0.3797 0.134 0.309  0.533 0.277 0.308 0.468 0.000 0.068 0.000 0.000 0.000 
123 9.301576e+07 3.5620 3.9008 2.1242  8.2713 3.7259 0.0000 0.0613 0.5202 0.4159 0.135 0.309  0.523 0.279 0.309 0.478 0.000 0.070 0.000 0.000 0.000 
124 9.312732e+07 3.5627 3.8909 2.0839  8.2777 3.7415 0.0000 0.0508 0.5022 0.4444 0.135 0.309  0.516 0.280 0.309 0.485 0.000 0.072 0.000 0.000 0.000 
125 9.312977e+07 3.5627 3.8909 2.0839  8.2777 3.7415 0.0000 0.0508 0.5022 0.4444 0.135 0.309  0.516 0.280 0.309 0.485 0.000 0.072 0.000 0.000 0.000 lmaxcheb
126 9.319708e+07 3.5621 3.8793 2.0381  8.2841 3.7586 0.0000 0.0414 0.4877 0.4683 0.135 0.309  0.512 0.280 0.309 0.490 0.000 0.072 0.000 0.001 0.000 
127 9.324581e+07 3.5615 3.8691 1.9979  8.2887 3.7711 0.0000 0.0355 0.4781 0.4837 0.135 0.309  0.508 0.281 0.309 0.494 0.000 0.073 0.000 0.001 0.000 
128 9.328624e+07 3.5609 3.8609 1.9657  8.2920 3.7804 0.0000 0.0317 0.4712 0.4945 0.135 0.309  0.506 0.281 0.309 0.497 0.000 0.073 0.000 0.001 0.000 
129 9.332047e+07 3.5599 3.8494 1.9207  8.2963 3.7926 0.0000 0.0272 0.4624 0.5078 0.135 0.309  0.503 0.281 0.309 0.500 0.000 0.074 0.000 0.001 0.000 
130 9.334960e+07 3.5589 3.8403 1.8853  8.2994 3.8016 0.0000 0.0243 0.4562 0.5169 0.135 0.309  0.501 0.282 0.309 0.502 0.000 0.074 0.000 0.001 0.000 
131 9.337462e+07 3.5578 3.8307 1.8480  8.3025 3.8105 0.0000 0.0217 0.4504 0.5253 0.135 0.309  0.499 0.282 0.308 0.504 0.000 0.075 0.000 0.001 0.000 
132 9.339614e+07 3.5565 3.8207 1.8093  8.3055 3.8194 0.0000 0.0193 0.4449 0.5331 0.135 0.309  0.498 0.282 0.308 0.507 0.000 0.075 0.000 0.001 0.000 
133 9.341492e+07 3.5550 3.8102 1.7688  8.3085 3.8281 0.0000 0.0173 0.4399 0.5402 0.134 0.309  0.496 0.282 0.308 0.509 0.000 0.075 0.000 0.001 0.000 
134 9.343138e+07 3.5533 3.7993 1.7269  8.3114 3.8367 0.0000 0.0154 0.4352 0.5468 0.133 0.309  0.495 0.283 0.308 0.511 0.000 0.075 0.000 0.001 0.000 
135 9.344572e+07 3.5513 3.7879 1.6833  8.3142 3.8452 0.0000 0.0137 0.4310 0.5527 0.131 0.309  0.494 0.283 0.308 0.513 0.000 0.076 0.000 0.001 0.000 
136 9.345846e+07 3.5498 3.7801 1.6536  8.3161 3.8509 0.0000 0.0127 0.4283 0.5564 0.130 0.309  0.493 0.283 0.308 0.513 0.000 0.076 0.000 0.001 0.000 
137 9.346914e+07 3.5474 3.7678 1.6068  8.3189 3.8593 0.0000 0.0113 0.4246 0.5615 0.129 0.309  0.493 0.283 0.307 0.515 0.000 0.076 0.000 0.001 0.000 
138 9.347933e+07 3.5456 3.7600 1.5774  8.3207 3.8648 0.0000 0.0105 0.4223 0.5646 0.128 0.309  0.493 0.283 0.307 0.516 0.000 0.076 0.000 0.001 0.000 
139 9.348830e+07 3.5424 3.7473 1.5298  8.3235 3.8735 0.0000 0.0093 0.4190 0.5690 0.127 0.309  0.493 0.283 0.307 0.518 0.000 0.077 0.000 0.001 0.000 
140 9.349660e+07 3.5392 3.7359 1.4874  8.3260 3.8812 0.0000 0.0084 0.4164 0.5726 0.126 0.309  0.493 0.283 0.307 0.520 0.000 0.077 0.000 0.001 0.000 
141 9.350568e+07 3.5370 3.7296 1.4644  8.3275 3.8860 0.0000 0.0078 0.4149 0.5747 0.126 0.309  0.493 0.283 0.307 0.521 0.000 0.077 0.000 0.001 0.000 
142 9.351495e+07 3.5303 3.7162 1.4175  8.3315 3.8984 0.0000 0.0066 0.4113 0.5795 0.125 0.309  0.494 0.283 0.306 0.526 0.000 0.077 0.000 0.001 0.000 
143 9.352554e+07 3.5257 3.7093 1.3945  8.3337 3.9055 0.0000 0.0059 0.4095 0.5819 0.124 0.309  0.494 0.284 0.306 0.528 0.000 0.077 0.000 0.001 0.000 
144 9.353807e+07 3.5087 3.6962 1.3591  8.3404 3.9267 0.0000 0.0044 0.4049 0.5880 0.121 0.309  0.495 0.284 0.305 0.540 0.000 0.078 0.000 0.001 0.000 
145 9.355112e+07 3.4911 3.6880 1.3439  8.3466 3.9470 0.0000 0.0032 0.4015 0.5926 0.118 0.309  0.499 0.284 0.305 0.542 0.000 0.078 0.000 0.002 0.000 
146 9.356527e+07 3.4684 3.6782 1.3274  8.3582 3.9859 0.0000 0.0018 0.3972 0.5984 0.111 0.309  0.499 0.284 0.304 0.518 0.000 0.078 0.000 0.002 0.000 
147 9.356984e+07 3.4637 3.6748 1.3185  8.3636 4.0045 0.0000 0.0013 0.3958 0.6003 0.106 0.309  0.499 0.284 0.303 0.491 0.000 0.078 0.000 0.002 0.000 lmin1cheb
148 9.358312e+07 3.4834 3.6663 1.2648  8.3864 4.0880 0.0000 0.0002 0.3926 0.6045 0.077 0.309  0.503 0.284 0.302 0.239 0.136 0.157 0.000 0.003 0.000 
149 9.359016e+07 3.5136 3.6617 1.2162  8.4062 4.1884 0.0000 0.0000 0.3919 0.6054 0.000 0.309  0.517 0.284 0.301 0.032 0.015 0.178 0.000 0.004 0.000 
150 9.359529e+07 3.5471 3.6572 1.1647  8.4185 4.2652 0.0000 0.0000 0.3919 0.6054 0.000 0.309  0.496 0.284 0.300 0.110 0.032 0.179 0.000 0.005 0.000 
151 9.360018e+07 3.5862 3.6531 1.1092  8.4267 4.3294 0.0000 0.0000 0.3919 0.6054 0.000 0.309  0.444 0.284 0.299 0.394 0.051 0.178 0.000 0.005 0.000 
152 9.360557e+07 3.6020 3.6517 1.0878  8.4232 4.3688 0.0000 0.0000 0.3919 0.6054 0.000 0.309  0.349 0.284 0.300 0.726 0.068 0.178 0.000 0.005 0.000 lmaxeagb
153 9.361847e+07 3.5646 3.6559 1.1420  8.4203 4.4554 0.0000 0.0000 0.3919 0.6054 0.000 0.309  0.182 0.285 0.301 0.790 0.080 0.179 0.000 0.005 0.000 
154 9.363386e+07 3.5494 3.6573 1.1628  8.4226 4.5381 0.0000 0.0000 0.3919 0.6054 0.000 0.309  0.064 0.285 0.301 0.956 0.088 0.178 0.000 0.005 0.000 lmineagb
155 9.365446e+07 3.5820 3.6532 1.1138  8.4296 4.6436 0.0000 0.0000 0.3919 0.6054 0.000 0.309  0.008 0.284 0.299 1.020 0.088 0.178 0.000 0.005 0.000 
156 9.366796e+07 3.6168 3.6492 1.0630  8.4350 4.7015 0.0000 0.0000 0.3919 0.6054 0.000 0.309  0.002 0.284 0.299 1.009 0.088 0.179 0.000 0.005 0.000 
157 9.368385e+07 3.6510 3.6463 1.0172  8.4413 4.7596 0.0000 0.0000 0.3919 0.6054 0.000 0.309  0.001 0.285 0.297 0.996 0.088 0.179 0.000 0.005 0.000 
158 9.370338e+07 3.6959 3.6425 0.9571  8.4522 4.8471 0.0000 0.0000 0.3919 0.6054 0.000 0.309  0.000 0.285 0.295 0.984 0.089 0.179 0.000 0.006 0.000 
159 9.372604e+07 3.7358 3.6385 0.9012  8.4644 4.9351 0.0000 0.0000 0.3919 0.6054 0.000 0.309  0.000 0.286 0.293 0.979 0.092 0.179 0.000 0.006 0.000 
160 9.375243e+07 3.7722 3.6347 0.8496  8.4776 5.0234 0.0000 0.0000 0.3919 0.6054 0.000 0.309  0.000 0.287 0.291 0.975 0.098 0.181 0.000 0.007 0.000 
161 9.378266e+07 3.8063 3.6318 0.8039  8.4912 5.1124 0.0000 0.0000 0.3919 0.6054 0.000 0.309  0.000 0.000 0.000 0.973 0.105 0.181 0.000 0.009 0.000 
162 9.381361e+07 3.8509 3.6278 0.7433  8.5106 5.2327 0.0000 0.0000 0.3919 0.6054 0.000 0.309  0.000 0.000 0.000 0.970 0.114 0.182 0.000 0.012 0.000 
163 9.384207e+07 3.8846 3.6247 0.6972  8.5231 5.3258 0.0000 0.0000 0.3919 0.6054 0.000 0.309  0.000 0.000 0.000 0.967 0.121 0.183 0.000 0.016 0.000 
164 9.386732e+07 3.9310 3.6206 0.6344  8.5415 5.4520 0.0000 0.0000 0.3919 0.6054 0.000 0.309  0.000 0.000 0.000 0.959 0.130 0.183 0.000 0.024 0.000 
165 9.388927e+07 3.9701 3.6173 0.5821  8.5571 5.5578 0.0000 0.0000 0.3919 0.6054 0.000 0.309  0.000 0.000 0.000 0.951 0.136 0.184 0.000 0.033 0.000 
166 9.390866e+07 4.0084 3.6141 0.5310  8.5716 5.6641 0.0000 0.0000 0.3919 0.6054 0.000 0.305  0.000 0.000 0.000 0.944 0.145 0.184 0.000 0.046 0.000 
167 9.392643e+07 4.0447 3.6111 0.4827  8.5840 5.7722 0.0000 0.0000 0.3919 0.6054 0.000 0.301  0.000 0.000 0.000 0.940 0.151 0.184 0.000 0.063 0.000 
168 9.394297e+07 4.0851 3.6077 0.4287  8.5948 5.9049 0.0000 0.0000 0.3919 0.6054 0.000 0.298  0.000 0.000 0.000 0.934 0.157 0.185 0.000 0.091 0.006 
169 9.395847e+07 4.1253 3.6041 0.3741  8.5987 6.0563 0.0000 0.0000 0.3919 0.6054 0.000 0.293  0.000 0.000 0.000 0.927 0.163 0.186 0.000 0.134 0.022 
170 9.397329e+07 4.1502 3.6025 0.3428  8.5879 6.2256 0.0000 0.0000 0.3919 0.6054 0.000 0.275  0.000 0.000 0.000 0.930 0.170 0.186 0.000 0.209 0.046 
171 9.398193e+07 4.1887 3.5995 0.2923  8.5699 6.3450 0.0000 0.0000 0.3919 0.6054 0.000 0.259  0.000 0.000 0.000 0.905 0.174 0.187 0.000 0.265 0.061 
172 9.398675e+07 4.1885 3.6006 0.2969  8.5518 6.4247 0.0000 0.0000 0.3919 0.6054 0.000 0.237  0.000 0.000 0.000 0.925 0.176 0.187 0.000 0.322 0.073 
173 9.399065e+07 4.2279 3.5981 0.2475  8.5334 6.4901 0.0000 0.0000 0.3919 0.6054 0.000 0.218  0.000 0.000 0.000 0.873 0.178 0.187 0.001 0.342 0.080 
174 9.399602e+07 4.2651 3.5950 0.1979  8.5015 6.5830 0.0000 0.0000 0.3919 0.6054 0.000 0.210  0.000 0.000 0.000 0.863 0.180 0.188 0.002 0.383 0.094 
175 9.400094e+07 4.3051 3.5917 0.1447  8.4618 6.6818 0.0000 0.0000 0.3919 0.6054 0.000 0.204  0.000 0.000 0.000 0.853 0.182 0.189 0.003 0.416 0.106 
176 9.400517e+07 4.3375 3.5885 0.0995  8.4246 6.7663 0.0000 0.0000 0.3919 0.6054 0.000 0.199  0.000 0.000 0.000 0.841 0.184 0.189 0.006 0.436 0.115 
177 9.400957e+07 4.3746 3.5845 0.0464  8.3828 6.8585 0.0000 0.0000 0.3919 0.6054 0.000 0.196  0.000 0.000 0.000 0.832 0.186 0.190 0.009 0.441 0.126 
178 9.401345e+07 4.4120 3.5816 -0.0026  8.3482 6.9361 0.0000 0.0000 0.3919 0.6054 0.000 0.196  0.000 0.000 0.000 0.843 0.188 0.191 0.011 0.423 0.133 
179 9.402015e+07 4.4289 3.5801 -0.0255  8.2970 7.0682 0.0000 0.0000 0.3919 0.6054 0.000 0.194  0.000 0.000 0.000 0.812 0.191 0.193 0.015 0.399 0.146 
180 9.402098e+07 4.3915 3.5838 0.0267  8.2916 7.0833 0.0000 0.0000 0.3919 0.6054 0.000 0.194  0.000 0.194 0.194 0.792 0.191 0.193 0.017 0.430 0.148 
181 9.402180e+07 4.3548 3.5865 0.0742  8.2864 7.0974 0.0000 0.0000 0.3919 0.6054 0.000 0.194  0.000 0.194 0.194 0.788 0.191 0.193 0.019 0.463 0.148 
182 9.402251e+07 4.3204 3.5907 0.1254  8.2820 7.1095 0.0000 0.0000 0.3919 0.6054 0.000 0.194  0.000 0.194 0.194 0.778 0.192 0.193 0.020 0.494 0.149 
183 9.402303e+07 4.2797 3.5946 0.1817  8.2783 7.1193 0.0000 0.0000 0.3919 0.6054 0.000 0.194  0.005 0.194 0.194 0.737 0.192 0.193 0.022 0.536 0.150 
184 9.402394e+07 4.2866 3.5938 0.1716  8.2728 7.1343 0.0000 0.0000 0.3919 0.6054 0.000 0.194  0.273 0.194 0.194 0.490 0.192 0.193 0.021 0.516 0.151 
185 9.402493e+07 4.3261 3.5901 0.1173  8.2665 7.1505 0.0000 0.0000 0.3919 0.6054 0.000 0.194  0.515 0.194 0.194 0.272 0.192 0.194 0.018 0.457 0.153 
186 9.402560e+07 4.3408 3.5875 0.0922  8.2621 7.1612 0.0000 0.0000 0.3919 0.6054 0.000 0.194  0.573 0.194 0.194 0.235 0.192 0.194 0.016 0.431 0.153 1sttp
