#n   age/yr      logL   logTef grav    logTc  logrho Xc     Yc     Xc_C   Xc_O   Q_conv Q_disc L_H/L Q1_H Q2_H L_He/L Q1_He Q2_He L_C/L L_nu/L Q_Tmax phase
#(1) (2)         (3)    (4)    (5)     (6)    (7)    (8)    (9)    (10)   (11)   (12)   (13)   (14) (15)  (16) (17)   (18)  (19)  (20)  (21)   (22)   (23) 
  1 0.000000e+00 1.8413 3.6568 2.2838  8.0662 4.3428 0.0000 0.9508 0.0325 0.0009 0.000 0.367  0.789 0.374 0.377 0.211 0.000 0.037 0.000 0.000 0.000 bcheb
  2 6.665349e+06 1.8043 3.6607 2.3364  8.0706 4.3186 0.0000 0.8858 0.0940 0.0037 0.118 0.370  0.748 0.355 0.377 0.251 0.000 0.040 0.000 0.000 0.000 
  3 7.284567e+07 1.7974 3.6657 2.3633  8.1260 4.2181 0.0000 0.2802 0.4915 0.2078 0.154 0.407  0.434 0.384 0.414 0.567 0.000 0.065 0.000 0.001 0.000 tmaxcheb
  4 9.470980e+07 1.8357 3.6630 2.3142  8.1626 4.2620 0.0000 0.1048 0.4580 0.4162 0.147 0.414  0.353 0.391 0.416 0.647 0.000 0.077 0.000 0.002 0.000 
  5 1.027450e+08 1.8731 3.6596 2.2632  8.1864 4.3155 0.0000 0.0496 0.3900 0.5391 0.151 0.416  0.361 0.393 0.416 0.636 0.000 0.083 0.000 0.003 0.000 
  6 1.049957e+08 1.9107 3.6564 2.2128  8.2057 4.3756 0.0000 0.0238 0.3545 0.6002 0.151 0.417  0.403 0.394 0.415 0.588 0.000 0.089 0.000 0.003 0.000 
  7 1.061798e+08 1.9504 3.6527 2.1583  8.2226 4.4322 0.0000 0.0116 0.3286 0.6383 0.151 0.417  0.452 0.395 0.413 0.530 0.000 0.089 0.000 0.004 0.000 
  8 1.068336e+08 1.9861 3.6496 2.1102  8.2360 4.4795 0.0000 0.0062 0.3146 0.6576 0.151 0.417  0.497 0.395 0.412 0.474 0.000 0.097 0.000 0.005 0.000 
  9 1.072092e+08 2.0248 3.6459 2.0567  8.2495 4.5293 0.0000 0.0030 0.3059 0.6694 0.151 0.417  0.543 0.396 0.411 0.405 0.000 0.091 0.000 0.005 0.000 
 10 1.074207e+08 2.0657 3.6423 2.0014  8.2628 4.5822 0.0000 0.0013 0.3010 0.6759 0.127 0.417  0.588 0.396 0.411 0.311 0.000 0.092 0.000 0.006 0.000 
 11 1.075387e+08 2.1037 3.6389 1.9498  8.2747 4.6369 0.0000 0.0005 0.2986 0.6791 0.101 0.417  0.624 0.396 0.410 0.200 0.151 0.175 0.000 0.007 0.000 
 12 1.076119e+08 2.1408 3.6361 1.9015  8.2844 4.6945 0.0000 0.0001 0.2975 0.6806 0.065 0.417  0.652 0.396 0.409 0.084 0.151 0.198 0.000 0.007 0.000 
 13 1.076643e+08 2.1796 3.6324 1.8479  8.2859 4.7644 0.0000 0.0000 0.2971 0.6811 0.000 0.417  0.673 0.396 0.408 0.015 0.005 0.213 0.000 0.008 0.000 
 14 1.077092e+08 2.2172 3.6293 1.7979  8.2866 4.8225 0.0000 0.0000 0.2971 0.6811 0.000 0.417  0.685 0.396 0.408 0.020 0.021 0.218 0.000 0.008 0.000 
 15 1.077527e+08 2.2505 3.6267 1.7542  8.2895 4.8676 0.0000 0.0000 0.2971 0.6811 0.000 0.417  0.698 0.397 0.407 0.030 0.027 0.225 0.000 0.008 0.000 
 16 1.077973e+08 2.2909 3.6236 1.7014  8.2936 4.9170 0.0000 0.0000 0.2971 0.6811 0.000 0.417  0.714 0.397 0.407 0.054 0.037 0.234 0.000 0.008 0.000 
 17 1.078537e+08 2.3272 3.6206 1.6531  8.2961 4.9602 0.0000 0.0000 0.2971 0.6811 0.000 0.417  0.727 0.397 0.407 0.106 0.046 0.243 0.000 0.008 0.000 
 18 1.079023e+08 2.3469 3.6190 1.6270  8.2910 4.9964 0.0000 0.0000 0.2971 0.6811 0.000 0.417  0.726 0.397 0.407 0.250 0.056 0.243 0.000 0.007 0.000 lmaxeagb
 19 1.079990e+08 2.3143 3.6218 1.6708  8.2747 5.0182 0.0000 0.0000 0.2971 0.6811 0.000 0.417  0.685 0.398 0.407 0.337 0.069 0.243 0.000 0.007 0.000 
 20 1.081295e+08 2.2689 3.6253 1.7302  8.2588 5.0568 0.0000 0.0000 0.2971 0.6811 0.000 0.417  0.600 0.398 0.408 0.389 0.076 0.246 0.000 0.006 0.000 
 21 1.084222e+08 2.2308 3.6283 1.7803  8.2363 5.1089 0.0000 0.0000 0.2971 0.6811 0.000 0.417  0.489 0.399 0.409 0.502 0.086 0.249 0.000 0.007 0.000 
 22 1.095319e+08 2.1926 3.6315 1.8313  8.1963 5.2151 0.0000 0.0000 0.2971 0.6811 0.000 0.417  0.241 0.400 0.410 0.758 0.115 0.256 0.000 0.006 0.000 
 23 1.098372e+08 2.1889 3.6318 1.8362  8.1865 5.2387 0.0000 0.0000 0.2971 0.6811 0.000 0.417  0.171 0.400 0.411 0.831 0.121 0.259 0.000 0.006 0.000 lmineagb
 24 1.116276e+08 2.2197 3.6291 1.7946  8.1590 5.3135 0.0000 0.0000 0.2971 0.6811 0.000 0.417  0.067 0.401 0.411 0.932 0.132 0.269 0.000 0.006 0.000 
 25 1.127765e+08 2.2549 3.6264 1.7486  8.1521 5.3573 0.0000 0.0000 0.2971 0.6811 0.000 0.417  0.038 0.401 0.410 0.961 0.146 0.275 0.000 0.007 0.037 
 26 1.137092e+08 2.3058 3.6224 1.6817  8.1496 5.4090 0.0000 0.0000 0.2971 0.6811 0.000 0.417  0.019 0.401 0.410 0.978 0.151 0.285 0.000 0.007 0.074 
 27 1.144822e+08 2.3324 3.6201 1.6459  8.1494 5.4335 0.0000 0.0000 0.2971 0.6811 0.000 0.417  0.014 0.401 0.410 0.983 0.151 0.289 0.000 0.007 0.081 
 28 1.151376e+08 2.3737 3.6168 1.5914  8.1495 5.4695 0.0000 0.0000 0.2971 0.6811 0.000 0.417  0.008 0.401 0.409 0.987 0.154 0.294 0.000 0.007 0.088 
 29 1.157123e+08 2.4155 3.6131 1.5348  8.1497 5.5046 0.0000 0.0000 0.2971 0.6811 0.000 0.417  0.005 0.401 0.409 0.989 0.167 0.301 0.000 0.008 0.092 
 30 1.162174e+08 2.4538 3.6098 1.4833  8.1498 5.5363 0.0000 0.0000 0.2971 0.6811 0.000 0.417  0.004 0.401 0.408 0.989 0.176 0.306 0.000 0.008 0.092 
 31 1.166692e+08 2.4953 3.6064 1.4282  8.1500 5.5709 0.0000 0.0000 0.2971 0.6811 0.000 0.417  0.003 0.401 0.408 0.987 0.187 0.313 0.000 0.008 0.097 
 32 1.170728e+08 2.5370 3.6028 1.3721  8.1499 5.6060 0.0000 0.0000 0.2971 0.6811 0.000 0.417  0.002 0.401 0.407 0.985 0.199 0.318 0.000 0.009 0.102 
 33 1.174236e+08 2.5702 3.5997 1.3265  8.1490 5.6326 0.0000 0.0000 0.2971 0.6811 0.000 0.417  0.002 0.401 0.407 0.987 0.219 0.323 0.000 0.009 0.107 
 34 1.177467e+08 2.6081 3.5964 1.2754  8.1474 5.6625 0.0000 0.0000 0.2971 0.6811 0.000 0.417  0.001 0.401 0.407 0.985 0.227 0.328 0.000 0.009 0.111 
 35 1.180615e+08 2.6537 3.5924 1.2138  8.1445 5.7011 0.0000 0.0000 0.2971 0.6811 0.000 0.417  0.001 0.401 0.407 0.982 0.239 0.334 0.000 0.009 0.117 
 36 1.183606e+08 2.6842 3.5897 1.1725  8.1418 5.7285 0.0000 0.0000 0.2971 0.6811 0.000 0.417  0.001 0.401 0.406 0.981 0.248 0.339 0.000 0.010 0.122 
 37 1.186527e+08 2.7285 3.5857 1.1122  8.1367 5.7709 0.0000 0.0000 0.2971 0.6811 0.000 0.417  0.002 0.401 0.406 0.977 0.261 0.345 0.000 0.011 0.135 
 38 1.189281e+08 2.7680 3.5821 1.0583  8.1307 5.8113 0.0000 0.0000 0.2971 0.6811 0.000 0.417  0.004 0.401 0.406 0.972 0.273 0.352 0.000 0.011 0.142 
 39 1.191864e+08 2.8045 3.5782 1.0062  8.1237 5.8501 0.0000 0.0000 0.2971 0.6811 0.000 0.417  0.008 0.402 0.406 0.966 0.285 0.358 0.000 0.012 0.152 
 40 1.194422e+08 2.8425 3.5741 0.9518  8.1142 5.8949 0.0000 0.0000 0.2971 0.6811 0.000 0.417  0.024 0.402 0.406 0.946 0.298 0.364 0.000 0.013 0.161 
 41 1.196506e+08 2.8823 3.5695 0.8936  8.1040 5.9375 0.0000 0.0000 0.2971 0.6811 0.000 0.417  0.075 0.403 0.406 0.893 0.309 0.371 0.000 0.014 0.174 
 42 1.198030e+08 2.9158 3.5659 0.8457  8.0968 5.9653 0.0000 0.0000 0.2971 0.6811 0.000 0.417  0.137 0.403 0.406 0.830 0.317 0.375 0.000 0.014 0.179 
 43 1.199209e+08 2.9560 3.5622 0.7907  8.0893 5.9919 0.0000 0.0000 0.2971 0.6811 0.000 0.417  0.222 0.404 0.406 0.745 0.323 0.378 0.000 0.014 0.187 
 44 1.200057e+08 2.9959 3.5578 0.7332  8.0833 6.0121 0.0000 0.0000 0.2971 0.6811 0.000 0.416  0.315 0.404 0.406 0.652 0.328 0.381 0.000 0.013 0.191 
 45 1.200756e+08 3.0286 3.5542 0.6861  8.0790 6.0261 0.0000 0.0000 0.2971 0.6811 0.000 0.416  0.386 0.405 0.406 0.582 0.331 0.383 0.000 0.013 0.194 
 46 1.201396e+08 3.0671 3.5504 0.6324  8.0742 6.0415 0.0000 0.0000 0.2971 0.6811 0.000 0.415  0.461 0.405 0.407 0.508 0.334 0.385 0.000 0.013 0.199 
 47 1.201989e+08 3.1069 3.5452 0.5718  8.0692 6.0567 0.0000 0.0000 0.2971 0.6811 0.000 0.415  0.528 0.406 0.407 0.443 0.338 0.386 0.000 0.012 0.203 
 48 1.202589e+08 3.1412 3.5409 0.5203  8.0646 6.0697 0.0000 0.0000 0.2971 0.6811 0.000 0.414  0.578 0.406 0.408 0.396 0.341 0.388 0.000 0.011 0.203 
 49 1.203237e+08 3.1813 3.5366 0.4630  8.0586 6.0854 0.0000 0.0000 0.2971 0.6811 0.000 0.414  0.628 0.407 0.408 0.349 0.344 0.390 0.000 0.011 0.209 
 50 1.203900e+08 3.2167 3.5320 0.4092  8.0525 6.0999 0.0000 0.0000 0.2971 0.6811 0.000 0.414  0.663 0.408 0.409 0.315 0.347 0.392 0.000 0.010 0.213 
 51 1.204643e+08 3.2538 3.5277 0.3549  8.0452 6.1162 0.0000 0.0000 0.2971 0.6811 0.000 0.414  0.695 0.409 0.410 0.285 0.350 0.394 0.000 0.010 0.218 
 52 1.205252e+08 3.2902 3.5230 0.2997  8.0390 6.1300 0.0000 0.0000 0.2971 0.6811 0.000 0.414  0.729 0.410 0.411 0.250 0.353 0.396 0.000 0.009 0.221 
 53 1.205729e+08 3.3090 3.5203 0.2701  8.0340 6.1398 0.0000 0.0000 0.2971 0.6811 0.000 0.414  0.738 0.411 0.412 0.239 0.355 0.397 0.000 0.009 0.225 
 54 1.206125e+08 3.3181 3.5188 0.2550  8.0297 6.1475 0.0000 0.0000 0.2971 0.6811 0.000 0.414  0.735 0.411 0.412 0.238 0.357 0.398 0.000 0.009 0.228 
 55 1.206349e+08 3.3232 3.5184 0.2483  8.0273 6.1520 0.0000 0.0000 0.2971 0.6811 0.000 0.414  0.722 0.412 0.413 0.282 0.359 0.399 0.000 0.008 0.228 
 56 1.206471e+08 3.3040 3.5215 0.2799  8.0255 6.1531 0.0000 0.0000 0.2971 0.6811 0.000 0.414  0.678 0.412 0.413 0.281 0.359 0.399 0.000 0.009 0.228 
 57 1.206559e+08 3.3445 3.5157 0.2162  8.0252 6.1567 0.0000 0.0000 0.2971 0.6811 0.000 0.414  0.743 0.412 0.413 0.199 0.358 0.399 0.000 0.008 0.231 
 58 1.206663e+08 3.3818 3.5105 0.1581  8.0251 6.1608 0.0000 0.0000 0.2971 0.6811 0.000 0.414  0.794 0.413 0.413 0.150 0.358 0.400 0.000 0.008 0.235 
 59 1.206792e+08 3.4039 3.5082 0.1268  8.0245 6.1647 0.0000 0.0000 0.2971 0.6811 0.000 0.414  0.818 0.413 0.414 0.152 0.359 0.400 0.000 0.007 0.235 1sttp
