#n   age/yr      logL   logTef grav    logTc  logrho Xc     Yc     Xc_C   Xc_O   Q_conv Q_disc L_H/L Q1_H Q2_H L_He/L Q1_He Q2_He L_C/L L_nu/L Q_Tmax phase
#(1) (2)         (3)    (4)    (5)     (6)    (7)    (8)    (9)    (10)   (11)   (12)   (13)   (14) (15)  (16) (17)   (18)  (19)  (20)  (21)   (22)   (23) 
  1 0.000000e+00 3.5144 4.4099 4.3543  7.5139 1.1709 0.5914 0.4003 0.0000 0.0038 0.373 0.000  0.986 0.366 0.494 0.000 0.000 0.000 0.000 0.000 0.000 bms
  2 1.237465e+06 3.5120 4.4012 4.3219  7.5046 1.1347 0.5760 0.4160 0.0000 0.0023 0.377 0.379  1.003 0.000 0.315 0.000 0.000 0.000 0.000 0.000 0.000 
  3 4.544345e+06 3.5432 4.3954 4.2675  7.5026 1.1124 0.5334 0.4587 0.0001 0.0010 0.359 0.379  1.002 0.000 0.306 0.000 0.000 0.000 0.000 0.000 0.000 
  4 7.899622e+06 3.5790 4.3916 4.2165  7.5062 1.1053 0.4848 0.5074 0.0001 0.0005 0.342 0.379  1.002 0.000 0.297 0.000 0.000 0.000 0.000 0.000 0.000 
  5 1.089946e+07 3.6184 4.3872 4.1595  7.5122 1.1039 0.4295 0.5627 0.0001 0.0003 0.327 0.379  1.002 0.000 0.287 0.000 0.000 0.000 0.000 0.000 0.000 
  6 1.348518e+07 3.6528 4.3826 4.1067  7.5185 1.1063 0.3798 0.6124 0.0001 0.0002 0.311 0.379  1.002 0.000 0.277 0.000 0.000 0.000 0.000 0.000 0.000 
  7 1.568044e+07 3.6895 4.3766 4.0460  7.5259 1.1125 0.3258 0.6664 0.0001 0.0002 0.294 0.379  1.002 0.000 0.266 0.000 0.000 0.000 0.000 0.000 0.000 
  8 1.752507e+07 3.7202 4.3705 3.9909  7.5328 1.1210 0.2796 0.7127 0.0001 0.0002 0.276 0.383  1.002 0.000 0.255 0.000 0.000 0.000 0.000 0.000 0.000 
  9 1.909056e+07 3.7495 4.3632 3.9324  7.5405 1.1323 0.2328 0.7595 0.0001 0.0002 0.264 0.383  1.002 0.000 0.244 0.000 0.000 0.000 0.000 0.000 0.000 
 10 2.041940e+07 3.7768 4.3554 3.8739  7.5489 1.1470 0.1881 0.8042 0.0001 0.0002 0.253 0.383  1.002 0.000 0.234 0.000 0.000 0.000 0.000 0.000 0.000 
 11 2.153651e+07 3.8014 4.3474 3.8173  7.5577 1.1655 0.1474 0.8448 0.0001 0.0001 0.240 0.383  1.002 0.000 0.224 0.000 0.000 0.000 0.000 0.000 0.000 
 12 2.251490e+07 3.8262 4.3387 3.7577  7.5689 1.1921 0.1055 0.8867 0.0001 0.0001 0.227 0.383  1.002 0.000 0.213 0.000 0.000 0.000 0.000 0.000 0.000 
 13 2.342475e+07 3.8509 4.3305 3.7002  7.5843 1.2327 0.0638 0.9285 0.0001 0.0001 0.214 0.383  1.002 0.000 0.202 0.000 0.000 0.000 0.000 0.000 0.000 
 14 2.398818e+07 3.8686 4.3274 3.6701  7.6013 1.2806 0.0351 0.9572 0.0001 0.0001 0.205 0.383  1.001 0.000 0.195 0.000 0.000 0.000 0.000 0.000 0.000 tminms
 15 2.444669e+07 3.8888 4.3356 3.6827  7.6350 1.3803 0.0099 0.9823 0.0001 0.0001 0.196 0.383  0.993 0.201 0.256 0.000 0.000 0.000 0.000 0.000 0.000 
 16 2.454229e+07 3.8979 4.3454 3.7128  7.6557 1.4434 0.0045 0.9878 0.0001 0.0001 0.193 0.383  0.979 0.195 0.284 0.000 0.000 0.000 0.000 0.000 0.000 
 17 2.458310e+07 3.9072 4.3556 3.7443  7.6756 1.5064 0.0020 0.9902 0.0001 0.0001 0.188 0.383  0.951 0.000 0.311 0.000 0.000 0.000 0.000 0.000 0.000 
 18 2.460312e+07 3.9178 4.3649 3.7709  7.6944 1.5697 0.0009 0.9913 0.0001 0.0001 0.180 0.383  0.902 0.000 0.334 0.000 0.000 0.000 0.000 0.000 0.000 
 19 2.461408e+07 3.9330 4.3750 3.7961  7.7185 1.6606 0.0003 0.9920 0.0001 0.0001 0.159 0.383  0.795 0.000 0.363 0.000 0.000 0.000 0.000 0.000 0.000 
 20 2.462285e+07 3.9471 4.3831 3.8144  7.7547 1.8960 0.0000 0.9923 0.0001 0.0001 0.000 0.383  0.879 0.000 0.414 0.000 0.000 0.000 0.000 0.000 0.000 tmaxlms
 21 2.462678e+07 3.9288 4.3754 3.8019  7.7531 2.0271 0.0000 0.9923 0.0001 0.0001 0.000 0.383  1.172 0.051 0.389 0.000 0.000 0.000 0.000 0.000 0.000 
 22 2.462963e+07 3.9187 4.3657 3.7732  7.7549 2.1096 0.0000 0.9923 0.0001 0.0001 0.000 0.383  1.182 0.068 0.383 0.000 0.000 0.000 0.000 0.000 0.000 
 23 2.462970e+07 3.9187 4.3657 3.7732  7.7549 2.1096 0.0000 0.9923 0.0001 0.0001 0.000 0.383  1.182 0.068 0.383 0.000 0.000 0.000 0.000 0.000 0.000 lminsgb
 24 2.463253e+07 3.9250 4.3551 3.7245  7.7606 2.1896 0.0000 0.9923 0.0001 0.0001 0.000 0.383  1.168 0.081 0.383 0.000 0.000 0.000 0.000 0.000 0.000 
 25 2.463538e+07 3.9417 4.3447 3.6662  7.7685 2.2679 0.0000 0.9923 0.0001 0.0001 0.000 0.383  1.155 0.085 0.370 0.000 0.000 0.000 0.000 0.000 0.000 
 26 2.463831e+07 3.9556 4.3365 3.6195  7.7755 2.3255 0.0000 0.9923 0.0001 0.0001 0.000 0.383  1.145 0.094 0.363 0.000 0.000 0.000 0.000 0.000 0.000 
 27 2.464131e+07 3.9686 4.3277 3.5713  7.7834 2.3834 0.0000 0.9923 0.0001 0.0001 0.000 0.383  1.136 0.104 0.358 0.000 0.000 0.000 0.000 0.000 0.000 
 28 2.464439e+07 3.9799 4.3183 3.5224  7.7921 2.4417 0.0000 0.9923 0.0001 0.0001 0.000 0.383  1.127 0.107 0.353 0.000 0.000 0.000 0.000 0.000 0.000 
 29 2.464745e+07 3.9896 4.3081 3.4719  7.8014 2.5000 0.0000 0.9923 0.0001 0.0001 0.000 0.383  1.120 0.114 0.347 0.000 0.000 0.000 0.000 0.000 0.000 
 30 2.465052e+07 3.9982 4.2973 3.4201  7.8117 2.5585 0.0000 0.9923 0.0001 0.0001 0.000 0.383  1.113 0.122 0.337 0.000 0.000 0.000 0.000 0.000 0.000 
 31 2.465355e+07 4.0057 4.2857 3.3662  7.8227 2.6170 0.0000 0.9923 0.0001 0.0001 0.000 0.383  1.107 0.126 0.334 0.000 0.000 0.000 0.000 0.000 0.000 
 32 2.465651e+07 4.0092 4.2796 3.3383  7.8286 2.6464 0.0000 0.9923 0.0001 0.0001 0.000 0.383  1.105 0.130 0.328 0.000 0.000 0.000 0.000 0.000 0.000 
 33 2.465939e+07 4.0154 4.2666 3.2801  7.8409 2.7053 0.0000 0.9923 0.0001 0.0001 0.000 0.383  1.101 0.138 0.318 0.000 0.000 0.000 0.000 0.000 0.000 
 34 2.466220e+07 4.0182 4.2597 3.2497  7.8473 2.7348 0.0000 0.9923 0.0001 0.0001 0.000 0.383  1.099 0.138 0.318 0.000 0.000 0.000 0.000 0.000 0.000 
 35 2.466491e+07 4.0231 4.2451 3.1864  7.8609 2.7938 0.0000 0.9923 0.0001 0.0001 0.000 0.383  1.096 0.145 0.309 0.000 0.000 0.000 0.000 0.000 0.000 
 36 2.466751e+07 4.0252 4.2373 3.1531  7.8679 2.8234 0.0000 0.9923 0.0001 0.0001 0.000 0.383  1.095 0.147 0.306 0.000 0.000 0.000 0.000 0.000 0.000 
 37 2.467001e+07 4.0272 4.2291 3.1183  7.8752 2.8530 0.0000 0.9923 0.0001 0.0001 0.000 0.383  1.095 0.151 0.302 0.000 0.000 0.000 0.000 0.000 0.000 
 38 2.467241e+07 4.0289 4.2205 3.0822  7.8826 2.8826 0.0000 0.9923 0.0001 0.0001 0.000 0.383  1.094 0.154 0.299 0.000 0.000 0.000 0.000 0.000 0.000 
 39 2.467471e+07 4.0303 4.2115 3.0448  7.8902 2.9122 0.0000 0.9923 0.0001 0.0001 0.000 0.383  1.093 0.156 0.297 0.000 0.000 0.000 0.000 0.000 0.000 
 40 2.467690e+07 4.0315 4.2020 3.0056  7.8980 2.9419 0.0000 0.9923 0.0001 0.0001 0.000 0.383  1.094 0.158 0.292 0.000 0.000 0.000 0.000 0.000 0.000 
 41 2.467903e+07 4.0330 4.1840 2.9321  7.9121 2.9944 0.0000 0.9923 0.0001 0.0001 0.000 0.383  1.095 0.164 0.288 0.000 0.000 0.000 0.000 0.000 0.000 
 42 2.468106e+07 4.0333 4.1752 2.8966  7.9188 3.0185 0.0000 0.9923 0.0001 0.0001 0.000 0.383  1.096 0.165 0.286 0.000 0.000 0.000 0.000 0.000 0.000 
 43 2.468116e+07 4.0333 4.1752 2.8966  7.9188 3.0185 0.0000 0.9923 0.0001 0.0001 0.000 0.383  1.096 0.165 0.286 0.000 0.000 0.000 0.000 0.000 0.000 lmaxsgb
 44 2.468306e+07 4.0333 4.1656 2.8582  7.9258 3.0435 0.0000 0.9923 0.0001 0.0001 0.000 0.383  1.097 0.167 0.282 0.000 0.000 0.000 0.000 0.000 0.000 
 45 2.468488e+07 4.0332 4.1571 2.8243  7.9318 3.0644 0.0000 0.9923 0.0001 0.0001 0.000 0.383  1.099 0.169 0.282 0.000 0.000 0.000 0.000 0.000 0.000 
 46 2.468659e+07 4.0327 4.1462 2.7812  7.9391 3.0896 0.0000 0.9923 0.0001 0.0001 0.000 0.383  1.101 0.172 0.280 0.000 0.000 0.000 0.000 0.000 0.000 
 47 2.468817e+07 4.0320 4.1344 2.7347  7.9465 3.1148 0.0000 0.9923 0.0001 0.0001 0.000 0.383  1.102 0.174 0.276 0.000 0.000 0.000 0.000 0.000 0.000 
 48 2.468974e+07 4.0313 4.1250 2.6978  7.9523 3.1342 0.0000 0.9923 0.0001 0.0001 0.000 0.383  1.104 0.176 0.276 0.000 0.000 0.000 0.000 0.000 0.000 
 49 2.469122e+07 4.0300 4.1125 2.6491  7.9596 3.1586 0.0000 0.9923 0.0001 0.0001 0.000 0.383  1.107 0.178 0.274 0.000 0.000 0.000 0.000 0.000 0.000 
 50 2.469263e+07 4.0290 4.1045 2.6181  7.9641 3.1734 0.0000 0.9923 0.0001 0.0001 0.000 0.383  1.109 0.178 0.272 0.000 0.000 0.000 0.000 0.000 0.000 
 51 2.469396e+07 4.0273 4.0926 2.5722  7.9705 3.1942 0.0000 0.9923 0.0001 0.0001 0.000 0.383  1.113 0.180 0.270 0.000 0.000 0.000 0.000 0.000 0.000 
 52 2.469524e+07 4.0254 4.0805 2.5257  7.9768 3.2144 0.0000 0.9923 0.0001 0.0001 0.000 0.383  1.116 0.182 0.267 0.000 0.000 0.000 0.000 0.000 0.000 
 53 2.469652e+07 4.0239 4.0728 2.4964  7.9808 3.2273 0.0000 0.9923 0.0001 0.0001 0.000 0.383  1.118 0.182 0.266 0.000 0.000 0.000 0.000 0.000 0.000 
 54 2.469766e+07 4.0223 4.0641 2.4632  7.9849 3.2403 0.0000 0.9923 0.0001 0.0001 0.000 0.383  1.121 0.184 0.266 0.000 0.000 0.000 0.000 0.000 0.000 
 55 2.469874e+07 4.0196 4.0506 2.4119  7.9910 3.2593 0.0000 0.9923 0.0001 0.0001 0.000 0.383  1.125 0.184 0.264 0.000 0.000 0.000 0.000 0.000 0.000 
 56 2.469978e+07 4.0175 4.0412 2.3764  7.9950 3.2719 0.0000 0.9923 0.0001 0.0001 0.000 0.383  1.129 0.185 0.263 0.000 0.000 0.000 0.000 0.000 0.000 
 57 2.470076e+07 4.0152 4.0313 2.3391  7.9990 3.2845 0.0000 0.9923 0.0001 0.0001 0.000 0.383  1.134 0.185 0.262 0.000 0.000 0.000 0.000 0.000 0.000 
 58 2.470169e+07 4.0127 4.0209 2.3000  8.0031 3.2969 0.0000 0.9923 0.0001 0.0001 0.000 0.383  1.137 0.187 0.262 0.000 0.000 0.000 0.000 0.000 0.000 
 59 2.470258e+07 4.0100 4.0100 2.2591  8.0071 3.3094 0.0000 0.9923 0.0001 0.0001 0.000 0.383  1.143 0.188 0.261 0.000 0.000 0.000 0.000 0.000 0.000 
 60 2.470342e+07 4.0085 4.0043 2.2378  8.0092 3.3156 0.0000 0.9923 0.0001 0.0001 0.000 0.383  1.145 0.188 0.260 0.000 0.000 0.000 0.000 0.000 0.000 
 61 2.470422e+07 4.0053 3.9924 2.1934  8.0133 3.3281 0.0000 0.9923 0.0001 0.0001 0.000 0.383  1.151 0.189 0.260 0.000 0.000 0.000 0.000 0.000 0.000 
 62 2.470498e+07 4.0018 3.9799 2.1469  8.0173 3.3405 0.0000 0.9923 0.0001 0.0001 0.000 0.383  1.157 0.190 0.259 0.000 0.000 0.000 0.000 0.000 0.000 
 63 2.470570e+07 3.9999 3.9733 2.1224  8.0194 3.3467 0.0000 0.9923 0.0001 0.0001 0.000 0.383  1.160 0.190 0.258 0.000 0.000 0.000 0.000 0.000 0.000 
 64 2.470639e+07 3.9958 3.9595 2.0713  8.0235 3.3591 0.0000 0.9923 0.0001 0.0001 0.000 0.383  1.168 0.191 0.258 0.000 0.000 0.001 0.000 0.000 0.000 
 65 2.470706e+07 3.9936 3.9523 2.0447  8.0256 3.3653 0.0000 0.9923 0.0001 0.0001 0.000 0.383  1.171 0.191 0.257 0.000 0.000 0.002 0.000 0.000 0.000 
 66 2.470770e+07 3.9913 3.9448 2.0170  8.0277 3.3715 0.0000 0.9923 0.0001 0.0001 0.000 0.383  1.175 0.191 0.257 0.000 0.000 0.002 0.000 0.000 0.000 
 67 2.470831e+07 3.9862 3.9292 1.9597  8.0318 3.3839 0.0000 0.9923 0.0001 0.0001 0.000 0.383  1.185 0.192 0.256 0.000 0.000 0.005 0.000 0.000 0.000 
 68 2.470888e+07 3.9834 3.9209 1.9293  8.0339 3.3901 0.0000 0.9923 0.0001 0.0001 0.000 0.383  1.190 0.192 0.256 0.000 0.000 0.005 0.000 0.000 0.000 
 69 2.470943e+07 3.9805 3.9123 1.8978  8.0360 3.3963 0.0000 0.9923 0.0001 0.0001 0.000 0.383  1.196 0.192 0.255 0.000 0.000 0.005 0.000 0.000 0.000 
 70 2.470996e+07 3.9774 3.9034 1.8653  8.0381 3.4026 0.0000 0.9923 0.0001 0.0001 0.000 0.383  1.202 0.193 0.255 0.000 0.000 0.005 0.000 0.000 0.000 
 71 2.471047e+07 3.9741 3.8940 1.8310  8.0402 3.4088 0.0000 0.9923 0.0001 0.0001 0.000 0.383  1.209 0.193 0.255 0.000 0.000 0.007 0.000 0.000 0.000 
 72 2.471096e+07 3.9705 3.8843 1.7958  8.0423 3.4150 0.0000 0.9923 0.0001 0.0001 0.000 0.383  1.215 0.193 0.254 0.000 0.000 0.007 0.000 0.000 0.000 
 73 2.471143e+07 3.9636 3.8662 1.7303  8.0460 3.4258 0.0000 0.9923 0.0001 0.0001 0.000 0.383  1.229 0.194 0.254 0.000 0.000 0.009 0.000 0.000 0.000 
 74 2.471187e+07 3.9604 3.8574 1.6983  8.0477 3.4308 0.0000 0.9923 0.0001 0.0001 0.000 0.383  1.237 0.194 0.253 0.000 0.000 0.011 0.000 0.000 0.000 
 75 2.471230e+07 3.9567 3.8479 1.6640  8.0495 3.4360 0.0000 0.9923 0.0001 0.0001 0.000 0.383  1.244 0.196 0.253 0.000 0.000 0.011 0.000 0.000 0.000 
 76 2.471269e+07 3.9533 3.8394 1.6334  8.0510 3.4404 0.0000 0.9923 0.0001 0.0001 0.000 0.383  1.251 0.196 0.253 0.000 0.000 0.011 0.000 0.000 0.000 
 77 2.471308e+07 3.9489 3.8288 1.5954  8.0528 3.4457 0.0000 0.9923 0.0001 0.0001 0.000 0.383  1.260 0.196 0.252 0.000 0.000 0.014 0.000 0.000 0.000 
 78 2.471344e+07 3.9463 3.8225 1.5728  8.0539 3.4487 0.0000 0.9923 0.0001 0.0001 0.000 0.383  1.266 0.196 0.252 0.000 0.000 0.014 0.000 0.000 0.000 
 79 2.471379e+07 3.9395 3.8066 1.5160  8.0563 3.4557 0.0000 0.9923 0.0001 0.0001 0.000 0.383  1.281 0.196 0.252 0.000 0.000 0.014 0.000 0.000 0.000 
 80 2.471413e+07 3.9352 3.7972 1.4827  8.0577 3.4598 0.0000 0.9923 0.0001 0.0001 0.000 0.383  1.290 0.196 0.251 0.000 0.000 0.014 0.000 0.000 0.000 
 81 2.471445e+07 3.9296 3.7852 1.4403  8.0594 3.4646 0.0000 0.9923 0.0001 0.0001 0.000 0.383  1.303 0.197 0.251 0.000 0.000 0.017 0.000 0.000 0.000 
 82 2.471477e+07 3.9250 3.7767 1.4109  8.0606 3.4681 0.0000 0.9923 0.0001 0.0001 0.000 0.383  1.315 0.197 0.251 0.000 0.000 0.017 0.000 0.000 0.000 
 83 2.471507e+07 3.9200 3.7671 1.3775  8.0619 3.4718 0.0000 0.9923 0.0001 0.0001 0.000 0.383  1.327 0.197 0.251 0.000 0.000 0.017 0.000 0.000 0.000 
 84 2.471535e+07 3.9144 3.7565 1.3407  8.0632 3.4756 0.0000 0.9923 0.0001 0.0001 0.000 0.383  1.341 0.197 0.250 0.000 0.000 0.017 0.000 0.000 0.000 
 85 2.471563e+07 3.9092 3.7472 1.3087  8.0643 3.4788 0.0000 0.9922 0.0001 0.0001 0.000 0.383  1.354 0.197 0.250 0.000 0.000 0.017 0.000 0.000 0.000 
 86 2.471588e+07 3.9023 3.7354 1.2684  8.0657 3.4828 0.0000 0.9922 0.0001 0.0001 0.000 0.383  1.372 0.197 0.250 0.000 0.000 0.020 0.000 0.000 0.000 
 87 2.471615e+07 3.8980 3.7284 1.2447  8.0665 3.4850 0.0000 0.9922 0.0001 0.0001 0.000 0.383  1.383 0.197 0.250 0.000 0.000 0.020 0.000 0.000 0.000 
 88 2.471640e+07 3.8929 3.7213 1.2214  8.0674 3.4876 0.0000 0.9922 0.0001 0.0001 0.000 0.383  1.395 0.198 0.250 0.000 0.000 0.020 0.000 0.000 0.000 
 89 2.471665e+07 3.8867 3.7126 1.1928  8.0684 3.4903 0.0000 0.9922 0.0001 0.0001 0.000 0.383  1.411 0.198 0.249 0.000 0.000 0.020 0.000 0.000 0.000 
 90 2.471692e+07 3.8792 3.7033 1.1631  8.0695 3.4933 0.0000 0.9922 0.0001 0.0001 0.000 0.383  1.433 0.198 0.249 0.000 0.000 0.020 0.000 0.000 0.000 
 91 2.471720e+07 3.8701 3.6937 1.1338  8.0706 3.4966 0.0000 0.9922 0.0001 0.0001 0.000 0.383  1.458 0.198 0.249 0.000 0.000 0.020 0.000 0.000 0.000 
 92 2.471759e+07 3.8444 3.6764 1.0903  8.0734 3.5041 0.0000 0.9922 0.0002 0.0001 0.000 0.383  1.534 0.198 0.249 0.000 0.000 0.024 0.000 0.000 0.000 
 93 2.471815e+07 3.8267 3.6699 1.0820  8.0749 3.5085 0.0000 0.9922 0.0002 0.0001 0.000 0.383  1.588 0.199 0.248 0.000 0.000 0.024 0.000 0.000 0.000 
 94 2.471882e+07 3.7960 3.6616 1.0795  8.0785 3.5180 0.0000 0.9922 0.0002 0.0001 0.000 0.383  1.680 0.199 0.248 0.001 0.000 0.024 0.000 0.000 0.000 
 95 2.471956e+07 3.7635 3.6529 1.0772  8.0824 3.5284 0.0000 0.9922 0.0002 0.0001 0.000 0.383  1.776 0.200 0.247 0.001 0.000 0.027 0.000 0.000 0.000 
 96 2.471996e+07 3.7567 3.6484 1.0660  8.0845 3.5338 0.0000 0.9922 0.0002 0.0001 0.000 0.383  1.785 0.200 0.247 0.001 0.000 0.027 0.000 0.000 0.000 brgb
 97 2.472060e+07 3.7614 3.6427 1.0385  8.0867 3.5396 0.0000 0.9922 0.0002 0.0001 0.000 0.383  1.746 0.200 0.246 0.001 0.000 0.031 0.000 0.000 0.000 
 98 2.472101e+07 3.7950 3.6354 0.9757  8.0893 3.5460 0.0000 0.9921 0.0002 0.0001 0.000 0.383  1.598 0.200 0.246 0.002 0.000 0.031 0.000 0.000 0.000 
 99 2.472133e+07 3.7950 3.6354 0.9757  8.0893 3.5460 0.0000 0.9921 0.0002 0.0001 0.000 0.383  1.598 0.200 0.246 0.002 0.000 0.031 0.000 0.000 0.000 
100 2.472164e+07 3.8602 3.6272 0.8777  8.0922 3.5528 0.0000 0.9921 0.0003 0.0001 0.000 0.383  1.367 0.201 0.245 0.002 0.000 0.031 0.000 0.000 0.000 
101 2.472196e+07 3.8602 3.6272 0.8777  8.0922 3.5528 0.0000 0.9921 0.0003 0.0001 0.000 0.383  1.367 0.201 0.245 0.002 0.000 0.031 0.000 0.000 0.000 
102 2.472235e+07 3.9357 3.6194 0.7710  8.0954 3.5602 0.0000 0.9921 0.0003 0.0001 0.000 0.383  1.152 0.201 0.245 0.002 0.000 0.031 0.000 0.000 0.000 
103 2.472284e+07 3.9903 3.6138 0.6940  8.0988 3.5672 0.0000 0.9920 0.0004 0.0001 0.000 0.383  1.025 0.202 0.245 0.002 0.000 0.031 0.000 0.000 0.000 
104 2.472365e+07 4.0244 3.6100 0.6447  8.1022 3.5739 0.0000 0.9919 0.0005 0.0001 0.000 0.383  0.959 0.202 0.244 0.003 0.000 0.031 0.000 0.000 0.000 
105 2.472604e+07 4.0718 3.6063 0.5825  8.1165 3.5957 0.0000 0.9915 0.0008 0.0001 0.002 0.381  0.896 0.204 0.244 0.007 0.000 0.028 0.000 0.000 0.000 
106 2.473182e+07 4.1105 3.6016 0.5250  8.1494 3.6143 0.0000 0.9906 0.0017 0.0001 0.024 0.357  0.875 0.208 0.243 0.073 0.000 0.026 0.000 0.000 0.000 
107 2.477429e+07 4.1447 3.5989 0.4794  8.1622 3.4957 0.0000 0.9791 0.0123 0.0001 0.072 0.341  0.889 0.221 0.250 0.100 0.000 0.033 0.000 0.000 0.000 trgb
108 2.500467e+07 4.1099 3.6030 0.5300  8.1736 3.4307 0.0000 0.9270 0.0632 0.0008 0.103 0.342  0.848 0.249 0.275 0.148 0.000 0.039 0.000 0.000 0.000 
109 2.532789e+07 4.0749 3.6085 0.5851  8.1847 3.3886 0.0000 0.8338 0.1532 0.0040 0.117 0.343  0.784 0.271 0.298 0.214 0.000 0.045 0.000 0.000 0.000 
110 2.578870e+07 4.0496 3.6148 0.6337  8.1990 3.3605 0.0000 0.6875 0.2875 0.0158 0.131 0.344  0.696 0.291 0.319 0.303 0.000 0.054 0.000 0.000 0.000 lmincheb
111 2.606104e+07 4.0704 3.6234 0.6460  8.2086 3.3542 0.0000 0.5887 0.3721 0.0298 0.139 0.347  0.660 0.300 0.330 0.334 0.000 0.060 0.000 0.000 0.000 
112 2.611901e+07 4.0905 3.6293 0.6495  8.2105 3.3542 0.0000 0.5697 0.3877 0.0332 0.140 0.348  0.659 0.303 0.333 0.327 0.000 0.060 0.000 0.000 0.000 
113 2.613694e+07 4.1179 3.6397 0.6637  8.2113 3.3540 0.0000 0.5607 0.3949 0.0350 0.141 0.348  0.661 0.303 0.334 0.309 0.000 0.060 0.000 0.000 0.000 
114 2.614654e+07 4.1299 3.6462 0.6777  8.2116 3.3542 0.0000 0.5574 0.3976 0.0356 0.141 0.348  0.663 0.304 0.335 0.302 0.000 0.060 0.000 0.000 0.000 
115 2.615056e+07 4.1390 3.6542 0.7006  8.2117 3.3543 0.0000 0.5557 0.3990 0.0359 0.141 0.348  0.662 0.304 0.335 0.295 0.000 0.060 0.000 0.000 0.000 
116 2.615286e+07 4.1450 3.6639 0.7334  8.2118 3.3544 0.0000 0.5545 0.3999 0.0361 0.141 0.348  0.663 0.304 0.335 0.292 0.000 0.060 0.000 0.000 0.000 
117 2.615454e+07 4.1450 3.6639 0.7334  8.2118 3.3544 0.0000 0.5545 0.3999 0.0361 0.141 0.348  0.663 0.304 0.335 0.292 0.000 0.060 0.000 0.000 0.000 
118 2.615606e+07 4.1503 3.6881 0.8249  8.2120 3.3546 0.0000 0.5529 0.4012 0.0364 0.141 0.348  0.668 0.304 0.335 0.288 0.000 0.060 0.000 0.000 0.000 
119 2.615756e+07 4.1517 3.6996 0.8695  8.2120 3.3546 0.0000 0.5523 0.4018 0.0365 0.141 0.348  0.671 0.304 0.336 0.287 0.000 0.060 0.000 0.000 0.000 
120 2.615898e+07 4.1527 3.7101 0.9105  8.2121 3.3547 0.0000 0.5517 0.4023 0.0367 0.141 0.348  0.674 0.304 0.336 0.287 0.000 0.060 0.000 0.000 0.000 
121 2.616049e+07 4.1533 3.7185 0.9429  8.2121 3.3548 0.0000 0.5512 0.4027 0.0367 0.141 0.348  0.676 0.304 0.336 0.287 0.000 0.060 0.000 0.000 0.000 
122 2.616213e+07 4.1538 3.7280 0.9804  8.2122 3.3548 0.0000 0.5506 0.4031 0.0369 0.141 0.348  0.679 0.304 0.336 0.286 0.000 0.060 0.000 0.000 0.000 
123 2.616396e+07 4.1542 3.7383 1.0212  8.2122 3.3549 0.0000 0.5498 0.4037 0.0370 0.141 0.348  0.683 0.304 0.336 0.286 0.000 0.060 0.000 0.000 0.000 
124 2.616612e+07 4.1546 3.7492 1.0644  8.2123 3.3550 0.0000 0.5489 0.4045 0.0372 0.141 0.348  0.686 0.304 0.336 0.287 0.000 0.060 0.000 0.000 0.000 
125 2.616860e+07 4.1548 3.7601 1.1078  8.2125 3.3551 0.0000 0.5479 0.4053 0.0374 0.141 0.348  0.691 0.304 0.336 0.287 0.000 0.060 0.000 0.000 0.000 
126 2.617167e+07 4.1550 3.7707 1.1500  8.2126 3.3552 0.0000 0.5466 0.4064 0.0376 0.141 0.348  0.694 0.304 0.337 0.287 0.000 0.060 0.000 0.000 0.000 
127 2.617561e+07 4.1552 3.7807 1.1898  8.2127 3.3553 0.0000 0.5450 0.4076 0.0379 0.141 0.348  0.698 0.304 0.337 0.288 0.000 0.060 0.000 0.000 0.000 
128 2.618126e+07 4.1555 3.7896 1.2251  8.2129 3.3553 0.0000 0.5431 0.4092 0.0383 0.141 0.348  0.701 0.305 0.337 0.288 0.000 0.060 0.000 0.000 0.000 
129 2.618942e+07 4.1561 3.8005 1.2681  8.2132 3.3549 0.0000 0.5416 0.4102 0.0388 0.142 0.348  0.705 0.305 0.338 0.289 0.000 0.062 0.000 0.000 0.000 
130 2.620272e+07 4.1574 3.8109 1.3084  8.2137 3.3546 0.0000 0.5376 0.4132 0.0397 0.142 0.348  0.705 0.306 0.338 0.292 0.000 0.062 0.000 0.000 0.000 
131 2.621978e+07 4.1598 3.8222 1.3512  8.2145 3.3546 0.0000 0.5300 0.4193 0.0413 0.142 0.348  0.704 0.306 0.339 0.292 0.000 0.062 0.000 0.000 0.000 
132 2.623841e+07 4.1614 3.8291 1.3772  8.2150 3.3547 0.0000 0.5249 0.4233 0.0423 0.142 0.348  0.703 0.307 0.339 0.293 0.000 0.062 0.000 0.000 0.000 
133 2.625890e+07 4.1642 3.8408 1.4212  8.2161 3.3550 0.0000 0.5154 0.4308 0.0443 0.142 0.349  0.702 0.308 0.341 0.295 0.000 0.062 0.000 0.000 0.000 
134 2.628134e+07 4.1668 3.8515 1.4614  8.2171 3.3553 0.0000 0.5057 0.4383 0.0465 0.142 0.349  0.700 0.309 0.342 0.297 0.000 0.062 0.000 0.000 0.000 
135 2.630672e+07 4.1692 3.8611 1.4974  8.2181 3.3553 0.0000 0.4971 0.4448 0.0486 0.143 0.349  0.698 0.309 0.343 0.299 0.000 0.062 0.000 0.000 0.000 
136 2.633498e+07 4.1718 3.8707 1.5332  8.2193 3.3549 0.0000 0.4878 0.4516 0.0510 0.145 0.349  0.696 0.311 0.344 0.302 0.000 0.062 0.000 0.000 0.000 
137 2.636530e+07 4.1752 3.8823 1.5762  8.2207 3.3543 0.0000 0.4764 0.4598 0.0542 0.147 0.349  0.693 0.312 0.346 0.306 0.000 0.062 0.000 0.000 0.000 
138 2.639746e+07 4.1785 3.8938 1.6189  8.2222 3.3538 0.0000 0.4641 0.4684 0.0578 0.149 0.349  0.689 0.313 0.346 0.310 0.000 0.062 0.000 0.000 0.000 
139 2.643222e+07 4.1810 3.9017 1.6480  8.2233 3.3535 0.0000 0.4548 0.4749 0.0607 0.150 0.349  0.686 0.314 0.347 0.312 0.000 0.068 0.000 0.000 0.000 
140 2.646855e+07 4.1847 3.9136 1.6919  8.2252 3.3535 0.0000 0.4398 0.4852 0.0653 0.151 0.349  0.681 0.316 0.349 0.317 0.000 0.068 0.000 0.000 0.000 
141 2.650717e+07 4.1878 3.9235 1.7284  8.2270 3.3538 0.0000 0.4261 0.4944 0.0698 0.153 0.349  0.677 0.317 0.350 0.321 0.000 0.068 0.000 0.000 0.000 
142 2.654836e+07 4.1910 3.9332 1.7640  8.2289 3.3544 0.0000 0.4115 0.5040 0.0747 0.154 0.349  0.673 0.318 0.352 0.327 0.000 0.068 0.000 0.000 0.000 
143 2.659387e+07 4.1946 3.9438 1.8028  8.2313 3.3555 0.0000 0.3938 0.5152 0.0810 0.156 0.349  0.667 0.320 0.353 0.332 0.000 0.068 0.000 0.000 0.000 
144 2.664322e+07 4.1985 3.9546 1.8421  8.2340 3.3569 0.0000 0.3739 0.5273 0.0888 0.157 0.350  0.660 0.322 0.356 0.339 0.000 0.068 0.000 0.000 0.000 
145 2.669553e+07 4.2023 3.9648 1.8785  8.2369 3.3587 0.0000 0.3543 0.5385 0.0971 0.159 0.352  0.654 0.324 0.358 0.346 0.000 0.075 0.000 0.000 0.000 
146 2.675196e+07 4.2063 3.9750 1.9153  8.2401 3.3613 0.0000 0.3327 0.5502 0.1070 0.161 0.354  0.646 0.326 0.360 0.353 0.000 0.075 0.000 0.000 0.000 
147 2.681332e+07 4.2105 3.9854 1.9527  8.2439 3.3647 0.0000 0.3089 0.5618 0.1190 0.163 0.356  0.638 0.328 0.362 0.363 0.000 0.075 0.000 0.000 0.000 
148 2.689161e+07 4.2155 3.9958 1.9893  8.2489 3.3703 0.0000 0.2789 0.5746 0.1362 0.165 0.360  0.627 0.331 0.366 0.373 0.000 0.075 0.000 0.000 0.000 
149 2.700407e+07 4.2219 4.0013 2.0049  8.2571 3.3813 0.0000 0.2348 0.5886 0.1662 0.169 0.364  0.611 0.335 0.370 0.391 0.000 0.081 0.000 0.000 0.000 tmaxcheb
150 2.712696e+07 4.2273 3.9920 1.9623  8.2664 3.3962 0.0000 0.1912 0.5946 0.2037 0.173 0.367  0.594 0.339 0.372 0.409 0.000 0.088 0.000 0.000 0.000 
151 2.719065e+07 4.2298 3.9818 1.9190  8.2719 3.4059 0.0000 0.1687 0.5934 0.2274 0.175 0.370  0.584 0.341 0.375 0.419 0.000 0.088 0.000 0.000 0.000 
152 2.724256e+07 4.2319 3.9713 1.8749  8.2770 3.4156 0.0000 0.1497 0.5900 0.2498 0.177 0.371  0.575 0.343 0.375 0.427 0.000 0.088 0.000 0.000 0.000 
153 2.728787e+07 4.2336 3.9608 1.8306  8.2817 3.4249 0.0000 0.1337 0.5848 0.2710 0.178 0.373  0.567 0.344 0.375 0.435 0.000 0.088 0.000 0.000 0.000 
154 2.733226e+07 4.2353 3.9504 1.7873  8.2863 3.4342 0.0000 0.1190 0.5774 0.2931 0.180 0.373  0.560 0.345 0.377 0.442 0.000 0.095 0.000 0.000 0.000 
155 2.737112e+07 4.2365 3.9405 1.7465  8.2905 3.4434 0.0000 0.1069 0.5697 0.3129 0.181 0.374  0.553 0.346 0.378 0.449 0.000 0.095 0.000 0.000 0.000 
156 2.740510e+07 4.2376 3.9308 1.7066  8.2944 3.4521 0.0000 0.0966 0.5618 0.3311 0.182 0.375  0.548 0.347 0.378 0.454 0.000 0.095 0.000 0.000 0.000 
157 2.743537e+07 4.2384 3.9209 1.6662  8.2981 3.4605 0.0000 0.0875 0.5534 0.3486 0.183 0.376  0.543 0.348 0.379 0.459 0.000 0.095 0.000 0.000 0.000 
158 2.746369e+07 4.2391 3.9118 1.6291  8.3015 3.4685 0.0000 0.0800 0.5449 0.3646 0.183 0.376  0.538 0.348 0.379 0.463 0.000 0.095 0.000 0.000 0.000 
159 2.748868e+07 4.2397 3.9012 1.5861  8.3050 3.4768 0.0000 0.0726 0.5355 0.3814 0.184 0.376  0.534 0.349 0.379 0.468 0.000 0.101 0.000 0.000 0.000 
160 2.751053e+07 4.2401 3.8893 1.5381  8.3088 3.4858 0.0000 0.0653 0.5253 0.3989 0.185 0.377  0.529 0.350 0.380 0.473 0.000 0.101 0.000 0.000 0.000 
161 2.753049e+07 4.2404 3.8793 1.4978  8.3117 3.4932 0.0000 0.0600 0.5170 0.4125 0.185 0.377  0.526 0.350 0.380 0.476 0.000 0.101 0.000 0.000 0.000 
162 2.754762e+07 4.2406 3.8721 1.4688  8.3138 3.4984 0.0000 0.0566 0.5112 0.4217 0.185 0.378  0.523 0.351 0.380 0.478 0.000 0.101 0.000 0.000 0.000 
163 2.756198e+07 4.2406 3.8590 1.4164  8.3171 3.5066 0.0000 0.0513 0.5021 0.4361 0.186 0.378  0.519 0.351 0.380 0.482 0.000 0.101 0.000 0.000 0.000 lmaxcheb
164 2.757647e+07 4.2405 3.8500 1.3805  8.3194 3.5129 0.0000 0.0477 0.4959 0.4460 0.186 0.378  0.517 0.352 0.380 0.484 0.000 0.101 0.000 0.000 0.000 
165 2.758843e+07 4.2401 3.8402 1.3417  8.3218 3.5194 0.0000 0.0442 0.4901 0.4552 0.186 0.378  0.515 0.352 0.380 0.486 0.000 0.101 0.000 0.000 0.000 
166 2.759855e+07 4.2398 3.8291 1.2976  8.3242 3.5259 0.0000 0.0410 0.4845 0.4641 0.186 0.379  0.513 0.353 0.380 0.489 0.000 0.101 0.000 0.000 0.000 
167 2.760748e+07 4.2393 3.8196 1.2601  8.3263 3.5316 0.0000 0.0383 0.4798 0.4714 0.186 0.379  0.511 0.353 0.380 0.491 0.000 0.101 0.000 0.000 0.000 
168 2.761562e+07 4.2391 3.8136 1.2363  8.3274 3.5347 0.0000 0.0369 0.4771 0.4754 0.186 0.379  0.510 0.353 0.380 0.492 0.000 0.101 0.000 0.000 0.000 
169 2.762329e+07 4.2385 3.8012 1.1873  8.3297 3.5411 0.0000 0.0342 0.4718 0.4834 0.186 0.379  0.508 0.353 0.380 0.494 0.000 0.107 0.000 0.000 0.000 
170 2.763033e+07 4.2377 3.7884 1.1369  8.3320 3.5473 0.0000 0.0317 0.4667 0.4911 0.186 0.379  0.506 0.353 0.380 0.496 0.000 0.107 0.000 0.000 0.000 
171 2.763676e+07 4.2373 3.7817 1.1105  8.3331 3.5505 0.0000 0.0305 0.4642 0.4947 0.186 0.379  0.504 0.354 0.380 0.497 0.000 0.107 0.000 0.000 0.000 
172 2.764261e+07 4.2362 3.7678 1.0560  8.3353 3.5566 0.0000 0.0283 0.4594 0.5018 0.186 0.379  0.502 0.354 0.380 0.500 0.000 0.107 0.000 0.000 0.000 
173 2.764787e+07 4.2356 3.7604 1.0270  8.3364 3.5597 0.0000 0.0272 0.4570 0.5052 0.186 0.379  0.501 0.354 0.380 0.501 0.000 0.107 0.000 0.001 0.000 
174 2.765268e+07 4.2349 3.7527 0.9969  8.3374 3.5628 0.0000 0.0262 0.4547 0.5085 0.186 0.379  0.500 0.354 0.380 0.502 0.000 0.107 0.000 0.001 0.000 
175 2.765698e+07 4.2332 3.7362 0.9326  8.3396 3.5689 0.0000 0.0243 0.4503 0.5149 0.186 0.380  0.498 0.354 0.380 0.505 0.000 0.107 0.000 0.001 0.000 
176 2.766067e+07 4.2322 3.7267 0.8956  8.3406 3.5719 0.0000 0.0234 0.4482 0.5179 0.186 0.380  0.497 0.354 0.380 0.507 0.000 0.107 0.000 0.001 0.000 
177 2.766415e+07 4.2310 3.7173 0.8592  8.3417 3.5749 0.0000 0.0225 0.4461 0.5209 0.186 0.380  0.496 0.354 0.380 0.509 0.000 0.107 0.000 0.001 0.000 
178 2.766745e+07 4.2297 3.7075 0.8213  8.3427 3.5779 0.0000 0.0217 0.4440 0.5238 0.186 0.380  0.495 0.354 0.380 0.511 0.000 0.107 0.000 0.001 0.000 
179 2.767056e+07 4.2278 3.6952 0.7733  8.3440 3.5815 0.0000 0.0207 0.4416 0.5272 0.186 0.380  0.493 0.354 0.380 0.513 0.000 0.107 0.000 0.001 0.000 
180 2.767348e+07 4.2260 3.6853 0.7355  8.3450 3.5844 0.0000 0.0199 0.4398 0.5298 0.186 0.380  0.493 0.354 0.380 0.515 0.000 0.107 0.000 0.001 0.000 
181 2.767608e+07 4.2242 3.6760 0.7001  8.3457 3.5865 0.0000 0.0194 0.4385 0.5316 0.186 0.380  0.492 0.355 0.380 0.518 0.000 0.107 0.000 0.001 0.000 
182 2.767942e+07 4.2216 3.6674 0.6683  8.3468 3.5895 0.0000 0.0187 0.4366 0.5343 0.186 0.380  0.491 0.355 0.380 0.521 0.000 0.107 0.000 0.001 0.000 
183 2.768243e+07 4.2166 3.6548 0.6229  8.3482 3.5937 0.0000 0.0177 0.4340 0.5378 0.186 0.380  0.490 0.355 0.380 0.528 0.000 0.107 0.000 0.001 0.000 
184 2.768622e+07 4.2108 3.6456 0.5919  8.3494 3.5972 0.0000 0.0169 0.4320 0.5405 0.186 0.380  0.488 0.355 0.380 0.535 0.000 0.107 0.000 0.001 0.000 
185 2.769335e+07 4.2010 3.6365 0.5653  8.3519 3.6043 0.0000 0.0154 0.4280 0.5461 0.186 0.379  0.481 0.355 0.379 0.548 0.000 0.107 0.000 0.001 0.000 
186 2.770230e+07 4.1829 3.6249 0.5370  8.3567 3.6185 0.0000 0.0127 0.4209 0.5559 0.186 0.380  0.461 0.355 0.379 0.571 0.000 0.107 0.000 0.001 0.000 
187 2.771468e+07 4.1738 3.6154 0.5081  8.3632 3.6376 0.0000 0.0098 0.4127 0.5670 0.186 0.380  0.430 0.356 0.378 0.581 0.000 0.107 0.000 0.001 0.000 lmin1cheb
188 2.774854e+07 4.1839 3.6056 0.4588  8.3979 3.7458 0.0000 0.0020 0.3901 0.5974 0.166 0.380  0.421 0.357 0.376 0.494 0.186 0.193 0.000 0.002 0.000 
189 2.776089e+07 4.2095 3.5988 0.4060  8.4583 3.9670 0.0000 0.0000 0.3842 0.6052 0.000 0.380  0.446 0.357 0.374 0.121 0.186 0.233 0.000 0.004 0.000 
190 2.776697e+07 4.2441 3.5947 0.3550  8.4775 4.1092 0.0000 0.0000 0.3842 0.6052 0.000 0.380  0.333 0.358 0.374 0.653 0.186 0.235 0.000 0.005 0.000 lmaxeagb
191 2.777809e+07 4.2096 3.5995 0.4087  8.4942 4.2939 0.0000 0.0000 0.3842 0.6052 0.000 0.380  0.096 0.358 0.375 0.869 0.185 0.235 0.000 0.006 0.000 
192 2.778371e+07 4.2033 3.5999 0.4166  8.5059 4.3812 0.0000 0.0000 0.3842 0.6052 0.000 0.380  0.027 0.358 0.374 0.964 0.178 0.235 0.000 0.008 0.000 lmineagb
193 2.779158e+07 4.2303 3.5951 0.3698  8.5250 4.4998 0.0000 0.0000 0.3842 0.6052 0.000 0.380  0.002 0.358 0.372 0.996 0.122 0.233 0.000 0.010 0.000 
194 2.779698e+07 4.2720 3.5898 0.3069  8.5412 4.5890 0.0000 0.0000 0.3842 0.6052 0.000 0.380  0.000 0.358 0.369 0.970 0.124 0.233 0.000 0.012 0.000 
195 2.780377e+07 4.3071 3.5859 0.2562  8.5587 4.6786 0.0000 0.0000 0.3842 0.6052 0.000 0.380  0.000 0.359 0.367 0.954 0.129 0.233 0.000 0.014 0.000 
196 2.781218e+07 4.3455 3.5820 0.2022  8.5835 4.7989 0.0000 0.0000 0.3842 0.6052 0.000 0.380  0.000 0.361 0.364 0.943 0.137 0.231 0.000 0.020 0.000 
197 2.782192e+07 4.3854 3.5779 0.1459  8.6154 4.9507 0.0000 0.0000 0.3842 0.6052 0.000 0.380  0.000 0.000 0.000 0.936 0.145 0.230 0.000 0.031 0.000 
198 2.783283e+07 4.4240 3.5739 0.0913  8.6524 5.1353 0.0000 0.0000 0.3842 0.6052 0.000 0.381  0.000 0.000 0.000 0.931 0.158 0.229 0.000 0.057 0.000 
199 2.784430e+07 4.4620 3.5696 0.0361  8.6953 5.3830 0.0000 0.0000 0.3842 0.6052 0.000 0.379  0.000 0.000 0.000 0.927 0.171 0.227 0.000 0.126 0.000 
200 2.785509e+07 4.4974 3.5659 -0.0147  8.7551 5.7489 0.0000 0.0000 0.3842 0.6052 0.000 0.374  0.000 0.000 0.000 0.912 0.185 0.223 0.029 0.408 0.000 1sttp
