 age/yr       logL   logTef grav   logTc  logrho Xc,Yc Xc_C    Xc_O    Q_conv Q_disc  logL_H Q1_H  Q2_H    logL_He Q1_He Q2_He  logL_C logL_nu Q_Tmax stage
 0.00000E+00  0.827  3.882  4.288  7.284  1.902  0.706 2.47E-5 9.13E-3 0.1617 0.1950  0.819 0.0000 0.4667  0.000 0.0000 0.0000  0.000  0.000  0.0000  ZAMS                
 2.14798E+07  0.827  3.880  4.283  7.285  1.898  0.700 2.45E-5 9.02E-3 0.1754 0.3354  0.828 0.0000 0.4944  0.000 0.0000 0.0000  0.000  0.000  0.0000          
 5.04881E+08  0.873  3.876  4.218  7.302  1.927  0.599 2.93E-5 7.16E-3 0.1723 0.6394  0.875 0.0000 0.4944  0.000 0.0000 0.0000  0.000  0.000  0.0000          
 9.11342E+08  0.913  3.864  4.133  7.315  1.943  0.499 3.91E-5 5.32E-3 0.1681 0.6845  0.914 0.0000 0.4667  0.000 0.0000 0.0000  0.000  0.000  0.0000          
 1.24868E+09  0.944  3.848  4.034  7.326  1.960  0.397 5.06E-5 3.83E-3 0.1543 0.6993  0.946 0.0000 0.4223  0.000 0.0000 0.0000  0.000  0.000  0.0000          
 1.52718E+09  0.967  3.830  3.941  7.337  1.984  0.299 6.09E-5 2.80E-3 0.1384 0.7065  0.968 0.0000 0.3804  0.000 0.0000 0.0000  0.000  0.000  0.0000          
 1.75663E+09  0.979  3.812  3.856  7.351  2.021  0.198 7.04E-5 2.04E-3 0.1199 0.7065  0.980 0.0000 0.3280  0.000 0.0000 0.0000  0.000  0.000  0.0000          
 1.94594E+09  0.980  3.795  3.788  7.370  2.081  0.100 8.00E-5 1.54E-3 0.1019 0.7135  0.981 0.0000 0.2717  0.000 0.0000 0.0000  0.000  0.000  0.0000          
 2.02801E+09  0.983  3.789  3.759  7.388  2.139  0.048 8.76E-5 1.33E-3 0.0918 0.7135  0.984 0.0000 0.2459  0.000 0.0000 0.0000  0.000  0.000  0.0000          
 2.05682E+09  0.990  3.787  3.749  7.398  2.171  0.031 9.16E-5 1.27E-3 0.0891 0.7135  0.990 0.0000 0.2459  0.000 0.0000 0.0000  0.000  0.000  0.0000  Te-m    
 2.08691E+09  1.019  3.791  3.734  7.426  2.252  0.010 1.02E-4 1.19E-3 0.0855 0.7135  1.015 0.0000 0.2717  0.000 0.0000 0.0000  0.000  0.000  0.0000          
 2.09882E+09  1.099  3.808  3.720  7.475  2.425  0.001 1.22E-4 1.16E-3 0.0719 0.7135  1.051 0.0000 0.4070  0.000 0.0000 0.0000  0.000  0.000  0.0000          
 2.09990E+09  1.142  3.815  3.709  7.495  2.565  0.000 1.31E-4 1.15E-3 0.0467 0.7135  1.041 0.0000 0.4596  0.000 0.0000 0.0000  0.000  0.000  0.0000          
 2.10019E+09  1.150  3.817  3.707  7.489  2.685  0.000 1.33E-4 1.15E-3 0.0092 0.7135  1.100 0.0000 0.4667  0.000 0.0000 0.0000  0.000  0.000  0.0000  Te-h    
 2.10048E+09  1.127  3.815  3.721  7.451  2.834  0.000 1.36E-4 1.15E-3 0.0000 0.7135  1.192 0.0000 0.4596  0.000 0.0000 0.0000  0.000  0.000  0.0000  Xc=0    
 2.10132E+09  1.096  3.801  3.696  7.431  3.015  0.982 1.36E-4 1.15E-3 0.0000 0.7135  1.158 0.0073 0.4121  0.000 0.0000 0.0000  0.000  0.000  0.0000          
 2.10389E+09  1.107  3.785  3.620  7.418  3.227  0.982 1.36E-4 1.15E-3 0.0000 0.7135  1.131 0.0190 0.2936  0.000 0.0000 0.0000  0.000  0.000  0.0000          
 2.11020E+09  1.082  3.769  3.581  7.425  3.446  0.982 1.36E-4 1.15E-3 0.0000 0.7135  1.096 0.0394 0.2522  0.000 0.0000 0.0000  0.000  0.000  0.0000          
 2.11729E+09  1.040  3.755  3.567  7.452  3.623  0.982 1.36E-4 1.15E-3 0.0000 0.7135  1.057 0.0582 0.2220  0.000 0.0000 0.0000  0.000  0.000  0.0000          
 2.12342E+09  0.986  3.741  3.567  7.487  3.774  0.982 1.36E-4 1.15E-3 0.0000 0.7135  1.009 0.0711 0.1930  0.000 0.0000 0.0000  0.000  0.000  0.0000          
 2.12820E+09  0.938  3.730  3.571  7.517  3.894  0.982 1.36E-4 1.15E-3 0.0000 0.7135  0.965 0.0788 0.1670  0.000 0.0000 0.0000  0.000  0.000  0.0000          
 2.13426E+09  0.900  3.718  3.561  7.554  4.042  0.982 1.36E-4 1.15E-3 0.0000 0.7030  0.924 0.0864 0.1492  0.000 0.0000 0.0000  0.000  0.000  0.0000          
 2.13681E+09  0.896  3.713  3.545  7.568  4.101  0.982 1.36E-4 1.15E-3 0.0000 0.6993  0.917 0.0891 0.1452  0.000 0.0000 0.0000  0.000  0.000  0.0000  Brg     
 2.14534E+09  0.940  3.702  3.458  7.603  4.276  0.982 1.36E-4 1.15E-3 0.0000 0.5142  0.949 0.0990 0.1363  0.000 0.0000 0.0000  0.000  0.000  0.0000          
 2.15196E+09  1.007  3.697  3.372  7.623  4.392  0.982 1.36E-4 1.15E-3 0.0000 0.3855  1.010 0.1056 0.1334  0.000 0.0000 0.0000  0.000  0.000  0.0000          
 2.15836E+09  1.082  3.693  3.280  7.639  4.492  0.982 1.36E-4 1.15E-3 0.0000 0.2999  1.082 0.1108 0.1327  0.000 0.0000 0.0000  0.000  0.000  0.0000          
 2.16390E+09  1.150  3.690  3.198  7.652  4.572  0.982 1.36E-4 1.15E-3 0.0000 0.2427  1.149 0.1155 0.1329  0.000 0.0000 0.0000  0.000  0.000  0.0000          
 2.16883E+09  1.215  3.687  3.122  7.662  4.638  0.982 1.36E-4 1.15E-3 0.0000 0.2086  1.213 0.1191 0.1339  0.000 0.0000 0.0000  0.000  0.000  0.0000          
 2.17355E+09  1.276  3.684  3.047  7.671  4.698  0.982 1.36E-4 1.15E-3 0.0000 0.1930  1.274 0.1226 0.1352  0.000 0.0000 0.0000  0.000  0.000  0.0000          
 2.17833E+09  1.342  3.680  2.969  7.680  4.756  0.982 1.36E-4 1.15E-3 0.0000 0.1827  1.339 0.1267 0.1369  0.000 0.0000 0.0000  0.000  0.000  0.0000          
 2.18296E+09  1.406  3.677  2.892  7.689  4.811  0.982 1.36E-4 1.15E-3 0.0000 0.1762  1.404 0.1299 0.1391  0.000 0.0000 0.0000  0.000  0.000  0.0000          
 2.18738E+09  1.467  3.674  2.819  7.697  4.863  0.982 1.36E-4 1.15E-3 0.0000 0.1718  1.464 0.1334 0.1413  0.000 0.0000 0.0000  0.000  0.000  0.0000          
 2.19169E+09  1.529  3.671  2.743  7.706  4.912  0.982 1.36E-4 1.15E-3 0.0000 0.1692  1.526 0.1370 0.1439  0.000 0.0000 0.0000  0.000  0.000  0.0000          
 2.19576E+09  1.590  3.668  2.669  7.714  4.958  0.982 1.36E-4 1.15E-3 0.0000 0.1679  1.587 0.1405 0.1466  0.000 0.0000 0.0000  0.000  0.000  0.0000          
 2.19987E+09  1.650  3.664  2.595  7.722  5.004  0.982 1.36E-4 1.15E-3 0.0000 0.1676  1.647 0.1444 0.1497  0.000 0.0000 0.0000  0.000  0.000  0.0000          
 2.20365E+09  1.709  3.661  2.522  7.730  5.047  0.982 1.36E-4 1.15E-3 0.0000 0.1676  1.706 0.1481 0.1526  0.000 0.0000 0.0000  0.000  0.000  0.0000          
 2.20764E+09  1.769  3.657  2.449  7.738  5.093  0.982 1.36E-4 1.15E-3 0.0000 0.1676  1.766 0.1523 0.1562  0.000 0.0000 0.0000  0.000  0.000  0.0000          
 2.21261E+09  1.828  3.654  2.377  7.749  5.149  0.982 1.36E-4 1.15E-3 0.0000 0.1676  1.825 0.1578 0.1610  0.000 0.0000 0.0000  0.000  0.000  0.0000          
 2.21464E+09  1.837  3.653  2.366  7.753  5.173  0.982 1.36E-4 1.15E-3 0.0000 0.1676  1.833 0.1600 0.1630  0.000 0.0000 0.0000  0.000 -2.163  0.0000  L-M     
 2.21834E+09  1.777  3.657  2.440  7.760  5.214  0.982 1.36E-4 1.15E-3 0.0000 0.1676  1.772 0.1638 0.1663  0.000 0.0000 0.0000  0.000 -2.223  0.0000          
 2.21973E+09  1.719  3.660  2.512  7.762  5.228  0.982 1.36E-4 1.15E-3 0.0000 0.1676  1.711 0.1649 0.1678  0.000 0.0000 0.0000  0.000 -2.281  0.0000          
 2.22119E+09  1.656  3.664  2.590  7.763  5.242  0.982 1.36E-4 1.15E-3 0.0000 0.1680  1.646 0.1660 0.1688  0.000 0.0000 0.0000  0.000 -2.344  0.0000          
 2.22193E+09  1.633  3.666  2.619  7.763  5.249  0.982 1.36E-4 1.15E-3 0.0000 0.1685  1.624 0.1664 0.1693  0.000 0.0000 0.0000  0.000 -2.367  0.0000  L-m     
 2.22489E+09  1.692  3.662  2.546  7.762  5.271  0.982 1.36E-4 1.15E-3 0.0000 0.1697  1.690 0.1679 0.1698  0.000 0.0000 0.0000  0.000 -2.308  0.0000          
 2.22872E+09  1.751  3.659  2.474  7.759  5.298  0.982 1.36E-4 1.15E-3 0.0000 0.1714  1.750 0.1698 0.1716  0.000 0.0000 0.0000  0.000 -2.249  0.0000          
 2.23253E+09  1.813  3.656  2.399  7.755  5.325  0.982 1.36E-4 1.15E-3 0.0000 0.1734  1.811 0.1719 0.1735  0.000 0.0000 0.0000  0.000 -2.187  0.0000          
 2.23624E+09  1.872  3.652  2.325  7.752  5.351  0.982 1.36E-4 1.15E-3 0.0000 0.1757  1.870 0.1743 0.1758  0.000 0.0000 0.0000  0.000 -2.128  0.0000          
 2.24014E+09  1.942  3.648  2.239  7.749  5.379  0.982 1.36E-4 1.15E-3 0.0000 0.1785  1.940 0.1772 0.1786  0.000 0.0000 0.0000  0.000 -2.058  0.0000          
 2.24347E+09  2.007  3.644  2.157  7.748  5.403  0.982 1.36E-4 1.15E-3 0.0000 0.1813  2.005 0.1801 0.1814  0.000 0.0000 0.0000  0.000 -1.993  0.0000          
 2.24636E+09  2.069  3.640  2.078  7.749  5.426  0.982 1.36E-4 1.15E-3 0.0000 0.1841  2.067 0.1830 0.1842  0.000 0.0000 0.0000  0.000 -1.931  0.0000          
 2.24927E+09  2.137  3.635  1.993  7.750  5.451  0.982 1.36E-4 1.15E-3 0.0000 0.1873  2.135 0.1863 0.1874  0.000 0.0000 0.0000  0.000 -1.863  0.0000          
 2.25174E+09  2.198  3.631  1.914  7.753  5.474  0.982 1.36E-4 1.15E-3 0.0000 0.1906  2.196 0.1896 0.1907  0.000 0.0000 0.0000  0.000 -1.802  0.0000          
 2.25390E+09  2.259  3.627  1.836  7.757  5.496  0.982 1.36E-4 1.15E-3 0.0000 0.1938  2.257 0.1929 0.1939  0.000 0.0000 0.0000  0.000 -1.741  0.0000          
 2.25576E+09  2.320  3.622  1.759  7.761  5.516  0.982 1.36E-4 1.15E-3 0.0000 0.1971  2.318 0.1962 0.1971  0.000 0.0000 0.0000  0.000 -1.680  0.0000          
 2.25760E+09  2.384  3.618  1.676  7.766  5.538  0.982 1.36E-4 1.15E-3 0.0000 0.2008  2.382 0.2000 0.2008  0.000 0.0000 0.0000  0.000 -1.616  0.0000          
 2.25918E+09  2.443  3.614  1.601  7.772  5.560  0.982 1.36E-4 1.15E-3 0.0000 0.2044  2.440 0.2037 0.2045  0.000 0.0000 0.0000  0.000 -1.557  0.0000          
 2.26072E+09  2.507  3.609  1.520  7.779  5.582  0.982 1.36E-4 1.15E-3 0.0000 0.2086  2.504 0.2079 0.2086  0.000 0.0000 0.0000  0.000 -1.493  0.0000          
 2.26204E+09  2.572  3.605  1.436  7.786  5.605  0.982 1.36E-4 1.15E-3 0.0000 0.2127  2.569 0.2120 0.2127  0.000 0.0000 0.0000  0.000 -1.428  0.0000          
 2.26317E+09  2.632  3.599  1.355  7.794  5.626  0.982 1.36E-4 1.15E-3 0.0000 0.2167  2.629 0.2161 0.2168  0.000 0.0000 0.0000  0.000 -1.368  0.0000          
 2.26416E+09  2.690  3.594  1.275  7.801  5.646  0.982 1.36E-4 1.15E-3 0.0000 0.2208  2.688 0.2203 0.2209  0.000 0.0000 0.0000  0.000 -1.310  0.0024          
 2.26511E+09  2.749  3.589  1.197  7.810  5.668  0.982 1.36E-4 1.15E-3 0.0000 0.2253  2.746 0.2248 0.2254  0.000 0.0000 0.0000  0.000 -1.251  0.0131          
 2.26603E+09  2.807  3.585  1.120  7.819  5.692  0.982 1.36E-4 1.15E-3 0.0000 0.2303  2.804 0.2298 0.2304  0.000 0.0000 0.0000  0.000 -1.193  0.0260          
 2.26668E+09  2.865  3.581  1.046  7.827  5.711  0.982 1.36E-4 1.15E-3 0.0000 0.2344  2.863 0.2339 0.2344  0.000 0.0000 0.0000  0.000 -1.135  0.0360          
 2.26745E+09  2.923  3.576  0.968  7.837  5.735  0.982 1.36E-4 1.15E-3 0.0000 0.2398  2.917 0.2394 0.2399  0.000 0.0000 0.0000  0.000 -0.776  0.0509          
 2.26806E+09  2.981  3.571  0.890  7.847  5.757  0.982 1.36E-4 1.15E-3 0.0000 0.2448  2.978 0.2443 0.2448  0.000 0.0000 0.0000  0.000 -0.717  0.0628          
 2.26868E+09  3.044  3.565  0.803  7.857  5.782  0.982 1.36E-4 1.15E-3 0.0000 0.2506  3.028 0.2502 0.2506  0.000 0.0000 0.0000  0.000 -0.655  0.0741          
 2.26919E+09  3.098  3.557  0.720  7.867  5.805  0.982 1.36E-4 1.15E-3 0.0000 0.2560  3.087 0.2556 0.2560  0.000 0.0000 0.0000  0.000 -0.601  0.0851          
 2.26968E+09  3.156  3.553  0.646  7.877  5.829  0.982 1.36E-4 1.15E-3 0.0000 0.2618  3.139 0.2614 0.2618  0.000 0.0000 0.0000  0.000 -0.543  0.0967          
 2.27015E+09  3.212  3.548  0.568  7.888  5.855  0.982 1.36E-4 1.15E-3 0.0000 0.2682  3.205 0.2678 0.2682  0.000 0.0000 0.0947  0.000 -0.487  0.1095          
 2.27057E+09  3.266  3.540  0.484  7.898  5.879  0.982 1.36E-4 1.15E-3 0.0000 0.2745  3.249 0.2742 0.2745 -0.035 0.0000 0.1579  0.000 -0.257  0.1027          
 2.27076E+09  3.292  3.538  0.449  7.900  5.887  0.982 1.36E-4 1.15E-3 0.0000 0.2778  3.277 0.2776 0.2779  1.195 0.0000 0.1725  0.000 -0.231  0.0515  F       
