#n   age/yr      logL   logTef grav    logTc  logrho Xc     Yc     Xc_C   Xc_O   Q_conv Q_disc L_H/L Q1_H Q2_H L_He/L Q1_He Q2_He L_C/L L_nu/L Q_Tmax phase
#(1) (2)         (3)    (4)    (5)     (6)    (7)    (8)    (9)    (10)   (11)   (12)   (13)   (14) (15)  (16) (17)   (18)  (19)  (20)  (21)   (22)   (23) 
  1 0.000000e+00 3.3217 4.4051 4.5278  7.5281 1.3310 0.7361 0.2629 0.0000 0.0002 0.378 0.383  1.010 0.000 0.333 0.000 0.000 0.000 0.000 0.000 0.000 bms
  2 5.043748e+06 3.3485 4.3997 4.4794  7.5240 1.3034 0.6962 0.3028 0.0000 0.0000 0.366 0.384  1.002 0.000 0.320 0.000 0.000 0.000 0.000 0.000 0.000 
  3 1.111047e+07 3.3897 4.3977 4.4302  7.5305 1.3004 0.6351 0.3639 0.0000 0.0000 0.346 0.384  1.002 0.000 0.308 0.000 0.000 0.000 0.000 0.000 0.000 
  4 1.639628e+07 3.4269 4.3950 4.3822  7.5367 1.2994 0.5789 0.4202 0.0000 0.0000 0.326 0.384  1.002 0.000 0.296 0.000 0.000 0.000 0.000 0.000 0.000 
  5 2.097988e+07 3.4655 4.3911 4.3280  7.5437 1.2998 0.5179 0.4812 0.0000 0.0000 0.308 0.394  1.002 0.000 0.284 0.000 0.000 0.000 0.000 0.000 0.000 
  6 2.490716e+07 3.5002 4.3864 4.2745  7.5505 1.3020 0.4603 0.5388 0.0000 0.0000 0.295 0.413  1.002 0.000 0.272 0.000 0.000 0.000 0.000 0.000 0.000 
  7 2.819914e+07 3.5354 4.3804 4.2153  7.5578 1.3070 0.4009 0.5981 0.0000 0.0000 0.276 0.419  1.002 0.000 0.259 0.000 0.000 0.000 0.000 0.000 0.000 
  8 3.094421e+07 3.5682 4.3734 4.1545  7.5654 1.3155 0.3439 0.6551 0.0000 0.0000 0.257 0.425  1.002 0.000 0.246 0.000 0.000 0.000 0.000 0.000 0.000 
  9 3.326798e+07 3.5970 4.3658 4.0953  7.5732 1.3258 0.2907 0.7083 0.0000 0.0000 0.244 0.432  1.002 0.000 0.233 0.000 0.000 0.000 0.000 0.000 0.000 
 10 3.519701e+07 3.6209 4.3584 4.0418  7.5804 1.3377 0.2458 0.7532 0.0000 0.0000 0.233 0.432  1.002 0.000 0.223 0.000 0.000 0.000 0.000 0.000 0.000 
 11 3.680263e+07 3.6455 4.3497 3.9824  7.5889 1.3545 0.1986 0.8005 0.0000 0.0000 0.219 0.432  1.003 0.000 0.211 0.000 0.000 0.000 0.000 0.000 0.000 
 12 3.816866e+07 3.6672 4.3410 3.9259  7.5980 1.3748 0.1556 0.8434 0.0000 0.0000 0.207 0.432  1.003 0.000 0.200 0.000 0.000 0.000 0.000 0.000 0.000 
 13 3.934850e+07 3.6874 4.3321 3.8701  7.6086 1.4008 0.1145 0.8846 0.0000 0.0000 0.196 0.438  1.003 0.000 0.190 0.000 0.000 0.000 0.000 0.000 0.000 
 14 4.043697e+07 3.7081 4.3232 3.8138  7.6231 1.4399 0.0722 0.9268 0.0000 0.0000 0.183 0.438  1.003 0.000 0.180 0.000 0.000 0.000 0.000 0.000 0.000 
 15 4.131836e+07 3.7276 4.3182 3.7743  7.6453 1.5035 0.0337 0.9653 0.0000 0.0000 0.173 0.438  1.001 0.000 0.171 0.000 0.000 0.000 0.000 0.000 0.000 tminms
 16 4.184587e+07 3.7449 4.3268 3.7914  7.6828 1.6162 0.0085 0.9906 0.0000 0.0000 0.164 0.438  0.988 0.166 0.233 0.000 0.000 0.000 0.000 0.000 0.000 
 17 4.194646e+07 3.7525 4.3359 3.8202  7.7039 1.6825 0.0038 0.9953 0.0000 0.0000 0.160 0.438  0.968 0.000 0.257 0.000 0.000 0.000 0.000 0.000 0.000 
 18 4.198902e+07 3.7626 4.3459 3.8501  7.7269 1.7587 0.0015 0.9975 0.0000 0.0000 0.153 0.438  0.921 0.000 0.282 0.000 0.000 0.000 0.000 0.000 0.000 
 19 4.200977e+07 3.7771 4.3564 3.8776  7.7550 1.8649 0.0004 0.9986 0.0000 0.0000 0.134 0.438  0.810 0.000 0.318 0.000 0.000 0.000 0.000 0.000 0.000 
 20 4.202380e+07 3.7889 4.3637 3.8950  7.7909 2.1275 0.0000 0.9990 0.0000 0.0000 0.000 0.438  0.912 0.000 0.381 0.000 0.000 0.000 0.000 0.000 0.000 tmaxlms
 21 4.202988e+07 3.7679 4.3555 3.8832  7.7858 2.2805 0.0000 0.9990 0.0000 0.0000 0.000 0.438  1.219 0.043 0.354 0.000 0.000 0.000 0.000 0.000 0.000 
 22 4.203406e+07 3.7557 4.3472 3.8622  7.7877 2.3555 0.0000 0.9990 0.0000 0.0000 0.000 0.438  1.245 0.053 0.347 0.000 0.000 0.000 0.000 0.000 0.000 
 23 4.203583e+07 3.7532 4.3424 3.8455  7.7900 2.3938 0.0000 0.9990 0.0000 0.0000 0.000 0.438  1.248 0.060 0.343 0.000 0.000 0.000 0.000 0.000 0.000 lminsgb
 24 4.204009e+07 3.7573 4.3332 3.8046  7.7954 2.4612 0.0000 0.9990 0.0000 0.0000 0.000 0.438  1.243 0.063 0.331 0.000 0.000 0.000 0.000 0.000 0.000 
 25 4.204441e+07 3.7722 4.3217 3.7437  7.8038 2.5420 0.0000 0.9990 0.0000 0.0000 0.000 0.438  1.221 0.074 0.323 0.000 0.000 0.000 0.000 0.000 0.000 
 26 4.204888e+07 3.7852 4.3131 3.6963  7.8109 2.6000 0.0000 0.9990 0.0000 0.0000 0.000 0.438  1.204 0.081 0.312 0.000 0.000 0.000 0.000 0.000 0.000 
 27 4.205350e+07 3.7976 4.3040 3.6475  7.8189 2.6579 0.0000 0.9990 0.0000 0.0000 0.000 0.438  1.187 0.085 0.308 0.000 0.000 0.000 0.000 0.000 0.000 
 28 4.205819e+07 3.8087 4.2943 3.5976  7.8276 2.7160 0.0000 0.9990 0.0000 0.0000 0.000 0.438  1.174 0.092 0.300 0.000 0.000 0.000 0.000 0.000 0.000 
 29 4.206292e+07 3.8183 4.2840 3.5468  7.8372 2.7744 0.0000 0.9990 0.0000 0.0000 0.000 0.438  1.163 0.099 0.291 0.000 0.000 0.000 0.000 0.000 0.000 
 30 4.206768e+07 3.8268 4.2731 3.4947  7.8477 2.8330 0.0000 0.9990 0.0000 0.0000 0.000 0.438  1.153 0.102 0.287 0.000 0.000 0.000 0.000 0.000 0.000 
 31 4.207232e+07 3.8307 4.2673 3.4676  7.8533 2.8622 0.0000 0.9990 0.0000 0.0000 0.000 0.438  1.149 0.105 0.282 0.000 0.000 0.000 0.000 0.000 0.000 
 32 4.207690e+07 3.8377 4.2552 3.4122  7.8651 2.9211 0.0000 0.9990 0.0000 0.0000 0.000 0.438  1.141 0.111 0.275 0.000 0.000 0.000 0.000 0.000 0.000 
 33 4.208138e+07 3.8440 4.2421 3.3535  7.8778 2.9800 0.0000 0.9990 0.0000 0.0000 0.000 0.438  1.136 0.118 0.267 0.000 0.000 0.000 0.000 0.000 0.000 
 34 4.208566e+07 3.8469 4.2351 3.3226  7.8845 3.0095 0.0000 0.9990 0.0000 0.0000 0.000 0.438  1.133 0.119 0.265 0.000 0.000 0.000 0.000 0.000 0.000 
 35 4.208984e+07 3.8496 4.2279 3.2911  7.8914 3.0391 0.0000 0.9990 0.0000 0.0000 0.000 0.438  1.131 0.123 0.263 0.000 0.000 0.000 0.000 0.000 0.000 
 36 4.209383e+07 3.8546 4.2125 3.2245  7.9057 3.0983 0.0000 0.9990 0.0000 0.0000 0.000 0.438  1.128 0.128 0.258 0.000 0.000 0.000 0.000 0.000 0.000 
 37 4.209764e+07 3.8568 4.2042 3.1891  7.9132 3.1279 0.0000 0.9990 0.0000 0.0000 0.000 0.438  1.127 0.129 0.254 0.000 0.000 0.000 0.000 0.000 0.000 
 38 4.210130e+07 3.8589 4.1955 3.1522  7.9209 3.1576 0.0000 0.9990 0.0000 0.0000 0.000 0.438  1.126 0.133 0.252 0.000 0.000 0.000 0.000 0.000 0.000 
 39 4.210480e+07 3.8608 4.1864 3.1139  7.9288 3.1874 0.0000 0.9990 0.0000 0.0000 0.000 0.438  1.125 0.135 0.248 0.000 0.000 0.000 0.000 0.000 0.000 
 40 4.210817e+07 3.8632 4.1726 3.0563  7.9403 3.2297 0.0000 0.9990 0.0000 0.0000 0.000 0.438  1.125 0.138 0.245 0.000 0.000 0.000 0.000 0.000 0.000 
 41 4.211137e+07 3.8648 4.1600 3.0043  7.9505 3.2660 0.0000 0.9990 0.0000 0.0000 0.000 0.438  1.126 0.142 0.243 0.000 0.000 0.000 0.000 0.000 0.000 
 42 4.211440e+07 3.8656 4.1520 2.9715  7.9566 3.2876 0.0000 0.9990 0.0000 0.0000 0.000 0.438  1.126 0.142 0.241 0.000 0.000 0.000 0.000 0.000 0.000 
 43 4.211729e+07 3.8665 4.1416 2.9290  7.9644 3.3144 0.0000 0.9990 0.0000 0.0000 0.000 0.438  1.127 0.146 0.240 0.000 0.000 0.000 0.000 0.000 0.000 
 44 4.212002e+07 3.8671 4.1309 2.8856  7.9721 3.3404 0.0000 0.9990 0.0000 0.0000 0.000 0.438  1.130 0.147 0.238 0.000 0.000 0.000 0.000 0.000 0.000 
 45 4.212255e+07 3.8675 4.1197 2.8404  7.9797 3.3660 0.0000 0.9990 0.0000 0.0000 0.000 0.438  1.131 0.148 0.235 0.000 0.000 0.000 0.000 0.000 0.000 
 46 4.212500e+07 3.8677 4.1108 2.8046  7.9855 3.3851 0.0000 0.9990 0.0000 0.0000 0.000 0.438  1.131 0.151 0.234 0.000 0.000 0.000 0.000 0.000 0.000 
 47 4.212518e+07 3.8677 4.1108 2.8046  7.9855 3.3851 0.0000 0.9990 0.0000 0.0000 0.000 0.438  1.131 0.151 0.234 0.000 0.000 0.000 0.000 0.000 0.000 lmaxsgb
 48 4.212748e+07 3.8677 4.0983 2.7546  7.9933 3.4105 0.0000 0.9990 0.0000 0.0000 0.000 0.438  1.133 0.152 0.232 0.000 0.000 0.000 0.000 0.000 0.000 
 49 4.212969e+07 3.8676 4.0884 2.7151  7.9993 3.4296 0.0000 0.9990 0.0000 0.0000 0.000 0.438  1.135 0.154 0.231 0.000 0.000 0.000 0.000 0.000 0.000 
 50 4.213171e+07 3.8673 4.0778 2.6730  8.0053 3.4486 0.0000 0.9990 0.0000 0.0000 0.000 0.438  1.137 0.154 0.230 0.000 0.000 0.000 0.000 0.000 0.000 
 51 4.213369e+07 3.8670 4.0704 2.6437  8.0093 3.4614 0.0000 0.9990 0.0000 0.0000 0.000 0.438  1.138 0.155 0.229 0.000 0.000 0.000 0.000 0.000 0.000 
 52 4.213555e+07 3.8664 4.0587 2.5975  8.0154 3.4805 0.0000 0.9990 0.0000 0.0000 0.000 0.438  1.141 0.155 0.228 0.000 0.000 0.001 0.000 0.000 0.000 
 53 4.213731e+07 3.8659 4.0504 2.5648  8.0196 3.4933 0.0000 0.9990 0.0000 0.0000 0.000 0.438  1.144 0.157 0.227 0.000 0.000 0.002 0.000 0.000 0.000 
 54 4.213899e+07 3.8648 4.0372 2.5131  8.0258 3.5126 0.0000 0.9990 0.0000 0.0000 0.000 0.438  1.147 0.158 0.226 0.000 0.000 0.003 0.000 0.000 0.000 
 55 4.214058e+07 3.8640 4.0279 2.4767  8.0300 3.5254 0.0000 0.9990 0.0000 0.0000 0.000 0.438  1.150 0.158 0.225 0.000 0.000 0.004 0.000 0.000 0.000 
 56 4.214208e+07 3.8630 4.0180 2.4381  8.0343 3.5383 0.0000 0.9990 0.0000 0.0000 0.000 0.438  1.153 0.160 0.224 0.000 0.000 0.006 0.000 0.000 0.000 
 57 4.214348e+07 3.8618 4.0076 2.3977  8.0386 3.5513 0.0000 0.9990 0.0000 0.0000 0.000 0.435  1.156 0.160 0.224 0.000 0.000 0.007 0.000 0.000 0.000 
 58 4.214484e+07 3.8605 3.9965 2.3546  8.0429 3.5642 0.0000 0.9990 0.0000 0.0000 0.000 0.435  1.160 0.161 0.223 0.000 0.000 0.009 0.000 0.000 0.000 
 59 4.214613e+07 3.8597 3.9907 2.3322  8.0451 3.5707 0.0000 0.9990 0.0000 0.0000 0.000 0.435  1.162 0.161 0.222 0.000 0.000 0.011 0.000 0.000 0.000 
 60 4.214735e+07 3.8581 3.9786 2.2854  8.0495 3.5837 0.0000 0.9990 0.0000 0.0000 0.000 0.435  1.167 0.161 0.221 0.000 0.000 0.011 0.000 0.000 0.000 
 61 4.214852e+07 3.8561 3.9656 2.2354  8.0539 3.5967 0.0000 0.9990 0.0000 0.0000 0.000 0.435  1.171 0.162 0.221 0.000 0.000 0.014 0.000 0.000 0.000 
 62 4.214962e+07 3.8551 3.9588 2.2092  8.0562 3.6032 0.0000 0.9990 0.0000 0.0000 0.000 0.435  1.175 0.162 0.221 0.000 0.000 0.014 0.000 0.000 0.000 
 63 4.215066e+07 3.8539 3.9517 2.1820  8.0584 3.6097 0.0000 0.9990 0.0000 0.0000 0.000 0.435  1.177 0.163 0.221 0.000 0.000 0.016 0.000 0.000 0.000 
 64 4.215167e+07 3.8513 3.9369 2.1254  8.0630 3.6227 0.0000 0.9990 0.0001 0.0000 0.000 0.435  1.184 0.164 0.220 0.000 0.000 0.019 0.000 0.000 0.000 
 65 4.215264e+07 3.8499 3.9291 2.0956  8.0653 3.6291 0.0000 0.9990 0.0001 0.0000 0.000 0.435  1.187 0.164 0.220 0.000 0.000 0.019 0.000 0.000 0.000 
 66 4.215356e+07 3.8484 3.9210 2.0647  8.0676 3.6355 0.0000 0.9990 0.0001 0.0000 0.000 0.435  1.191 0.164 0.219 0.000 0.000 0.019 0.000 0.000 0.000 
 67 4.215444e+07 3.8467 3.9126 2.0328  8.0700 3.6419 0.0000 0.9990 0.0001 0.0000 0.000 0.435  1.195 0.165 0.219 0.000 0.000 0.022 0.000 0.000 0.000 
 68 4.215528e+07 3.8430 3.8946 1.9645  8.0747 3.6546 0.0000 0.9989 0.0001 0.0000 0.000 0.435  1.204 0.166 0.218 0.001 0.000 0.022 0.000 0.000 0.000 
 69 4.215605e+07 3.8408 3.8850 1.9283  8.0772 3.6608 0.0000 0.9989 0.0001 0.0000 0.000 0.435  1.209 0.166 0.218 0.001 0.000 0.026 0.000 0.000 0.000 
 70 4.215681e+07 3.8383 3.8739 1.8864  8.0799 3.6676 0.0000 0.9989 0.0002 0.0000 0.000 0.435  1.215 0.166 0.217 0.001 0.000 0.026 0.000 0.000 0.000 
 71 4.215754e+07 3.8362 3.8652 1.8537  8.0821 3.6727 0.0000 0.9988 0.0002 0.0000 0.000 0.435  1.221 0.167 0.217 0.001 0.000 0.026 0.000 0.000 0.000 
 72 4.215824e+07 3.8338 3.8554 1.8169  8.0844 3.6781 0.0000 0.9988 0.0002 0.0000 0.000 0.435  1.227 0.167 0.217 0.001 0.000 0.026 0.000 0.000 0.000 
 73 4.215890e+07 3.8310 3.8446 1.7765  8.0869 3.6835 0.0000 0.9988 0.0003 0.0000 0.000 0.435  1.233 0.167 0.217 0.002 0.000 0.026 0.000 0.000 0.000 
 74 4.215953e+07 3.8285 3.8351 1.7410  8.0891 3.6881 0.0000 0.9987 0.0004 0.0000 0.000 0.435  1.239 0.168 0.217 0.002 0.000 0.026 0.000 0.000 0.000 
 75 4.216012e+07 3.8250 3.8229 1.6957  8.0919 3.6933 0.0000 0.9986 0.0004 0.0000 0.000 0.435  1.248 0.168 0.217 0.003 0.000 0.026 0.000 0.000 0.000 
 76 4.216069e+07 3.8229 3.8155 1.6682  8.0935 3.6963 0.0000 0.9986 0.0005 0.0000 0.000 0.435  1.253 0.168 0.216 0.003 0.000 0.026 0.000 0.000 0.000 
 77 4.216122e+07 3.8203 3.8071 1.6372  8.0954 3.6994 0.0000 0.9985 0.0006 0.0000 0.000 0.435  1.259 0.168 0.216 0.003 0.000 0.026 0.000 0.000 0.000 
 78 4.216173e+07 3.8157 3.7926 1.5838  8.0984 3.7039 0.0000 0.9984 0.0006 0.0000 0.000 0.435  1.273 0.169 0.216 0.004 0.000 0.024 0.000 0.000 0.000 
 79 4.216224e+07 3.8125 3.7837 1.5514  8.1003 3.7068 0.0000 0.9983 0.0007 0.0000 0.000 0.435  1.280 0.169 0.216 0.005 0.000 0.024 0.000 0.000 0.000 
 80 4.216272e+07 3.8084 3.7722 1.5095  8.1027 3.7101 0.0000 0.9983 0.0008 0.0000 0.001 0.435  1.290 0.169 0.215 0.006 0.000 0.024 0.000 0.000 0.000 
 81 4.216319e+07 3.8053 3.7644 1.4814  8.1044 3.7123 0.0000 0.9982 0.0008 0.0000 0.001 0.435  1.298 0.169 0.215 0.007 0.000 0.024 0.000 0.000 0.000 
 82 4.216365e+07 3.8013 3.7547 1.4466  8.1063 3.7147 0.0000 0.9982 0.0008 0.0000 0.001 0.435  1.308 0.170 0.215 0.008 0.000 0.024 0.000 0.000 0.000 
 83 4.216411e+07 3.7958 3.7429 1.4049  8.1087 3.7176 0.0000 0.9981 0.0010 0.0000 0.002 0.435  1.321 0.170 0.215 0.010 0.000 0.024 0.000 0.000 0.000 
 84 4.216460e+07 3.7922 3.7362 1.3817  8.1101 3.7192 0.0000 0.9981 0.0010 0.0000 0.002 0.435  1.331 0.170 0.215 0.011 0.000 0.024 0.000 0.000 0.000 
 85 4.216518e+07 3.7828 3.7231 1.3387  8.1134 3.7227 0.0000 0.9979 0.0011 0.0000 0.003 0.435  1.356 0.170 0.214 0.014 0.000 0.023 0.000 0.000 0.000 
 86 4.216590e+07 3.7685 3.7111 1.3050  8.1173 3.7263 0.0000 0.9978 0.0012 0.0000 0.004 0.435  1.394 0.170 0.214 0.019 0.000 0.023 0.000 0.000 0.000 
 87 4.216696e+07 3.7485 3.7024 1.2902  8.1220 3.7298 0.0000 0.9978 0.0013 0.0000 0.006 0.435  1.450 0.171 0.214 0.029 0.000 0.022 0.000 0.000 0.000 
 88 4.216824e+07 3.7268 3.6949 1.2819  8.1271 3.7323 0.0000 0.9976 0.0014 0.0000 0.009 0.435  1.508 0.171 0.213 0.045 0.000 0.022 0.000 0.000 0.000 
 89 4.216924e+07 3.7137 3.6880 1.2674  8.1322 3.7330 0.0000 0.9974 0.0016 0.0000 0.013 0.435  1.533 0.172 0.213 0.068 0.000 0.022 0.000 0.000 0.000 brgb
 90 4.217067e+07 3.7346 3.6796 1.2129  8.1376 3.7310 0.0000 0.9972 0.0018 0.0000 0.017 0.435  1.436 0.172 0.212 0.096 0.000 0.021 0.000 0.000 0.000 
 91 4.217147e+07 3.7712 3.6746 1.1563  8.1404 3.7283 0.0000 0.9970 0.0020 0.0000 0.020 0.435  1.310 0.172 0.212 0.107 0.000 0.021 0.000 0.000 0.000 
 92 4.217215e+07 3.7712 3.6746 1.1563  8.1404 3.7283 0.0000 0.9970 0.0020 0.0000 0.020 0.435  1.310 0.172 0.212 0.107 0.000 0.021 0.000 0.000 0.000 
 93 4.217290e+07 3.8204 3.6694 1.0863  8.1430 3.7243 0.0000 0.9969 0.0022 0.0000 0.024 0.432  1.164 0.173 0.212 0.114 0.000 0.022 0.000 0.000 0.000 
 94 4.217385e+07 3.8683 3.6648 1.0200  8.1453 3.7189 0.0000 0.9967 0.0023 0.0000 0.027 0.428  1.042 0.173 0.212 0.119 0.000 0.022 0.000 0.000 0.000 
 95 4.217542e+07 3.9017 3.6622 0.9762  8.1472 3.7128 0.0000 0.9965 0.0025 0.0000 0.031 0.422  0.969 0.174 0.212 0.123 0.000 0.022 0.000 0.000 0.000 
 96 4.218577e+07 3.9608 3.6566 0.8947  8.1522 3.6528 0.0000 0.9940 0.0050 0.0000 0.053 0.401  0.883 0.177 0.212 0.123 0.000 0.025 0.000 0.000 0.000 
 97 4.219579e+07 3.9662 3.6561 0.8873  8.1518 3.6234 0.0000 0.9918 0.0072 0.0000 0.059 0.395  0.891 0.180 0.214 0.105 0.000 0.026 0.000 0.000 0.000 trgb
 98 4.253612e+07 3.9341 3.6611 0.9394  8.1628 3.5147 0.0000 0.9319 0.0662 0.0007 0.085 0.395  0.856 0.209 0.241 0.139 0.000 0.032 0.000 0.000 0.000 
 99 4.300243e+07 3.9109 3.6684 0.9912  8.1752 3.4620 0.0000 0.8317 0.1627 0.0045 0.098 0.396  0.789 0.230 0.262 0.206 0.000 0.037 0.000 0.000 0.000 lmincheb
100 4.314606e+07 3.9239 3.6766 1.0110  8.1789 3.4511 0.0000 0.7958 0.1964 0.0067 0.102 0.396  0.766 0.235 0.268 0.218 0.000 0.039 0.000 0.000 0.000 
101 4.316710e+07 3.9341 3.6813 1.0196  8.1792 3.4502 0.0000 0.7916 0.2003 0.0070 0.102 0.396  0.759 0.236 0.269 0.214 0.000 0.039 0.000 0.000 0.000 
102 4.317715e+07 3.9509 3.6893 1.0348  8.1795 3.4495 0.0000 0.7886 0.2030 0.0072 0.102 0.396  0.749 0.236 0.269 0.207 0.000 0.039 0.000 0.000 0.000 
103 4.318353e+07 3.9663 3.7063 1.0874  8.1798 3.4489 0.0000 0.7854 0.2060 0.0075 0.103 0.396  0.745 0.236 0.270 0.200 0.000 0.039 0.000 0.000 0.000 
104 4.318738e+07 3.9687 3.7147 1.1186  8.1798 3.4488 0.0000 0.7845 0.2068 0.0075 0.103 0.396  0.747 0.236 0.270 0.199 0.000 0.039 0.000 0.000 0.000 
105 4.319037e+07 3.9701 3.7237 1.1532  8.1799 3.4488 0.0000 0.7838 0.2075 0.0076 0.103 0.396  0.749 0.236 0.271 0.199 0.000 0.039 0.000 0.000 0.000 
106 4.319312e+07 3.9712 3.7361 1.2017  8.1799 3.4487 0.0000 0.7829 0.2084 0.0076 0.103 0.396  0.753 0.237 0.271 0.199 0.000 0.039 0.000 0.000 0.000 
107 4.319588e+07 3.9716 3.7434 1.2305  8.1800 3.4486 0.0000 0.7823 0.2088 0.0077 0.103 0.396  0.755 0.237 0.271 0.199 0.000 0.039 0.000 0.000 0.000 
108 4.319886e+07 3.9720 3.7511 1.2609  8.1800 3.4486 0.0000 0.7818 0.2094 0.0077 0.103 0.396  0.758 0.237 0.271 0.199 0.000 0.039 0.000 0.000 0.000 
109 4.320218e+07 3.9723 3.7670 1.3242  8.1801 3.4484 0.0000 0.7805 0.2105 0.0078 0.103 0.396  0.763 0.237 0.271 0.199 0.000 0.039 0.000 0.000 0.000 
110 4.320598e+07 3.9724 3.7750 1.3561  8.1802 3.4483 0.0000 0.7798 0.2112 0.0079 0.103 0.396  0.766 0.237 0.271 0.199 0.000 0.040 0.000 0.000 0.000 
111 4.321028e+07 3.9724 3.7828 1.3873  8.1803 3.4482 0.0000 0.7791 0.2119 0.0079 0.103 0.396  0.769 0.237 0.272 0.200 0.000 0.040 0.000 0.000 0.000 
112 4.321563e+07 3.9723 3.7976 1.4466  8.1805 3.4479 0.0000 0.7772 0.2136 0.0081 0.103 0.396  0.775 0.238 0.272 0.201 0.000 0.040 0.000 0.000 0.000 
113 4.322242e+07 3.9723 3.8044 1.4738  8.1806 3.4477 0.0000 0.7761 0.2146 0.0081 0.103 0.396  0.777 0.238 0.272 0.201 0.000 0.040 0.000 0.000 0.000 
114 4.323137e+07 3.9724 3.8166 1.5225  8.1808 3.4472 0.0000 0.7735 0.2170 0.0083 0.103 0.396  0.782 0.238 0.273 0.202 0.000 0.040 0.000 0.000 0.000 
115 4.324329e+07 3.9728 3.8273 1.5649  8.1812 3.4467 0.0000 0.7704 0.2199 0.0086 0.103 0.396  0.784 0.238 0.273 0.203 0.000 0.040 0.000 0.000 0.000 
116 4.325898e+07 3.9736 3.8371 1.6033  8.1815 3.4460 0.0000 0.7665 0.2234 0.0089 0.103 0.396  0.785 0.239 0.274 0.205 0.000 0.040 0.000 0.000 0.000 
117 4.327852e+07 3.9747 3.8466 1.6402  8.1820 3.4451 0.0000 0.7619 0.2277 0.0092 0.103 0.396  0.785 0.239 0.274 0.206 0.000 0.040 0.000 0.000 0.000 
118 4.330184e+07 3.9760 3.8561 1.6769  8.1825 3.4437 0.0000 0.7570 0.2322 0.0097 0.104 0.396  0.784 0.240 0.275 0.208 0.000 0.041 0.000 0.000 0.000 
119 4.332829e+07 3.9776 3.8662 1.7157  8.1832 3.4419 0.0000 0.7510 0.2377 0.0102 0.105 0.396  0.783 0.241 0.276 0.211 0.000 0.041 0.000 0.000 0.000 
120 4.335635e+07 3.9795 3.8773 1.7582  8.1840 3.4399 0.0000 0.7434 0.2445 0.0109 0.106 0.396  0.781 0.242 0.277 0.213 0.000 0.041 0.000 0.000 0.000 
121 4.338729e+07 3.9812 3.8867 1.7941  8.1847 3.4382 0.0000 0.7368 0.2506 0.0115 0.106 0.396  0.778 0.243 0.278 0.215 0.000 0.042 0.000 0.000 0.000 
122 4.342113e+07 3.9834 3.8992 1.8419  8.1858 3.4359 0.0000 0.7263 0.2600 0.0125 0.107 0.396  0.775 0.244 0.280 0.219 0.000 0.042 0.000 0.000 0.000 
123 4.345765e+07 3.9855 3.9102 1.8838  8.1868 3.4336 0.0000 0.7164 0.2689 0.0136 0.108 0.396  0.772 0.245 0.282 0.223 0.000 0.043 0.000 0.000 0.000 
124 4.349694e+07 3.9878 3.9214 1.9263  8.1879 3.4312 0.0000 0.7056 0.2785 0.0147 0.109 0.396  0.768 0.246 0.283 0.227 0.000 0.043 0.000 0.000 0.000 
125 4.353874e+07 3.9898 3.9315 1.9647  8.1890 3.4290 0.0000 0.6948 0.2881 0.0160 0.110 0.396  0.765 0.248 0.284 0.231 0.000 0.043 0.000 0.000 0.000 
126 4.358328e+07 3.9918 3.9410 2.0007  8.1902 3.4268 0.0000 0.6841 0.2975 0.0173 0.111 0.396  0.761 0.249 0.286 0.235 0.000 0.043 0.000 0.000 0.000 
127 4.363061e+07 3.9936 3.9498 2.0341  8.1913 3.4247 0.0000 0.6735 0.3068 0.0186 0.113 0.396  0.757 0.250 0.287 0.239 0.000 0.044 0.000 0.000 0.000 
128 4.368029e+07 3.9959 3.9607 2.0754  8.1928 3.4223 0.0000 0.6594 0.3190 0.0204 0.114 0.396  0.752 0.252 0.289 0.244 0.000 0.045 0.000 0.000 0.000 
129 4.373205e+07 3.9981 3.9709 2.1140  8.1942 3.4201 0.0000 0.6455 0.3310 0.0224 0.115 0.396  0.747 0.253 0.291 0.250 0.000 0.045 0.000 0.000 0.000 
130 4.378779e+07 4.0006 3.9825 2.1579  8.1961 3.4176 0.0000 0.6278 0.3461 0.0250 0.117 0.396  0.740 0.255 0.293 0.257 0.000 0.046 0.000 0.000 0.000 
131 4.384753e+07 4.0030 3.9930 2.1975  8.1979 3.4153 0.0000 0.6109 0.3603 0.0277 0.118 0.396  0.734 0.257 0.295 0.263 0.000 0.047 0.000 0.000 0.000 
132 4.391214e+07 4.0053 4.0029 2.2348  8.1998 3.4130 0.0000 0.5934 0.3748 0.0307 0.119 0.396  0.727 0.259 0.297 0.270 0.000 0.048 0.000 0.000 0.000 
133 4.398304e+07 4.0078 4.0132 2.2735  8.2020 3.4109 0.0000 0.5730 0.3915 0.0344 0.121 0.396  0.719 0.261 0.300 0.278 0.000 0.049 0.000 0.000 0.000 
134 4.406284e+07 4.0104 4.0233 2.3107  8.2045 3.4091 0.0000 0.5499 0.4100 0.0390 0.123 0.396  0.710 0.263 0.303 0.288 0.000 0.051 0.000 0.000 0.000 
135 4.415450e+07 4.0131 4.0331 2.3472  8.2075 3.4078 0.0000 0.5233 0.4309 0.0447 0.125 0.396  0.700 0.265 0.305 0.298 0.000 0.053 0.000 0.000 0.000 
136 4.426423e+07 4.0166 4.0441 2.3877  8.2116 3.4067 0.0000 0.4878 0.4577 0.0533 0.127 0.396  0.686 0.268 0.308 0.313 0.000 0.055 0.000 0.000 0.000 
137 4.439489e+07 4.0204 4.0544 2.4251  8.2165 3.4064 0.0000 0.4476 0.4864 0.0648 0.130 0.396  0.670 0.271 0.312 0.331 0.000 0.055 0.000 0.000 0.000 
138 4.454714e+07 4.0246 4.0647 2.4621  8.2226 3.4079 0.0000 0.3997 0.5183 0.0808 0.134 0.396  0.650 0.275 0.316 0.351 0.000 0.060 0.000 0.000 0.000 
139 4.473846e+07 4.0296 4.0746 2.4967  8.2308 3.4128 0.0000 0.3408 0.5528 0.1051 0.138 0.396  0.624 0.279 0.321 0.377 0.000 0.060 0.000 0.000 0.000 
140 4.511119e+07 4.0391 4.0834 2.5224  8.2515 3.4375 0.0000 0.2203 0.5999 0.1785 0.146 0.396  0.568 0.287 0.329 0.433 0.000 0.072 0.000 0.000 0.000 tmaxcheb
141 4.543659e+07 4.0477 4.0737 2.4750  8.2755 3.4800 0.0000 0.1256 0.5900 0.2831 0.153 0.396  0.520 0.293 0.333 0.482 0.000 0.078 0.000 0.000 0.000 
142 4.555460e+07 4.0509 4.0639 2.4326  8.2863 3.5040 0.0000 0.0949 0.5708 0.3331 0.155 0.396  0.503 0.296 0.334 0.499 0.000 0.083 0.000 0.000 0.000 
143 4.563717e+07 4.0533 4.0535 2.3886  8.2956 3.5256 0.0000 0.0736 0.5491 0.3759 0.156 0.396  0.492 0.297 0.334 0.510 0.000 0.083 0.000 0.000 0.000 
144 4.570245e+07 4.0550 4.0448 2.3521  8.3022 3.5418 0.0000 0.0610 0.5308 0.4069 0.157 0.396  0.484 0.298 0.335 0.517 0.000 0.083 0.000 0.000 0.000 
145 4.575306e+07 4.0566 4.0336 2.3057  8.3099 3.5615 0.0000 0.0485 0.5092 0.4410 0.158 0.396  0.477 0.300 0.335 0.524 0.000 0.088 0.000 0.000 0.000 
146 4.578906e+07 4.0574 4.0238 2.2657  8.3159 3.5780 0.0000 0.0399 0.4949 0.4639 0.158 0.396  0.474 0.300 0.335 0.527 0.000 0.088 0.000 0.000 0.000 
147 4.581728e+07 4.0581 4.0133 2.2230  8.3216 3.5939 0.0000 0.0330 0.4818 0.4839 0.158 0.396  0.472 0.301 0.335 0.530 0.000 0.089 0.000 0.001 0.000 
148 4.584056e+07 4.0586 4.0023 2.1785  8.3270 3.6094 0.0000 0.0273 0.4697 0.5017 0.158 0.396  0.470 0.301 0.334 0.532 0.000 0.087 0.000 0.001 0.000 
149 4.585949e+07 4.0588 3.9929 2.1407  8.3312 3.6215 0.0000 0.0234 0.4609 0.5144 0.158 0.396  0.469 0.302 0.334 0.533 0.000 0.087 0.000 0.001 0.000 
150 4.587554e+07 4.0589 3.9833 2.1022  8.3354 3.6335 0.0000 0.0201 0.4529 0.5257 0.158 0.396  0.468 0.302 0.334 0.534 0.000 0.087 0.000 0.001 0.000 
151 4.588336e+07 4.0589 3.9758 2.0722  8.3384 3.6423 0.0000 0.0179 0.4475 0.5333 0.158 0.396  0.468 0.302 0.334 0.534 0.000 0.088 0.000 0.001 0.000 lmaxcheb
152 4.589559e+07 4.0588 3.9678 2.0403  8.3413 3.6511 0.0000 0.0160 0.4425 0.5402 0.158 0.396  0.467 0.302 0.334 0.534 0.000 0.088 0.000 0.001 0.000 
153 4.590622e+07 4.0586 3.9575 1.9993  8.3452 3.6626 0.0000 0.0137 0.4364 0.5485 0.157 0.396  0.468 0.302 0.334 0.534 0.000 0.089 0.000 0.001 0.000 
154 4.591540e+07 4.0583 3.9467 1.9564  8.3488 3.6734 0.0000 0.0119 0.4314 0.5554 0.156 0.396  0.467 0.303 0.333 0.533 0.000 0.089 0.000 0.001 0.000 
155 4.592345e+07 4.0577 3.9365 1.9162  8.3524 3.6845 0.0000 0.0102 0.4267 0.5618 0.155 0.396  0.469 0.303 0.333 0.531 0.000 0.089 0.000 0.001 0.000 
156 4.593006e+07 4.0569 3.9272 1.8798  8.3556 3.6941 0.0000 0.0089 0.4232 0.5666 0.153 0.396  0.470 0.303 0.332 0.530 0.000 0.089 0.000 0.001 0.000 
157 4.593565e+07 4.0561 3.9181 1.8442  8.3585 3.7032 0.0000 0.0079 0.4201 0.5707 0.151 0.396  0.471 0.303 0.332 0.529 0.000 0.089 0.000 0.001 0.000 
158 4.594047e+07 4.0548 3.9050 1.7931  8.3625 3.7154 0.0000 0.0067 0.4166 0.5755 0.150 0.396  0.473 0.303 0.331 0.527 0.000 0.089 0.000 0.001 0.000 
159 4.594472e+07 4.0542 3.8971 1.7621  8.3644 3.7213 0.0000 0.0062 0.4152 0.5773 0.150 0.396  0.473 0.303 0.331 0.532 0.000 0.090 0.000 0.001 0.000 
160 4.594855e+07 4.0533 3.8874 1.7242  8.3671 3.7296 0.0000 0.0055 0.4131 0.5801 0.149 0.396  0.474 0.303 0.331 0.525 0.000 0.090 0.000 0.001 0.000 
161 4.595190e+07 4.0524 3.8797 1.6943  8.3692 3.7365 0.0000 0.0049 0.4115 0.5823 0.148 0.396  0.476 0.303 0.331 0.521 0.000 0.090 0.000 0.001 0.000 
162 4.595493e+07 4.0503 3.8634 1.6312  8.3735 3.7499 0.0000 0.0041 0.4090 0.5856 0.146 0.396  0.479 0.304 0.331 0.519 0.000 0.090 0.000 0.001 0.000 
163 4.595759e+07 4.0490 3.8545 1.5969  8.3758 3.7572 0.0000 0.0036 0.4078 0.5873 0.145 0.396  0.481 0.304 0.331 0.514 0.000 0.090 0.000 0.001 0.000 
164 4.595992e+07 4.0476 3.8464 1.5659  8.3780 3.7642 0.0000 0.0033 0.4066 0.5888 0.144 0.396  0.484 0.304 0.330 0.507 0.000 0.090 0.000 0.001 0.000 
165 4.596206e+07 4.0463 3.8389 1.5372  8.3800 3.7708 0.0000 0.0030 0.4057 0.5900 0.142 0.396  0.486 0.304 0.330 0.501 0.000 0.090 0.000 0.001 0.000 
166 4.596391e+07 4.0433 3.8240 1.4806  8.3840 3.7838 0.0000 0.0024 0.4041 0.5922 0.139 0.396  0.492 0.304 0.330 0.489 0.158 0.159 0.000 0.001 0.000 
167 4.596557e+07 4.0417 3.8166 1.4526  8.3860 3.7901 0.0000 0.0022 0.4034 0.5931 0.138 0.396  0.495 0.304 0.329 0.484 0.158 0.159 0.000 0.001 0.000 
168 4.596711e+07 4.0383 3.8024 1.3992  8.3899 3.8028 0.0000 0.0018 0.4022 0.5947 0.136 0.396  0.502 0.304 0.329 0.469 0.158 0.162 0.000 0.002 0.000 
169 4.596842e+07 4.0365 3.7953 1.3726  8.3917 3.8089 0.0000 0.0016 0.4017 0.5954 0.134 0.396  0.505 0.304 0.329 0.461 0.158 0.163 0.000 0.002 0.000 
170 4.596965e+07 4.0328 3.7820 1.3231  8.3953 3.8208 0.0000 0.0013 0.4008 0.5965 0.131 0.396  0.512 0.304 0.329 0.444 0.158 0.165 0.000 0.002 0.000 
171 4.597073e+07 4.0308 3.7757 1.2999  8.3970 3.8267 0.0000 0.0012 0.4004 0.5970 0.129 0.396  0.516 0.304 0.328 0.435 0.158 0.166 0.000 0.002 0.000 
172 4.597175e+07 4.0270 3.7635 1.2549  8.4004 3.8379 0.0000 0.0010 0.3998 0.5979 0.127 0.396  0.523 0.304 0.328 0.414 0.158 0.168 0.000 0.002 0.000 
173 4.597269e+07 4.0246 3.7566 1.2297  8.4023 3.8444 0.0000 0.0009 0.3995 0.5983 0.124 0.396  0.528 0.304 0.328 0.403 0.158 0.169 0.000 0.002 0.000 
174 4.597355e+07 4.0217 3.7487 1.2010  8.4046 3.8522 0.0000 0.0007 0.3991 0.5988 0.121 0.396  0.533 0.304 0.328 0.388 0.158 0.170 0.000 0.002 0.000 
175 4.597439e+07 4.0179 3.7392 1.1668  8.4074 3.8617 0.0000 0.0006 0.3987 0.5993 0.118 0.396  0.540 0.304 0.328 0.368 0.158 0.172 0.000 0.002 0.000 
176 4.597522e+07 4.0086 3.7209 1.1029  8.4134 3.8827 0.0000 0.0004 0.3981 0.6002 0.111 0.396  0.557 0.304 0.327 0.319 0.158 0.176 0.000 0.003 0.000 
177 4.597617e+07 4.0039 3.7144 1.0816  8.4161 3.8922 0.0000 0.0003 0.3979 0.6005 0.106 0.396  0.566 0.304 0.327 0.294 0.158 0.178 0.000 0.003 0.000 
178 4.597730e+07 3.9910 3.7023 1.0461  8.4229 3.9166 0.0000 0.0002 0.3974 0.6011 0.092 0.396  0.589 0.304 0.327 0.220 0.158 0.183 0.000 0.003 0.000 
179 4.597872e+07 3.9715 3.6928 1.0276  8.4321 3.9513 0.0000 0.0000 0.3970 0.6016 0.067 0.396  0.626 0.304 0.326 0.117 0.158 0.195 0.000 0.004 0.000 
180 4.597979e+07 3.9514 3.6865 1.0225  8.4405 3.9865 0.0000 0.0000 0.3969 0.6018 0.000 0.396  0.651 0.304 0.326 0.056 0.000 0.198 0.000 0.004 0.000 
181 4.598139e+07 3.9248 3.6795 1.0211  8.4497 4.0339 0.0000 0.0000 0.3969 0.6018 0.000 0.396  0.678 0.304 0.325 0.133 0.033 0.200 0.000 0.006 0.000 
182 4.598259e+07 3.9145 3.6748 1.0126  8.4556 4.0637 0.0000 0.0000 0.3969 0.6018 0.000 0.396  0.666 0.304 0.324 0.239 0.039 0.200 0.000 0.006 0.000 lmin1cheb
183 4.598384e+07 3.9317 3.6671 0.9646  8.4611 4.0961 0.0000 0.0000 0.3969 0.6018 0.000 0.396  0.596 0.304 0.324 0.430 0.152 0.200 0.000 0.007 0.000 
184 4.598461e+07 3.9693 3.6617 0.9054  8.4633 4.1143 0.0000 0.0000 0.3969 0.6018 0.000 0.396  0.514 0.304 0.324 0.557 0.153 0.198 0.000 0.006 0.000 
185 4.598533e+07 3.9958 3.6588 0.8673  8.4640 4.1234 0.0000 0.0000 0.3969 0.6018 0.000 0.396  0.467 0.304 0.324 0.618 0.154 0.198 0.000 0.006 0.000 
186 4.598634e+07 4.0447 3.6540 0.7992  8.4643 4.1411 0.0000 0.0000 0.3969 0.6018 0.000 0.396  0.382 0.305 0.324 0.714 0.157 0.198 0.000 0.005 0.000 
187 4.599145e+07 4.0739 3.6517 0.7608  8.4643 4.2108 0.0000 0.0000 0.3969 0.6018 0.000 0.396  0.239 0.305 0.325 0.716 0.153 0.198 0.000 0.005 0.000 lmaxeagb
188 4.600797e+07 4.0477 3.6541 0.7966  8.4840 4.4181 0.0000 0.0000 0.3969 0.6018 0.000 0.396  0.024 0.305 0.324 0.990 0.120 0.198 0.000 0.007 0.000 lmineagb
189 4.601606e+07 4.0772 3.6502 0.7515  8.4964 4.5064 0.0000 0.0000 0.3969 0.6018 0.000 0.396  0.004 0.305 0.323 1.006 0.103 0.198 0.000 0.008 0.000 
190 4.602306e+07 4.1196 3.6456 0.6907  8.5107 4.5950 0.0000 0.0000 0.3969 0.6018 0.000 0.396  0.001 0.305 0.321 0.987 0.103 0.198 0.000 0.009 0.000 
191 4.603138e+07 4.1579 3.6418 0.6372  8.5267 4.6841 0.0000 0.0000 0.3969 0.6018 0.000 0.396  0.000 0.306 0.318 0.971 0.105 0.198 0.000 0.010 0.000 
192 4.604153e+07 4.2013 3.6382 0.5794  8.5498 4.8035 0.0000 0.0000 0.3969 0.6018 0.000 0.382  0.000 0.307 0.315 0.959 0.111 0.196 0.000 0.013 0.000 
193 4.605309e+07 4.2386 3.6345 0.5273  8.5743 4.9239 0.0000 0.0000 0.3969 0.6018 0.000 0.366  0.000 0.310 0.310 0.952 0.118 0.196 0.000 0.019 0.000 
194 4.606618e+07 4.2791 3.6312 0.4736  8.6052 5.0760 0.0000 0.0000 0.3969 0.6018 0.000 0.352  0.000 0.000 0.000 0.946 0.128 0.196 0.000 0.030 0.000 
195 4.608024e+07 4.3135 3.6285 0.4284  8.6345 5.2300 0.0000 0.0000 0.3969 0.6018 0.000 0.341  0.000 0.000 0.000 0.943 0.136 0.195 0.000 0.049 0.000 
196 4.609408e+07 4.3567 3.6245 0.3692  8.6748 5.4740 0.0000 0.0000 0.3969 0.6018 0.000 0.331  0.000 0.000 0.000 0.932 0.149 0.194 0.000 0.105 0.000 
197 4.610636e+07 4.3955 3.6212 0.3172  8.7155 5.7613 0.0000 0.0000 0.3969 0.6018 0.000 0.323  0.000 0.000 0.000 0.916 0.159 0.192 0.003 0.257 0.000 1sttp
