#n   age/yr      logL   logTef grav    logTc  logrho Xc     Yc     Xc_C   Xc_O   Q_conv Q_disc L_H/L Q1_H Q2_H L_He/L Q1_He Q2_He L_C/L L_nu/L Q_Tmax phase
#(1) (2)         (3)    (4)    (5)     (6)    (7)    (8)    (9)    (10)   (11)   (12)   (13)   (14) (15)  (16) (17)   (18)  (19)  (20)  (21)   (22)   (23) 
  1 0.000000e+00 4.5854 4.5321 4.2280  7.5533 0.7022 0.7522 0.2304 0.0001 0.0081 0.484 0.000  0.970 0.476 0.493 0.000 0.000 0.000 0.000 0.000 0.000 bms
  2 5.816874e+05 4.5825 4.5241 4.1987  7.5452 0.6697 0.7301 0.2528 0.0001 0.0055 0.491 0.497  1.003 0.000 0.367 0.000 0.000 0.000 0.000 0.000 0.000 
  3 1.799866e+06 4.6154 4.5180 4.1412  7.5431 0.6490 0.6777 0.3055 0.0001 0.0029 0.477 0.498  1.002 0.000 0.355 0.000 0.000 0.000 0.000 0.000 0.000 
  4 3.000618e+06 4.6505 4.5131 4.0861  7.5458 0.6425 0.6209 0.3625 0.0001 0.0017 0.462 0.498  1.002 0.000 0.349 0.000 0.000 0.000 0.000 0.000 0.000 
  5 4.067168e+06 4.6859 4.5076 4.0280  7.5502 0.6420 0.5627 0.4208 0.0001 0.0011 0.444 0.499  1.002 0.000 0.342 0.000 0.000 0.000 0.000 0.000 0.000 
  6 4.983706e+06 4.7180 4.5015 3.9709  7.5550 0.6447 0.5086 0.4748 0.0001 0.0007 0.426 0.500  1.002 0.000 0.335 0.000 0.000 0.000 0.000 0.000 0.000 
  7 5.769891e+06 4.7479 4.4944 3.9119  7.5602 0.6499 0.4557 0.5278 0.0001 0.0006 0.413 0.501  1.002 0.000 0.326 0.000 0.000 0.000 0.000 0.000 0.000 
  8 6.426680e+06 4.7739 4.4867 3.8544  7.5654 0.6567 0.4078 0.5758 0.0002 0.0005 0.402 0.505  1.002 0.000 0.319 0.000 0.000 0.000 0.000 0.000 0.000 
  9 6.960553e+06 4.7976 4.4783 3.7965  7.5705 0.6654 0.3640 0.6195 0.0002 0.0004 0.385 0.506  1.002 0.000 0.310 0.000 0.000 0.000 0.000 0.000 0.000 
 10 7.420558e+06 4.8181 4.4695 3.7399  7.5755 0.6745 0.3236 0.6599 0.0002 0.0004 0.377 0.507  1.003 0.000 0.303 0.000 0.000 0.000 0.000 0.000 0.000 
 11 7.802569e+06 4.8366 4.4603 3.6839  7.5804 0.6850 0.2869 0.6966 0.0002 0.0003 0.365 0.508  1.003 0.000 0.294 0.000 0.000 0.000 0.000 0.000 0.000 
 12 8.130255e+06 4.8525 4.4511 3.6306  7.5851 0.6954 0.2543 0.7292 0.0002 0.0003 0.358 0.508  1.003 0.000 0.287 0.000 0.000 0.000 0.000 0.000 0.000 
 13 8.409374e+06 4.8669 4.4415 3.5771  7.5898 0.7071 0.2243 0.7593 0.0002 0.0003 0.349 0.509  1.003 0.000 0.281 0.000 0.000 0.000 0.000 0.000 0.000 
 14 8.651150e+06 4.8800 4.4316 3.5235  7.5947 0.7197 0.1963 0.7873 0.0002 0.0003 0.341 0.510  1.003 0.000 0.275 0.000 0.000 0.000 0.000 0.000 0.000 
 15 8.861827e+06 4.8915 4.4220 3.4732  7.5994 0.7327 0.1715 0.8120 0.0002 0.0003 0.333 0.511  1.003 0.000 0.268 0.000 0.000 0.000 0.000 0.000 0.000 
 16 9.045070e+06 4.9020 4.4120 3.4220  7.6044 0.7468 0.1482 0.8354 0.0002 0.0003 0.326 0.512  1.003 0.000 0.262 0.000 0.000 0.000 0.000 0.000 0.000 
 17 9.209790e+06 4.9118 4.4019 3.3712  7.6097 0.7622 0.1261 0.8574 0.0002 0.0003 0.319 0.512  1.003 0.000 0.256 0.000 0.000 0.000 0.000 0.000 0.000 
 18 9.355704e+06 4.9205 4.3921 3.3226  7.6151 0.7784 0.1064 0.8771 0.0002 0.0003 0.312 0.513  1.003 0.000 0.251 0.000 0.000 0.000 0.000 0.000 0.000 
 19 9.489620e+06 4.9289 4.3820 3.2731  7.6212 0.7971 0.0871 0.8965 0.0002 0.0003 0.307 0.514  1.003 0.000 0.246 0.000 0.000 0.000 0.000 0.000 0.000 
 20 9.611708e+06 4.9367 4.3721 3.2253  7.6281 0.8183 0.0691 0.9144 0.0002 0.0003 0.301 0.528  1.003 0.000 0.241 0.000 0.000 0.000 0.000 0.000 0.000 
 21 9.728598e+06 4.9447 4.3620 3.1762  7.6370 0.8458 0.0509 0.9327 0.0002 0.0003 0.295 0.528  1.003 0.000 0.236 0.000 0.000 0.000 0.000 0.000 0.000 
 22 9.851531e+06 4.9541 4.3519 3.1257  7.6511 0.8893 0.0308 0.9527 0.0002 0.0002 0.289 0.536  1.002 0.000 0.231 0.000 0.000 0.000 0.000 0.000 0.000 
 23 9.948598e+06 4.9630 4.3481 3.1010  7.6718 0.9528 0.0144 0.9691 0.0002 0.0002 0.283 0.536  0.999 0.000 0.228 0.000 0.000 0.000 0.000 0.000 0.000 tminms
 24 1.000860e+07 4.9729 4.3573 3.1274  7.7054 1.0558 0.0041 0.9795 0.0002 0.0002 0.279 0.537  0.985 0.000 0.228 0.000 0.000 0.000 0.000 0.000 0.000 
 25 1.002214e+07 4.9797 4.3672 3.1602  7.7297 1.1305 0.0016 0.9819 0.0002 0.0002 0.276 0.537  0.955 0.284 0.335 0.000 0.000 0.000 0.000 0.000 0.000 
 26 1.002812e+07 4.9886 4.3773 3.1917  7.7579 1.2195 0.0005 0.9830 0.0003 0.0002 0.269 0.537  0.879 0.279 0.367 0.000 0.000 0.000 0.000 0.000 0.000 
 27 1.003094e+07 5.0020 4.3877 3.2199  7.7994 1.3548 0.0001 0.9835 0.0003 0.0002 0.244 0.537  0.592 0.265 0.413 0.000 0.000 0.000 0.000 0.000 0.000 
 28 1.003242e+07 5.0168 4.3971 3.2425  7.8579 1.5590 0.0000 0.9836 0.0003 0.0002 0.072 0.537  0.337 0.125 0.467 0.000 0.000 0.000 0.000 0.000 0.000 
 29 1.003360e+07 5.0165 4.3996 3.2528  7.8948 1.7097 0.0000 0.9836 0.0003 0.0002 0.015 0.537  0.850 0.182 0.457 0.000 0.000 0.000 0.000 0.000 0.000 tmaxlms
 30 1.003574e+07 5.0071 4.3921 3.2322  7.9384 1.9078 0.0000 0.9836 0.0003 0.0002 0.000 0.628  0.848 0.200 0.442 0.000 0.000 0.000 0.000 0.000 0.000 
 31 1.003652e+07 5.0035 4.3816 3.1938  7.9587 1.9938 0.0000 0.9836 0.0003 0.0002 0.000 0.637  0.937 0.210 0.429 0.000 0.000 0.000 0.000 0.000 0.000 
 32 1.003716e+07 5.0020 4.3721 3.1573  7.9729 2.0533 0.0000 0.9836 0.0003 0.0002 0.000 0.646  0.934 0.215 0.421 0.000 0.000 0.000 0.000 0.000 0.000 lminsgb
 33 1.003776e+07 5.0023 4.3613 3.1138  7.9888 2.1164 0.0000 0.9836 0.0003 0.0002 0.000 0.652  0.985 0.223 0.413 0.000 0.000 0.000 0.000 0.000 0.000 
 34 1.003827e+07 5.0017 4.3514 3.0748  8.0001 2.1628 0.0000 0.9836 0.0003 0.0002 0.000 0.657  0.919 0.227 0.409 0.000 0.000 0.000 0.000 0.000 0.000 
 35 1.003877e+07 5.0035 4.3394 3.0250  8.0153 2.2203 0.0000 0.9836 0.0003 0.0002 0.000 0.657  0.990 0.231 0.401 0.000 0.000 0.000 0.000 0.000 0.000 
 36 1.003923e+07 5.0047 4.3293 2.9834  8.0266 2.2629 0.0000 0.9836 0.0003 0.0002 0.000 0.657  1.018 0.235 0.394 0.000 0.000 0.000 0.000 0.000 0.000 
 37 1.003966e+07 5.0055 4.3187 2.9402  8.0374 2.3039 0.0000 0.9836 0.0003 0.0002 0.000 0.657  1.030 0.237 0.391 0.000 0.000 0.000 0.000 0.000 0.000 
 38 1.004007e+07 5.0060 4.3099 2.9045  8.0461 2.3359 0.0000 0.9836 0.0003 0.0002 0.000 0.657  1.035 0.240 0.388 0.000 0.000 0.000 0.000 0.000 0.000 
 39 1.004045e+07 5.0060 4.3006 2.8673  8.0543 2.3669 0.0000 0.9836 0.0003 0.0002 0.000 0.657  0.995 0.242 0.381 0.000 0.000 0.000 0.000 0.000 0.000 
 40 1.004083e+07 5.0067 4.2885 2.8182  8.0655 2.4071 0.0000 0.9836 0.0003 0.0002 0.000 0.657  0.999 0.246 0.378 0.000 0.000 0.003 0.000 0.000 0.000 
 41 1.004118e+07 5.0073 4.2786 2.7780  8.0742 2.4382 0.0000 0.9836 0.0003 0.0002 0.000 0.657  1.013 0.248 0.375 0.000 0.000 0.009 0.000 0.000 0.000 
 42 1.004152e+07 5.0078 4.2679 2.7347  8.0830 2.4696 0.0000 0.9836 0.0003 0.0002 0.000 0.657  1.021 0.250 0.372 0.000 0.000 0.012 0.000 0.000 0.000 
 43 1.004185e+07 5.0080 4.2595 2.7009  8.0897 2.4933 0.0000 0.9836 0.0003 0.0002 0.000 0.657  1.022 0.252 0.368 0.000 0.000 0.018 0.000 0.000 0.000 lmaxsgb
 44 1.004212e+07 5.0081 4.2497 2.6616  8.0965 2.5171 0.0000 0.9836 0.0003 0.0002 0.000 0.657  1.023 0.255 0.365 0.000 0.000 0.022 0.000 0.000 0.000 
 45 1.004243e+07 5.0079 4.2369 2.6106  8.1057 2.5490 0.0000 0.9836 0.0003 0.0002 0.000 0.657  1.022 0.257 0.362 0.000 0.000 0.028 0.000 0.000 0.000 
 46 1.004273e+07 5.0076 4.2275 2.5733  8.1127 2.5732 0.0000 0.9836 0.0003 0.0002 0.000 0.657  1.021 0.257 0.358 0.000 0.000 0.032 0.000 0.000 0.000 
 47 1.004301e+07 5.0071 4.2170 2.5318  8.1198 2.5974 0.0000 0.9836 0.0003 0.0002 0.000 0.657  1.020 0.259 0.357 0.000 0.000 0.040 0.000 0.000 0.000 
 48 1.004330e+07 5.0064 4.2068 2.4917  8.1270 2.6217 0.0000 0.9836 0.0003 0.0002 0.000 0.657  1.019 0.261 0.353 0.000 0.000 0.044 0.000 0.000 0.000 
 49 1.004358e+07 5.0056 4.1964 2.4509  8.1343 2.6461 0.0000 0.9835 0.0003 0.0002 0.000 0.657  1.018 0.261 0.351 0.001 0.000 0.044 0.000 0.000 0.000 
 50 1.004385e+07 5.0049 4.1890 2.4220  8.1392 2.6625 0.0000 0.9835 0.0003 0.0002 0.000 0.657  1.017 0.263 0.351 0.001 0.000 0.044 0.000 0.000 0.000 
 51 1.004411e+07 5.0037 4.1773 2.3764  8.1468 2.6869 0.0000 0.9835 0.0003 0.0002 0.000 0.657  1.016 0.263 0.347 0.002 0.000 0.044 0.000 0.000 0.000 
 52 1.004436e+07 5.0022 4.1649 2.3283  8.1546 2.7111 0.0000 0.9834 0.0003 0.0002 0.000 0.657  1.021 0.265 0.346 0.004 0.000 0.045 0.000 0.000 0.000 
 53 1.004460e+07 5.0011 4.1568 2.2970  8.1597 2.7264 0.0000 0.9834 0.0004 0.0002 0.001 0.657  1.018 0.265 0.345 0.006 0.000 0.045 0.000 0.000 0.000 
 54 1.004484e+07 4.9998 4.1479 2.2627  8.1651 2.7421 0.0000 0.9833 0.0004 0.0002 0.003 0.657  1.015 0.267 0.343 0.009 0.000 0.045 0.000 0.000 0.000 
 55 1.004505e+07 4.9984 4.1380 2.2245  8.1706 2.7576 0.0000 0.9833 0.0004 0.0002 0.006 0.657  1.012 0.267 0.342 0.015 0.000 0.046 0.000 0.000 0.000 
 56 1.004526e+07 4.9968 4.1278 2.1853  8.1761 2.7727 0.0000 0.9833 0.0004 0.0002 0.009 0.657  1.010 0.269 0.340 0.023 0.000 0.046 0.000 0.000 0.000 
 57 1.004545e+07 4.9950 4.1161 2.1403  8.1816 2.7874 0.0000 0.9832 0.0004 0.0002 0.014 0.657  1.007 0.269 0.339 0.035 0.000 0.046 0.000 0.000 0.000 
 58 1.004563e+07 4.9941 4.1101 2.1172  8.1843 2.7946 0.0000 0.9832 0.0004 0.0002 0.017 0.657  1.004 0.269 0.338 0.044 0.000 0.047 0.000 0.000 0.000 
 59 1.004584e+07 4.9923 4.0992 2.0754  8.1898 2.8102 0.0000 0.9831 0.0005 0.0002 0.023 0.657  0.999 0.270 0.337 0.067 0.000 0.047 0.000 0.000 0.000 
 60 1.004600e+07 4.9897 4.0837 2.0160  8.1953 2.8234 0.0000 0.9830 0.0005 0.0002 0.031 0.657  0.992 0.272 0.335 0.103 0.000 0.047 0.000 0.000 0.000 
 61 1.004616e+07 4.9883 4.0751 1.9830  8.1981 2.8296 0.0000 0.9830 0.0005 0.0002 0.036 0.657  0.987 0.272 0.335 0.127 0.000 0.048 0.000 0.000 0.000 
 62 1.004631e+07 4.9868 4.0655 1.9461  8.2008 2.8354 0.0000 0.9829 0.0005 0.0002 0.042 0.657  0.980 0.272 0.335 0.155 0.000 0.048 0.000 0.000 0.000 
 63 1.004645e+07 4.9849 4.0535 1.9000  8.2038 2.8414 0.0000 0.9829 0.0005 0.0002 0.048 0.657  0.971 0.274 0.334 0.196 0.000 0.047 0.000 0.000 0.000 
 64 1.004659e+07 4.9833 4.0426 1.8580  8.2061 2.8458 0.0000 0.9827 0.0006 0.0002 0.055 0.657  0.962 0.331 0.333 0.229 0.000 0.048 0.000 0.000 0.000 
 65 1.004673e+07 4.9822 4.0350 1.8287  8.2076 2.8485 0.0000 0.9827 0.0006 0.0002 0.059 0.657  0.955 0.331 0.333 0.250 0.000 0.048 0.000 0.000 0.000 
 66 1.004686e+07 4.9806 4.0246 1.7887  8.2093 2.8516 0.0000 0.9825 0.0006 0.0002 0.064 0.657  0.945 0.331 0.332 0.279 0.000 0.049 0.000 0.000 0.000 
 67 1.004699e+07 4.9793 4.0155 1.7536  8.2107 2.8538 0.0000 0.9825 0.0007 0.0002 0.068 0.657  0.938 0.331 0.332 0.303 0.000 0.049 0.000 0.000 0.000 
 68 1.004711e+07 4.9775 4.0041 1.7098  8.2122 2.8559 0.0000 0.9823 0.0007 0.0002 0.073 0.657  0.930 0.331 0.331 0.331 0.000 0.049 0.000 0.000 0.000 
 69 1.004723e+07 4.9765 3.9972 1.6832  8.2130 2.8570 0.0000 0.9823 0.0007 0.0002 0.075 0.657  0.925 0.275 0.329 0.347 0.000 0.049 0.000 0.000 0.000 
 70 1.004734e+07 4.9754 3.9896 1.6539  8.2138 2.8580 0.0000 0.9822 0.0007 0.0002 0.078 0.657  0.920 0.275 0.328 0.362 0.000 0.050 0.000 0.000 0.000 
 71 1.004745e+07 4.9729 3.9720 1.5860  8.2155 2.8598 0.0000 0.9820 0.0008 0.0002 0.000 0.657  0.915 0.276 0.328 0.399 0.000 0.051 0.000 0.000 0.000 
 72 1.004755e+07 4.9713 3.9609 1.5432  8.2163 2.8606 0.0000 0.9819 0.0008 0.0002 0.000 0.657  0.908 0.276 0.327 0.414 0.000 0.051 0.000 0.000 0.000 
 73 1.004766e+07 4.9696 3.9503 1.5025  8.2170 2.8609 0.0000 0.9818 0.0009 0.0002 0.000 0.657  0.902 0.276 0.327 0.424 0.000 0.051 0.000 0.000 0.000 
 74 1.004776e+07 4.9686 3.9428 1.4735  8.2175 2.8613 0.0000 0.9817 0.0009 0.0002 0.000 0.657  0.899 0.276 0.327 0.433 0.000 0.051 0.000 0.000 0.000 
 75 1.004786e+07 4.9672 3.9326 1.4341  8.2181 2.8618 0.0000 0.9816 0.0009 0.0002 0.000 0.657  0.895 0.276 0.327 0.443 0.000 0.055 0.000 0.000 0.000 
 76 1.004796e+07 4.9660 3.9239 1.4005  8.2186 2.8621 0.0000 0.9815 0.0010 0.0002 0.000 0.657  0.891 0.277 0.327 0.447 0.000 0.055 0.000 0.000 0.000 
 77 1.004805e+07 4.9644 3.9133 1.3597  8.2191 2.8625 0.0000 0.9814 0.0010 0.0002 0.000 0.657  0.888 0.277 0.326 0.457 0.000 0.055 0.000 0.000 0.000 
 78 1.004814e+07 4.9624 3.8998 1.3077  8.2198 2.8630 0.0000 0.9813 0.0011 0.0002 0.000 0.657  0.884 0.277 0.326 0.466 0.000 0.055 0.000 0.000 0.000 
 79 1.004824e+07 4.9612 3.8922 1.2785  8.2201 2.8632 0.0000 0.9812 0.0011 0.0002 0.000 0.657  0.883 0.278 0.326 0.468 0.000 0.055 0.000 0.000 0.000 
 80 1.004833e+07 4.9598 3.8839 1.2467  8.2205 2.8636 0.0000 0.9811 0.0011 0.0002 0.000 0.657  0.881 0.278 0.325 0.469 0.000 0.055 0.000 0.000 0.000 
 81 1.004842e+07 4.9581 3.8744 1.2104  8.2210 2.8639 0.0000 0.9811 0.0012 0.0002 0.000 0.657  0.880 0.278 0.325 0.477 0.000 0.055 0.000 0.000 0.000 
 82 1.004851e+07 4.9552 3.8582 1.1485  8.2216 2.8644 0.0000 0.9809 0.0012 0.0002 0.000 0.657  0.878 0.278 0.325 0.486 0.000 0.055 0.000 0.000 0.000 
 83 1.004859e+07 4.9531 3.8479 1.1094  8.2220 2.8647 0.0000 0.9808 0.0013 0.0002 0.000 0.657  0.878 0.279 0.325 0.486 0.000 0.055 0.000 0.000 0.000 
 84 1.004867e+07 4.9515 3.8400 1.0794  8.2223 2.8649 0.0000 0.9808 0.0013 0.0002 0.000 0.657  0.878 0.279 0.325 0.493 0.000 0.055 0.000 0.000 0.000 
 85 1.004875e+07 4.9495 3.8304 1.0430  8.2226 2.8652 0.0000 0.9807 0.0013 0.0002 0.000 0.657  0.878 0.279 0.325 0.493 0.000 0.055 0.000 0.000 0.000 
 86 1.004883e+07 4.9477 3.8220 1.0112  8.2229 2.8655 0.0000 0.9806 0.0014 0.0002 0.000 0.657  0.878 0.279 0.325 0.493 0.000 0.055 0.000 0.000 0.000 
 87 1.004891e+07 4.9455 3.8116 0.9718  8.2233 2.8658 0.0000 0.9806 0.0014 0.0002 0.000 0.657  0.879 0.279 0.324 0.500 0.000 0.055 0.000 0.000 0.000 
 88 1.004898e+07 4.9424 3.7990 0.9245  8.2237 2.8662 0.0000 0.9805 0.0014 0.0002 0.000 0.657  0.881 0.279 0.324 0.500 0.000 0.055 0.000 0.000 0.000 
 89 1.004906e+07 4.9405 3.7915 0.8964  8.2239 2.8665 0.0000 0.9804 0.0015 0.0002 0.000 0.657  0.882 0.279 0.324 0.500 0.000 0.055 0.000 0.000 0.000 
 90 1.004913e+07 4.9383 3.7833 0.8658  8.2242 2.8668 0.0000 0.9804 0.0015 0.0002 0.000 0.657  0.883 0.279 0.324 0.508 0.000 0.055 0.000 0.000 0.000 
 91 1.004920e+07 4.9357 3.7740 0.8312  8.2245 2.8671 0.0000 0.9803 0.0015 0.0002 0.000 0.657  0.886 0.279 0.324 0.509 0.000 0.055 0.000 0.000 0.000 
 92 1.004927e+07 4.9307 3.7572 0.7690  8.2250 2.8678 0.0000 0.9802 0.0016 0.0002 0.000 0.657  0.890 0.279 0.324 0.509 0.000 0.055 0.000 0.000 0.000 
 93 1.004934e+07 4.9272 3.7482 0.7365  8.2253 2.8681 0.0000 0.9801 0.0016 0.0002 0.000 0.657  0.894 0.279 0.323 0.521 0.000 0.055 0.000 0.000 0.000 
 94 1.004941e+07 4.9229 3.7366 0.6944  8.2256 2.8685 0.0000 0.9800 0.0017 0.0002 0.000 0.657  0.899 0.280 0.323 0.522 0.000 0.055 0.000 0.000 0.000 
 95 1.004948e+07 4.9191 3.7270 0.6598  8.2259 2.8689 0.0000 0.9800 0.0017 0.0002 0.000 0.657  0.904 0.280 0.323 0.523 0.000 0.055 0.000 0.000 0.000 
 96 1.004954e+07 4.9154 3.7184 0.6291  8.2261 2.8693 0.0000 0.9799 0.0017 0.0002 0.000 0.657  0.909 0.280 0.323 0.525 0.000 0.055 0.000 0.000 0.000 
 97 1.004961e+07 4.9102 3.7065 0.5867  8.2265 2.8698 0.0000 0.9798 0.0018 0.0002 0.000 0.657  0.916 0.280 0.323 0.528 0.000 0.059 0.000 0.000 0.000 
 98 1.004967e+07 4.9056 3.6965 0.5513  8.2267 2.8702 0.0000 0.9798 0.0018 0.0002 0.000 0.657  0.923 0.280 0.323 0.543 0.000 0.059 0.000 0.000 0.000 
 99 1.004973e+07 4.9024 3.6898 0.5277  8.2269 2.8704 0.0000 0.9797 0.0018 0.0002 0.000 0.657  0.927 0.281 0.323 0.545 0.000 0.059 0.000 0.000 0.000 
100 1.004980e+07 4.8954 3.6781 0.4879  8.2273 2.8710 0.0000 0.9796 0.0019 0.0002 0.000 0.657  0.938 0.281 0.323 0.549 0.000 0.059 0.000 0.000 0.000 
101 1.004987e+07 4.8907 3.6706 0.4626  8.2275 2.8714 0.0000 0.9796 0.0019 0.0002 0.000 0.657  0.945 0.281 0.323 0.552 0.000 0.059 0.000 0.000 0.000 
102 1.004993e+07 4.8854 3.6626 0.4359  8.2277 2.8718 0.0000 0.9795 0.0019 0.0002 0.000 0.657  0.954 0.281 0.323 0.556 0.000 0.059 0.000 0.000 0.000 
103 1.005001e+07 4.8716 3.6452 0.3801  8.2283 2.8728 0.0000 0.9794 0.0020 0.0002 0.000 0.657  0.978 0.281 0.322 0.567 0.000 0.059 0.000 0.000 0.000 
104 1.005009e+07 4.8626 3.6364 0.3539  8.2287 2.8735 0.0000 0.9793 0.0021 0.0002 0.000 0.657  0.993 0.281 0.322 0.574 0.000 0.059 0.000 0.000 0.000 
105 1.005019e+07 4.8518 3.6276 0.3295  8.2290 2.8740 0.0000 0.9793 0.0021 0.0002 0.000 0.675  1.013 0.281 0.322 0.603 0.000 0.059 0.000 0.000 0.000 
106 1.005030e+07 4.8399 3.6209 0.3146  8.2294 2.8748 0.0000 0.9792 0.0022 0.0002 0.000 0.675  1.036 0.281 0.322 0.614 0.000 0.059 0.000 0.000 0.000 
107 1.005051e+07 4.8175 3.6091 0.2898  8.2303 2.8766 0.0000 0.9789 0.0023 0.0002 0.000 0.673  1.100 0.282 0.321 0.647 0.000 0.059 0.000 0.000 0.000 
108 1.005085e+07 4.7955 3.5994 0.2730  8.2322 2.8807 0.0000 0.9785 0.0026 0.0002 0.000 0.673  1.109 0.282 0.321 0.655 0.000 0.060 0.000 0.000 0.000 
109 1.005124e+07 4.7915 3.5879 0.2310  8.2343 2.8853 0.0000 0.9781 0.0030 0.0002 0.000 0.673  1.079 0.283 0.320 0.662 0.000 0.060 0.000 0.000 0.000 brgb
110 1.005153e+07 4.8049 3.5813 0.1912  8.2354 2.8876 0.0000 0.9778 0.0031 0.0002 0.000 0.655  1.026 0.283 0.320 0.664 0.000 0.060 0.000 0.000 0.000 
111 1.005175e+07 4.8358 3.5755 0.1371  8.2364 2.8899 0.0000 0.9775 0.0034 0.0002 0.000 0.576  0.936 0.283 0.320 0.608 0.000 0.060 0.000 0.000 0.000 
112 1.005190e+07 4.8526 3.5724 0.1079  8.2369 2.8911 0.0000 0.9774 0.0035 0.0002 0.000 0.537  0.891 0.283 0.320 0.582 0.000 0.064 0.000 0.000 0.000 
113 1.005199e+07 4.8875 3.5682 0.0562  8.2376 2.8928 0.0000 0.9772 0.0036 0.0002 0.000 0.491  0.814 0.284 0.319 0.540 0.000 0.064 0.000 0.000 0.000 
114 1.005209e+07 4.9399 3.5631 -0.0166  8.2382 2.8941 0.0000 0.9771 0.0038 0.0002 0.000 0.436  0.718 0.284 0.319 0.479 0.000 0.064 0.000 0.000 0.000 
115 1.005220e+07 4.9875 3.5584 -0.0830  8.2386 2.8950 0.0000 0.9770 0.0039 0.0002 0.000 0.395  0.643 0.284 0.319 0.453 0.000 0.064 0.000 0.000 0.000 
116 1.005237e+07 5.0206 3.5548 -0.1305  8.2391 2.8960 0.0000 0.9768 0.0041 0.0002 0.000 0.372  0.600 0.284 0.319 0.417 0.000 0.064 0.000 0.000 0.000 
117 1.005303e+07 5.0662 3.5497 -0.1965  8.2412 2.9000 0.0000 0.9759 0.0049 0.0002 0.000 0.343  0.564 0.285 0.319 0.388 0.000 0.064 0.000 0.000 0.000 trgb
118 1.006213e+07 5.0424 3.5530 -0.1599  8.2456 2.8984 0.0000 0.9624 0.0181 0.0003 0.000 0.341  0.538 0.294 0.323 0.453 0.000 0.068 0.000 0.000 0.000 
119 1.007143e+07 5.0042 3.5579 -0.1024  8.2471 2.8942 0.0000 0.9473 0.0328 0.0004 0.000 0.342  0.485 0.299 0.326 0.509 0.000 0.068 0.000 0.000 0.000 
120 1.008580e+07 4.9666 3.5623 -0.0476  8.2488 2.8904 0.0000 0.9279 0.0517 0.0007 0.185 0.342  0.424 0.304 0.330 0.570 0.000 0.072 0.000 0.000 0.000 
121 1.011287e+07 4.9325 3.5676 0.0070  8.2516 2.8885 0.0000 0.8926 0.0858 0.0014 0.195 0.342  0.353 0.310 0.335 0.643 0.000 0.072 0.000 0.000 0.000 
122 1.017611e+07 4.9177 3.5763 0.0555  8.2584 2.8911 0.0000 0.8008 0.1725 0.0056 0.200 0.343  0.279 0.319 0.348 0.718 0.000 0.076 0.000 0.000 0.000 lmincheb
123 1.019765e+07 4.9475 3.5833 0.0532  8.2610 2.8944 0.0000 0.7650 0.2055 0.0081 0.201 0.344  0.282 0.321 0.352 0.686 0.000 0.077 0.000 0.000 0.000 
124 1.020183e+07 4.9782 3.5880 0.0411  8.2614 2.8950 0.0000 0.7589 0.2111 0.0086 0.201 0.344  0.288 0.322 0.353 0.641 0.000 0.077 0.000 0.000 0.000 
125 1.020390e+07 5.0129 3.5932 0.0272  8.2617 2.8954 0.0000 0.7555 0.2142 0.0089 0.201 0.344  0.291 0.322 0.354 0.592 0.000 0.077 0.000 0.000 0.000 
126 1.020523e+07 5.0418 3.5991 0.0219  8.2618 2.8956 0.0000 0.7534 0.2161 0.0090 0.201 0.344  0.295 0.322 0.355 0.554 0.000 0.077 0.000 0.000 0.000 
127 1.020615e+07 5.0689 3.6088 0.0336  8.2619 2.8957 0.0000 0.7516 0.2176 0.0092 0.201 0.344  0.300 0.322 0.356 0.521 0.000 0.077 0.000 0.000 0.000 
128 1.020667e+07 5.0851 3.6136 0.0366  8.2620 2.8958 0.0000 0.7509 0.2183 0.0092 0.201 0.344  0.298 0.322 0.356 0.500 0.000 0.077 0.000 0.000 0.000 
129 1.020693e+07 5.0989 3.6257 0.0712  8.2620 2.8958 0.0000 0.7504 0.2188 0.0093 0.201 0.344  0.298 0.322 0.356 0.485 0.000 0.077 0.000 0.000 0.000 
130 1.020710e+07 5.1041 3.6319 0.0908  8.2620 2.8959 0.0000 0.7502 0.2189 0.0093 0.201 0.344  0.298 0.322 0.356 0.480 0.000 0.077 0.000 0.000 0.000 
131 1.020723e+07 5.1092 3.6416 0.1245  8.2620 2.8959 0.0000 0.7500 0.2191 0.0093 0.201 0.344  0.299 0.322 0.357 0.474 0.000 0.077 0.000 0.000 0.000 
132 1.020734e+07 5.1134 3.6514 0.1595  8.2620 2.8959 0.0000 0.7498 0.2193 0.0093 0.201 0.344  0.299 0.322 0.357 0.469 0.000 0.077 0.000 0.000 0.000 
133 1.020742e+07 5.1183 3.6669 0.2166  8.2620 2.8959 0.0000 0.7496 0.2195 0.0094 0.201 0.344  0.300 0.322 0.357 0.464 0.000 0.077 0.000 0.000 0.000 
134 1.020747e+07 5.1204 3.6774 0.2565  8.2621 2.8959 0.0000 0.7495 0.2196 0.0094 0.201 0.344  0.300 0.322 0.357 0.462 0.000 0.077 0.000 0.000 0.000 
135 1.020753e+07 5.1211 3.6889 0.3018  8.2621 2.8960 0.0000 0.7494 0.2197 0.0094 0.201 0.344  0.302 0.322 0.357 0.461 0.000 0.077 0.000 0.000 0.000 
136 1.020760e+07 5.1216 3.6966 0.3321  8.2621 2.8960 0.0000 0.7493 0.2198 0.0094 0.201 0.344  0.303 0.322 0.357 0.460 0.000 0.077 0.000 0.000 0.000 
137 1.020766e+07 5.1220 3.7067 0.3721  8.2621 2.8960 0.0000 0.7492 0.2198 0.0094 0.201 0.344  0.304 0.322 0.357 0.460 0.000 0.077 0.000 0.000 0.000 
138 1.020771e+07 5.1223 3.7189 0.4206  8.2621 2.8960 0.0000 0.7491 0.2199 0.0094 0.201 0.344  0.306 0.322 0.357 0.460 0.000 0.077 0.000 0.000 0.000 
139 1.020778e+07 5.1224 3.7256 0.4473  8.2621 2.8960 0.0000 0.7490 0.2200 0.0094 0.201 0.344  0.307 0.322 0.357 0.459 0.000 0.077 0.000 0.000 0.000 
140 1.020784e+07 5.1224 3.7328 0.4761  8.2621 2.8960 0.0000 0.7490 0.2201 0.0094 0.201 0.344  0.309 0.322 0.357 0.459 0.000 0.077 0.000 0.000 0.000 
141 1.020791e+07 5.1224 3.7487 0.5397  8.2621 2.8960 0.0000 0.7488 0.2202 0.0094 0.201 0.344  0.312 0.322 0.357 0.459 0.000 0.077 0.000 0.000 0.000 
142 1.020798e+07 5.1224 3.7576 0.5753  8.2621 2.8960 0.0000 0.7487 0.2203 0.0094 0.201 0.344  0.313 0.322 0.357 0.459 0.000 0.077 0.000 0.000 0.000 
143 1.020804e+07 5.1224 3.7674 0.6145  8.2621 2.8960 0.0000 0.7486 0.2204 0.0094 0.201 0.344  0.315 0.322 0.357 0.459 0.000 0.077 0.000 0.000 0.000 
144 1.020811e+07 5.1224 3.7796 0.6633  8.2621 2.8960 0.0000 0.7485 0.2205 0.0094 0.201 0.344  0.317 0.322 0.357 0.459 0.000 0.077 0.000 0.000 0.000 
145 1.020816e+07 5.1224 3.7890 0.7009  8.2621 2.8960 0.0000 0.7484 0.2206 0.0095 0.201 0.344  0.319 0.322 0.358 0.459 0.000 0.077 0.000 0.000 0.000 
146 1.020824e+07 5.1221 3.7997 0.7440  8.2621 2.8960 0.0000 0.7483 0.2207 0.0095 0.201 0.344  0.321 0.322 0.358 0.459 0.000 0.077 0.000 0.000 0.000 
147 1.020831e+07 5.1221 3.8100 0.7852  8.2621 2.8960 0.0000 0.7482 0.2208 0.0095 0.201 0.344  0.323 0.323 0.358 0.459 0.000 0.077 0.000 0.000 0.000 
148 1.020839e+07 5.1221 3.8181 0.8176  8.2621 2.8960 0.0000 0.7481 0.2209 0.0095 0.201 0.344  0.325 0.323 0.358 0.459 0.000 0.077 0.000 0.000 0.000 
149 1.020847e+07 5.1222 3.8281 0.8575  8.2621 2.8960 0.0000 0.7480 0.2210 0.0095 0.201 0.344  0.327 0.323 0.358 0.459 0.000 0.077 0.000 0.000 0.000 
150 1.020855e+07 5.1223 3.8397 0.9038  8.2621 2.8961 0.0000 0.7478 0.2211 0.0095 0.201 0.344  0.329 0.323 0.358 0.458 0.000 0.077 0.000 0.000 0.000 
151 1.020867e+07 5.1210 3.8486 0.9407  8.2621 2.8961 0.0000 0.7476 0.2213 0.0095 0.201 0.344  0.334 0.323 0.358 0.460 0.000 0.077 0.000 0.000 0.000 
152 1.020874e+07 5.1268 3.8580 0.9725  8.2621 2.8961 0.0000 0.7475 0.2214 0.0095 0.201 0.344  0.331 0.323 0.358 0.454 0.000 0.077 0.000 0.000 0.000 
153 1.020881e+07 5.1198 3.8615 0.9935  8.2621 2.8961 0.0000 0.7475 0.2214 0.0095 0.201 0.344  0.337 0.323 0.358 0.461 0.000 0.077 0.000 0.000 0.000 
154 1.020888e+07 5.1238 3.8785 1.0575  8.2621 2.8961 0.0000 0.7473 0.2216 0.0095 0.201 0.344  0.337 0.323 0.358 0.456 0.000 0.077 0.000 0.000 0.000 
155 1.020897e+07 5.1232 3.8854 1.0857  8.2621 2.8961 0.0000 0.7472 0.2217 0.0096 0.201 0.344  0.339 0.323 0.359 0.457 0.000 0.077 0.000 0.000 0.000 
156 1.020907e+07 5.1230 3.8925 1.1143  8.2621 2.8961 0.0000 0.7471 0.2217 0.0096 0.201 0.344  0.341 0.323 0.359 0.457 0.000 0.077 0.000 0.000 0.000 
157 1.020917e+07 5.1229 3.9081 1.1768  8.2621 2.8961 0.0000 0.7469 0.2219 0.0096 0.201 0.344  0.344 0.323 0.359 0.457 0.000 0.077 0.000 0.000 0.000 
158 1.020932e+07 5.1230 3.9169 1.2119  8.2621 2.8961 0.0000 0.7468 0.2221 0.0096 0.201 0.344  0.346 0.323 0.359 0.457 0.000 0.077 0.000 0.000 0.000 
159 1.020940e+07 5.1212 3.9209 1.2297  8.2621 2.8961 0.0000 0.7466 0.2222 0.0096 0.201 0.344  0.350 0.323 0.359 0.459 0.000 0.077 0.000 0.000 0.000 
160 1.020949e+07 5.1230 3.9395 1.3023  8.2621 2.8962 0.0000 0.7464 0.2224 0.0096 0.202 0.344  0.351 0.323 0.359 0.457 0.000 0.077 0.000 0.000 0.000 
161 1.020959e+07 5.1227 3.9488 1.3398  8.2622 2.8962 0.0000 0.7463 0.2225 0.0096 0.202 0.344  0.354 0.323 0.360 0.457 0.000 0.077 0.000 0.000 0.000 
162 1.020971e+07 5.1226 3.9583 1.3779  8.2622 2.8962 0.0000 0.7461 0.2226 0.0097 0.202 0.344  0.356 0.323 0.360 0.457 0.000 0.077 0.000 0.000 0.000 
163 1.020982e+07 5.1224 3.9681 1.4171  8.2622 2.8962 0.0000 0.7459 0.2228 0.0097 0.202 0.344  0.359 0.323 0.360 0.457 0.000 0.077 0.000 0.000 0.000 
164 1.020994e+07 5.1221 3.9806 1.4674  8.2622 2.8963 0.0000 0.7457 0.2230 0.0097 0.202 0.344  0.362 0.323 0.360 0.457 0.000 0.077 0.000 0.000 0.000 
165 1.021006e+07 5.1218 3.9908 1.5085  8.2622 2.8963 0.0000 0.7455 0.2232 0.0097 0.202 0.344  0.365 0.323 0.360 0.457 0.000 0.077 0.000 0.000 0.000 
166 1.021019e+07 5.1216 3.9964 1.5311  8.2622 2.8963 0.0000 0.7454 0.2233 0.0097 0.202 0.344  0.366 0.323 0.360 0.457 0.000 0.077 0.000 0.000 0.000 
167 1.021033e+07 5.1210 4.0090 1.5821  8.2622 2.8964 0.0000 0.7452 0.2235 0.0097 0.202 0.344  0.370 0.323 0.361 0.458 0.000 0.077 0.000 0.000 0.000 
168 1.021047e+07 5.1207 4.0159 1.6100  8.2622 2.8964 0.0000 0.7450 0.2236 0.0098 0.202 0.344  0.372 0.323 0.361 0.458 0.000 0.077 0.000 0.000 0.000 
169 1.021062e+07 5.1197 4.0312 1.6722  8.2622 2.8964 0.0000 0.7447 0.2239 0.0098 0.202 0.344  0.377 0.323 0.361 0.459 0.000 0.077 0.000 0.000 0.000 
170 1.021078e+07 5.1191 4.0395 1.7060  8.2622 2.8965 0.0000 0.7445 0.2241 0.0098 0.202 0.344  0.380 0.323 0.361 0.460 0.000 0.077 0.000 0.000 0.000 
171 1.021094e+07 5.1184 4.0482 1.7415  8.2622 2.8965 0.0000 0.7443 0.2243 0.0098 0.202 0.344  0.383 0.323 0.361 0.461 0.000 0.077 0.000 0.000 0.000 
172 1.021111e+07 5.1175 4.0574 1.7792  8.2623 2.8965 0.0000 0.7441 0.2245 0.0098 0.202 0.344  0.386 0.323 0.361 0.462 0.000 0.077 0.000 0.000 0.000 
173 1.021130e+07 5.1165 4.0670 1.8186  8.2623 2.8965 0.0000 0.7439 0.2247 0.0099 0.202 0.344  0.389 0.323 0.361 0.463 0.000 0.077 0.000 0.000 0.000 
174 1.021149e+07 5.1153 4.0770 1.8598  8.2623 2.8966 0.0000 0.7436 0.2249 0.0099 0.202 0.344  0.393 0.323 0.362 0.464 0.000 0.077 0.000 0.000 0.000 
175 1.021170e+07 5.1132 4.0932 1.9267  8.2623 2.8967 0.0000 0.7431 0.2253 0.0099 0.202 0.344  0.400 0.323 0.362 0.466 0.000 0.077 0.000 0.000 0.000 
176 1.021192e+07 5.1115 4.1045 1.9736  8.2623 2.8967 0.0000 0.7428 0.2256 0.0100 0.202 0.344  0.404 0.323 0.363 0.468 0.000 0.077 0.000 0.000 0.000 
177 1.021215e+07 5.1101 4.1126 2.0074  8.2624 2.8968 0.0000 0.7425 0.2259 0.0100 0.202 0.344  0.408 0.323 0.363 0.470 0.000 0.077 0.000 0.000 0.000 
178 1.021248e+07 5.1074 4.1222 2.0485  8.2624 2.8969 0.0000 0.7420 0.2263 0.0100 0.202 0.344  0.414 0.323 0.363 0.473 0.000 0.077 0.000 0.000 0.000 
179 1.021280e+07 5.1046 4.1338 2.0977  8.2624 2.8970 0.0000 0.7415 0.2268 0.0101 0.202 0.344  0.421 0.323 0.363 0.476 0.000 0.077 0.000 0.000 0.000 
180 1.021316e+07 5.1021 4.1427 2.1358  8.2625 2.8970 0.0000 0.7411 0.2272 0.0101 0.202 0.345  0.427 0.323 0.363 0.479 0.000 0.077 0.000 0.000 0.000 
181 1.021358e+07 5.0989 4.1517 2.1750  8.2625 2.8971 0.0000 0.7405 0.2277 0.0102 0.202 0.345  0.435 0.323 0.364 0.483 0.000 0.077 0.000 0.000 0.000 
182 1.021411e+07 5.0950 4.1608 2.2153  8.2626 2.8972 0.0000 0.7399 0.2283 0.0102 0.202 0.345  0.444 0.323 0.363 0.487 0.000 0.077 0.000 0.000 0.000 
183 1.021481e+07 5.0882 4.1740 2.2749  8.2627 2.8974 0.0000 0.7386 0.2294 0.0103 0.203 0.345  0.460 0.324 0.364 0.495 0.000 0.077 0.000 0.000 0.000 
184 1.021602e+07 5.0810 4.1840 2.3221  8.2628 2.8977 0.0000 0.7370 0.2309 0.0105 0.203 0.345  0.480 0.324 0.364 0.505 0.000 0.077 0.000 0.000 0.000 
185 1.023873e+07 5.0738 4.1937 2.3678  8.2656 2.9012 0.0000 0.7031 0.2611 0.0140 0.205 0.348  0.480 0.326 0.364 0.527 0.000 0.081 0.000 0.000 0.000 
186 1.033231e+07 5.0771 4.1938 2.3636  8.2779 2.9201 0.0000 0.5605 0.3807 0.0367 0.214 0.351  0.434 0.333 0.364 0.572 0.000 0.085 0.000 0.000 0.000 
187 1.038886e+07 5.0793 4.1955 2.3675  8.2866 2.9353 0.0000 0.4731 0.4455 0.0592 0.219 0.354  0.404 0.336 0.369 0.603 0.000 0.089 0.000 0.000 0.000 tmaxcheb
188 1.045470e+07 5.0806 4.1896 2.3417  8.2982 2.9583 0.0000 0.3740 0.5069 0.0969 0.224 0.358  0.368 0.340 0.370 0.640 0.000 0.097 0.000 0.000 0.000 
189 1.047730e+07 5.0807 4.1855 2.3250  8.3028 2.9679 0.0000 0.3401 0.5238 0.1140 0.226 0.360  0.355 0.341 0.371 0.654 0.000 0.097 0.000 0.000 0.000 
190 1.051885e+07 5.0806 4.1758 2.2856  8.3115 2.9872 0.0000 0.2822 0.5454 0.1503 0.230 0.364  0.330 0.343 0.373 0.678 0.000 0.101 0.000 0.000 0.000 
191 1.055831e+07 5.0803 4.1656 2.2446  8.3209 3.0091 0.0000 0.2289 0.5550 0.1939 0.233 0.367  0.306 0.345 0.374 0.702 0.000 0.105 0.000 0.000 0.000 lmaxcheb
192 1.059107e+07 5.0799 4.1554 2.2038  8.3295 3.0330 0.0000 0.1874 0.5530 0.2374 0.235 0.371  0.285 0.347 0.374 0.722 0.000 0.109 0.000 0.000 0.000 
193 1.061775e+07 5.0792 4.1453 2.1638  8.3373 3.0528 0.0000 0.1555 0.5438 0.2785 0.237 0.373  0.268 0.348 0.374 0.739 0.000 0.113 0.000 0.000 0.000 
194 1.064041e+07 5.0784 4.1349 2.1226  8.3447 3.0721 0.0000 0.1295 0.5296 0.3187 0.239 0.375  0.253 0.349 0.375 0.754 0.000 0.113 0.000 0.000 0.000 
195 1.065841e+07 5.0774 4.1248 2.0830  8.3511 3.0890 0.0000 0.1100 0.5142 0.3536 0.240 0.376  0.241 0.349 0.374 0.766 0.000 0.116 0.000 0.000 0.000 
196 1.067208e+07 5.0765 4.1150 2.0444  8.3561 3.1025 0.0000 0.0964 0.5004 0.3810 0.240 0.376  0.232 0.350 0.374 0.775 0.000 0.116 0.000 0.000 0.000 
197 1.068292e+07 5.0757 4.1096 2.0236  8.3605 3.1145 0.0000 0.0855 0.4870 0.4052 0.241 0.377  0.224 0.350 0.375 0.783 0.000 0.116 0.000 0.000 0.000 
198 1.069357e+07 5.0746 4.0996 1.9845  8.3650 3.1269 0.0000 0.0756 0.4732 0.4289 0.242 0.377  0.217 0.351 0.374 0.792 0.000 0.120 0.000 0.000 0.000 
199 1.070257e+07 5.0735 4.0893 1.9444  8.3691 3.1383 0.0000 0.0674 0.4601 0.4501 0.242 0.378  0.209 0.351 0.374 0.799 0.000 0.120 0.000 0.000 0.000 
200 1.071063e+07 5.0724 4.0797 1.9069  8.3728 3.1487 0.0000 0.0605 0.4483 0.4688 0.243 0.378  0.204 0.351 0.374 0.804 0.000 0.120 0.000 0.000 0.000 
201 1.071743e+07 5.0713 4.0693 1.8664  8.3764 3.1587 0.0000 0.0545 0.4369 0.4861 0.243 0.378  0.198 0.352 0.374 0.809 0.000 0.120 0.000 0.000 0.000 
202 1.072351e+07 5.0700 4.0588 1.8254  8.3799 3.1686 0.0000 0.0491 0.4263 0.5021 0.243 0.378  0.192 0.352 0.373 0.814 0.000 0.124 0.000 0.001 0.000 
203 1.072881e+07 5.0687 4.0481 1.7839  8.3833 3.1785 0.0000 0.0442 0.4166 0.5167 0.243 0.378  0.187 0.352 0.374 0.820 0.000 0.124 0.000 0.001 0.000 
204 1.073341e+07 5.0675 4.0389 1.7483  8.3861 3.1867 0.0000 0.0406 0.4091 0.5278 0.243 0.378  0.183 0.352 0.373 0.828 0.000 0.124 0.000 0.001 0.000 
205 1.073748e+07 5.0661 4.0285 1.7079  8.3887 3.1943 0.0000 0.0372 0.4018 0.5385 0.243 0.378  0.179 0.352 0.373 0.828 0.000 0.124 0.000 0.001 0.000 
206 1.074108e+07 5.0648 4.0187 1.6700  8.3912 3.2015 0.0000 0.0344 0.3954 0.5476 0.243 0.378  0.175 0.352 0.373 0.833 0.000 0.124 0.000 0.001 0.000 
207 1.074428e+07 5.0633 4.0077 1.6275  8.3938 3.2092 0.0000 0.0315 0.3887 0.5572 0.243 0.379  0.171 0.353 0.373 0.836 0.000 0.124 0.000 0.001 0.000 
208 1.074711e+07 5.0619 3.9977 1.5889  8.3961 3.2157 0.0000 0.0292 0.3834 0.5647 0.243 0.379  0.168 0.353 0.372 0.840 0.000 0.124 0.000 0.001 0.000 
209 1.074960e+07 5.0608 3.9893 1.5564  8.3977 3.2206 0.0000 0.0276 0.3795 0.5702 0.243 0.379  0.165 0.353 0.372 0.843 0.000 0.124 0.000 0.001 0.000 
210 1.075185e+07 5.0590 3.9768 1.5082  8.4002 3.2280 0.0000 0.0254 0.3739 0.5780 0.243 0.379  0.161 0.353 0.372 0.847 0.000 0.124 0.000 0.001 0.000 
211 1.075384e+07 5.0574 3.9661 1.4670  8.4022 3.2337 0.0000 0.0237 0.3697 0.5838 0.243 0.379  0.158 0.353 0.372 0.850 0.000 0.124 0.000 0.001 0.000 
212 1.075564e+07 5.0563 3.9583 1.4367  8.4034 3.2373 0.0000 0.0228 0.3674 0.5870 0.243 0.379  0.156 0.353 0.372 0.856 0.000 0.124 0.000 0.001 0.000 
213 1.075728e+07 5.0550 3.9498 1.4040  8.4047 3.2412 0.0000 0.0217 0.3646 0.5910 0.243 0.379  0.154 0.353 0.372 0.856 0.000 0.124 0.000 0.001 0.000 
214 1.075876e+07 5.0529 3.9357 1.3497  8.4070 3.2480 0.0000 0.0201 0.3603 0.5968 0.243 0.379  0.151 0.353 0.372 0.864 0.000 0.124 0.000 0.001 0.000 
215 1.076003e+07 5.0521 3.9305 1.3297  8.4077 3.2501 0.0000 0.0195 0.3589 0.5988 0.243 0.379  0.149 0.353 0.372 0.863 0.000 0.124 0.000 0.001 0.000 
216 1.076128e+07 5.0503 3.9193 1.2867  8.4093 3.2547 0.0000 0.0184 0.3560 0.6028 0.243 0.379  0.147 0.353 0.371 0.865 0.000 0.124 0.000 0.001 0.000 
217 1.076246e+07 5.0483 3.9072 1.2403  8.4110 3.2600 0.0000 0.0173 0.3531 0.6067 0.243 0.379  0.144 0.353 0.371 0.873 0.000 0.124 0.000 0.001 0.000 
218 1.076360e+07 5.0471 3.9009 1.2163  8.4118 3.2624 0.0000 0.0168 0.3516 0.6088 0.243 0.379  0.143 0.353 0.371 0.873 0.000 0.124 0.000 0.001 0.000 
219 1.076459e+07 5.0444 3.8874 1.1650  8.4136 3.2677 0.0000 0.0157 0.3487 0.6128 0.243 0.379  0.140 0.353 0.371 0.876 0.000 0.129 0.000 0.001 0.000 
220 1.076541e+07 5.0429 3.8785 1.1309  8.4147 3.2709 0.0000 0.0151 0.3471 0.6148 0.243 0.379  0.138 0.353 0.371 0.883 0.000 0.129 0.000 0.001 0.000 
221 1.076619e+07 5.0412 3.8693 1.0958  8.4156 3.2738 0.0000 0.0146 0.3456 0.6169 0.243 0.379  0.136 0.353 0.370 0.884 0.000 0.129 0.000 0.001 0.000 
222 1.076691e+07 5.0394 3.8599 1.0600  8.4166 3.2767 0.0000 0.0140 0.3441 0.6190 0.243 0.379  0.134 0.353 0.370 0.886 0.000 0.129 0.000 0.001 0.000 
223 1.076760e+07 5.0363 3.8450 1.0035  8.4181 3.2811 0.0000 0.0132 0.3420 0.6219 0.244 0.379  0.132 0.353 0.370 0.891 0.000 0.129 0.000 0.001 0.000 
224 1.076820e+07 5.0351 3.8390 0.9807  8.4188 3.2832 0.0000 0.0130 0.3412 0.6229 0.244 0.379  0.131 0.353 0.370 0.898 0.000 0.129 0.000 0.001 0.000 
225 1.076876e+07 5.0337 3.8315 0.9521  8.4194 3.2850 0.0000 0.0126 0.3403 0.6241 0.244 0.379  0.129 0.353 0.370 0.898 0.000 0.129 0.000 0.001 0.000 
226 1.076929e+07 5.0298 3.8137 0.8848  8.4208 3.2894 0.0000 0.0119 0.3383 0.6268 0.244 0.379  0.126 0.353 0.370 0.903 0.000 0.129 0.000 0.001 0.000 
227 1.076978e+07 5.0298 3.8137 0.8848  8.4208 3.2894 0.0000 0.0119 0.3383 0.6268 0.244 0.379  0.126 0.353 0.370 0.903 0.000 0.129 0.000 0.001 0.000 
228 1.077025e+07 5.0251 3.7944 0.8123  8.4225 3.2945 0.0000 0.0112 0.3364 0.6294 0.244 0.379  0.123 0.353 0.370 0.918 0.000 0.129 0.000 0.001 0.000 
229 1.077065e+07 5.0228 3.7843 0.7742  8.4231 3.2963 0.0000 0.0109 0.3355 0.6305 0.244 0.379  0.122 0.353 0.370 0.918 0.000 0.129 0.000 0.001 0.000 
230 1.077111e+07 5.0202 3.7753 0.7408  8.4238 3.2984 0.0000 0.0106 0.3346 0.6317 0.244 0.379  0.120 0.353 0.370 0.921 0.000 0.129 0.000 0.001 0.000 
231 1.077148e+07 5.0176 3.7664 0.7078  8.4245 3.3003 0.0000 0.0103 0.3339 0.6327 0.244 0.379  0.119 0.353 0.369 0.925 0.000 0.129 0.000 0.001 0.000 
232 1.077182e+07 5.0140 3.7540 0.6618  8.4252 3.3026 0.0000 0.0100 0.3330 0.6339 0.244 0.379  0.117 0.353 0.369 0.932 0.000 0.129 0.000 0.001 0.000 
233 1.077213e+07 5.0117 3.7463 0.6330  8.4257 3.3039 0.0000 0.0099 0.3325 0.6346 0.244 0.379  0.116 0.353 0.369 0.936 0.000 0.129 0.000 0.001 0.000 
234 1.077242e+07 5.0088 3.7371 0.5991  8.4263 3.3059 0.0000 0.0097 0.3320 0.6353 0.244 0.379  0.115 0.353 0.369 0.948 0.000 0.129 0.000 0.001 0.000 
235 1.077266e+07 5.0042 3.7219 0.5429  8.4270 3.3080 0.0000 0.0094 0.3311 0.6364 0.244 0.379  0.113 0.353 0.369 0.954 0.000 0.129 0.000 0.001 0.000 
236 1.077293e+07 5.0005 3.7120 0.5070  8.4275 3.3096 0.0000 0.0092 0.3306 0.6372 0.244 0.379  0.112 0.353 0.369 0.961 0.000 0.125 0.000 0.001 0.000 
237 1.077317e+07 4.9962 3.7008 0.4665  8.4281 3.3111 0.0000 0.0090 0.3300 0.6379 0.244 0.379  0.111 0.353 0.369 0.968 0.000 0.130 0.000 0.001 0.000 
238 1.077340e+07 4.9930 3.6931 0.4389  8.4284 3.3122 0.0000 0.0088 0.3296 0.6384 0.243 0.379  0.110 0.353 0.369 0.974 0.000 0.130 0.000 0.001 0.000 
239 1.077361e+07 4.9886 3.6832 0.4037  8.4288 3.3135 0.0000 0.0087 0.3292 0.6391 0.243 0.379  0.109 0.353 0.369 0.982 0.000 0.130 0.000 0.001 0.000 
240 1.077382e+07 4.9824 3.6705 0.3591  8.4294 3.3152 0.0000 0.0085 0.3286 0.6398 0.243 0.379  0.108 0.353 0.369 0.995 0.000 0.130 0.000 0.001 0.000 
241 1.077402e+07 4.9783 3.6632 0.3340  8.4297 3.3161 0.0000 0.0084 0.3284 0.6401 0.243 0.379  0.107 0.353 0.369 1.005 0.000 0.130 0.000 0.001 0.000 
242 1.077422e+07 4.9732 3.6545 0.3043  8.4300 3.3171 0.0000 0.0083 0.3280 0.6406 0.243 0.379  0.106 0.353 0.369 1.015 0.000 0.130 0.000 0.001 0.000 
243 1.077442e+07 4.9667 3.6454 0.2744  8.4304 3.3184 0.0000 0.0081 0.3276 0.6411 0.242 0.379  0.106 0.353 0.369 1.029 0.000 0.130 0.000 0.001 0.000 
244 1.077462e+07 4.9585 3.6354 0.2426  8.4310 3.3202 0.0000 0.0080 0.3272 0.6417 0.242 0.379  0.105 0.353 0.368 1.055 0.000 0.130 0.000 0.002 0.000 
245 1.077486e+07 4.9431 3.6209 0.2000  8.4317 3.3224 0.0000 0.0077 0.3265 0.6426 0.242 0.379  0.103 0.353 0.368 1.088 0.000 0.130 0.000 0.002 0.000 
246 1.077512e+07 4.9262 3.6122 0.1821  8.4323 3.3240 0.0000 0.0075 0.3260 0.6433 0.242 0.379  0.102 0.353 0.368 1.127 0.000 0.130 0.000 0.002 0.000 
247 1.077546e+07 4.9015 3.6035 0.1720  8.4331 3.3265 0.0000 0.0073 0.3252 0.6443 0.242 0.379  0.101 0.353 0.368 1.188 0.000 0.130 0.000 0.002 0.000 
248 1.077598e+07 4.8743 3.5981 0.1776  8.4341 3.3297 0.0000 0.0069 0.3243 0.6456 0.241 0.379  0.095 0.353 0.368 1.258 0.000 0.130 0.000 0.002 0.000 
249 1.077653e+07 4.8330 3.5930 0.1985  8.4358 3.3348 0.0000 0.0065 0.3230 0.6473 0.241 0.379  0.083 0.353 0.367 1.379 0.000 0.130 0.000 0.002 0.000 
250 1.077696e+07 4.8156 3.5888 0.1991  8.4368 3.3380 0.0000 0.0062 0.3221 0.6484 0.241 0.379  0.070 0.353 0.367 1.425 0.000 0.130 0.000 0.002 0.000 lmin1cheb
251 1.077736e+07 4.8349 3.5820 0.1526  8.4378 3.3412 0.0000 0.0059 0.3213 0.6495 0.240 0.379  0.052 0.354 0.366 1.354 0.000 0.130 0.000 0.002 0.000 
252 1.077760e+07 4.8608 3.5774 0.1083  8.4385 3.3434 0.0000 0.0058 0.3210 0.6500 0.240 0.379  0.043 0.354 0.366 1.285 0.000 0.130 0.000 0.002 0.000 
253 1.077786e+07 4.8909 3.5730 0.0606  8.4390 3.3450 0.0000 0.0056 0.3206 0.6505 0.240 0.377  0.036 0.354 0.366 1.194 0.000 0.130 0.000 0.002 0.000 
254 1.077822e+07 4.9390 3.5670 -0.0115  8.4401 3.3486 0.0000 0.0054 0.3198 0.6516 0.239 0.377  0.026 0.353 0.365 1.062 0.000 0.130 0.000 0.002 0.000 
255 1.077901e+07 4.9780 3.5622 -0.0697  8.4425 3.3558 0.0000 0.0049 0.3184 0.6534 0.238 0.376  0.019 0.353 0.365 0.971 0.000 0.130 0.000 0.002 0.000 
256 1.078489e+07 5.0209 3.5563 -0.1364  8.4794 3.4688 0.0000 0.0008 0.3071 0.6681 0.224 0.376  0.023 0.353 0.364 0.678 0.000 0.130 0.000 0.003 0.000 
257 1.078793e+07 5.0477 3.5507 -0.1856  8.5583 3.7198 0.0000 0.0000 0.3051 0.6704 0.000 0.376  0.046 0.354 0.363 0.085 0.244 0.280 0.000 0.010 0.000 
258 1.078987e+07 5.0857 3.5468 -0.2394  8.6106 3.8962 0.0000 0.0000 0.3051 0.6704 0.000 0.375  0.044 0.354 0.362 0.339 0.244 0.288 0.000 0.023 0.000 
259 1.079371e+07 5.1226 3.5429 -0.2919  8.6718 4.1376 0.0000 0.0000 0.3051 0.6704 0.000 0.370  0.002 0.354 0.361 0.739 0.244 0.286 0.000 0.054 0.000 
260 1.079550e+07 5.1627 3.5393 -0.3466  8.7020 4.2579 0.0000 0.0000 0.3051 0.6704 0.000 0.367  0.000 0.354 0.360 0.820 0.238 0.284 0.000 0.080 0.000 
261 1.079777e+07 5.1983 3.5358 -0.3962  8.7399 4.4138 0.0000 0.0000 0.3051 0.6704 0.000 0.364  0.000 0.354 0.359 0.801 0.199 0.281 0.000 0.145 0.000 
262 1.080105e+07 5.2378 3.5309 -0.4556  8.8276 4.8921 0.0000 0.0000 0.3051 0.6704 0.000 0.359  0.000 0.000 0.000 0.991 0.213 0.273 0.115 1.360 0.000 
263 1.080139e+07 5.2466 3.5299 -0.4686  8.8568 4.9955 0.0000 0.0000 0.3051 0.6704 0.000 0.359  0.000 0.000 0.000 1.287 0.215 0.272 0.735 2.668 0.000 1sttp
