#n   age/yr      logL   logTef grav    logTc  logrho Xc     Yc     Xc_C   Xc_O   Q_conv Q_disc L_H/L Q1_H Q2_H L_He/L Q1_He Q2_He L_C/L L_nu/L Q_Tmax phase
#(1) (2)         (3)    (4)    (5)     (6)    (7)    (8)    (9)    (10)   (11)   (12)   (13)   (14) (15)  (16) (17)   (18)  (19)  (20)  (21)   (22)   (23) 
  1 0.000000e+00 3.1881 4.3106 4.2834  7.4667 1.1764 0.7522 0.2303 0.0000 0.0081 0.348 0.000  0.980 0.341 0.431 0.000 0.000 0.000 0.000 0.000 0.000 bms
  2 1.451222e+06 3.1651 4.3035 4.2780  7.4630 1.1591 0.7432 0.2394 0.0001 0.0071 0.341 0.349  1.003 0.349 0.435 0.000 0.000 0.000 0.000 0.000 0.000 
  3 8.298221e+06 3.1919 4.2959 4.2208  7.4588 1.1311 0.6974 0.2856 0.0001 0.0043 0.330 0.349  1.002 0.000 0.289 0.000 0.000 0.000 0.000 0.000 0.000 
  4 1.564355e+07 3.2257 4.2907 4.1662  7.4604 1.1193 0.6446 0.3386 0.0001 0.0028 0.311 0.349  1.002 0.000 0.278 0.000 0.000 0.000 0.000 0.000 0.000 
  5 2.238863e+07 3.2602 4.2854 4.1105  7.4642 1.1130 0.5879 0.3954 0.0001 0.0019 0.300 0.359  1.002 0.000 0.267 0.000 0.000 0.000 0.000 0.000 0.000 
  6 2.819387e+07 3.2931 4.2801 4.0564  7.4688 1.1115 0.5340 0.4494 0.0001 0.0014 0.282 0.374  1.002 0.000 0.256 0.000 0.000 0.000 0.000 0.000 0.000 
  7 3.321240e+07 3.3269 4.2733 3.9954  7.4745 1.1128 0.4756 0.5079 0.0001 0.0010 0.266 0.388  1.002 0.000 0.245 0.000 0.000 0.000 0.000 0.000 0.000 
  8 3.743850e+07 3.3566 4.2659 3.9361  7.4802 1.1167 0.4211 0.5624 0.0001 0.0008 0.253 0.394  1.002 0.000 0.234 0.000 0.000 0.000 0.000 0.000 0.000 
  9 4.101122e+07 3.3825 4.2584 3.8802  7.4858 1.1231 0.3725 0.6110 0.0001 0.0007 0.238 0.400  1.002 0.000 0.223 0.000 0.000 0.000 0.000 0.000 0.000 
 10 4.398587e+07 3.4069 4.2499 3.8218  7.4917 1.1311 0.3246 0.6589 0.0001 0.0006 0.227 0.400  1.002 0.000 0.213 0.000 0.000 0.000 0.000 0.000 0.000 
 11 4.649709e+07 3.4272 4.2416 3.7683  7.4973 1.1410 0.2829 0.7006 0.0001 0.0005 0.215 0.407  1.002 0.000 0.204 0.000 0.000 0.000 0.000 0.000 0.000 
 12 4.856659e+07 3.4458 4.2327 3.7141  7.5033 1.1527 0.2428 0.7407 0.0001 0.0005 0.205 0.407  1.002 0.000 0.194 0.000 0.000 0.000 0.000 0.000 0.000 
 13 5.036301e+07 3.4638 4.2228 3.6565  7.5100 1.1679 0.2022 0.7813 0.0001 0.0005 0.193 0.407  1.002 0.000 0.184 0.000 0.000 0.000 0.000 0.000 0.000 
 14 5.189220e+07 3.4781 4.2137 3.6058  7.5164 1.1835 0.1685 0.8150 0.0001 0.0004 0.184 0.407  1.002 0.000 0.176 0.000 0.000 0.000 0.000 0.000 0.000 
 15 5.323331e+07 3.4922 4.2039 3.5525  7.5238 1.2033 0.1341 0.8494 0.0001 0.0004 0.174 0.407  1.003 0.000 0.168 0.000 0.000 0.000 0.000 0.000 0.000 
 16 5.442958e+07 3.5055 4.1939 3.4992  7.5328 1.2283 0.1005 0.8830 0.0001 0.0004 0.165 0.407  1.003 0.000 0.159 0.000 0.000 0.000 0.000 0.000 0.000 
 17 5.556649e+07 3.5181 4.1848 3.4502  7.5438 1.2606 0.0688 0.9147 0.0001 0.0004 0.156 0.407  1.002 0.000 0.152 0.000 0.000 0.000 0.000 0.000 0.000 
 18 5.669446e+07 3.5362 4.1779 3.4045  7.5663 1.3278 0.0302 0.9533 0.0002 0.0004 0.146 0.407  1.000 0.000 0.144 0.000 0.000 0.000 0.000 0.000 0.000 tminms
 19 5.726314e+07 3.5546 4.1862 3.4193  7.5966 1.4198 0.0094 0.9742 0.0002 0.0003 0.139 0.407  0.990 0.000 0.192 0.000 0.000 0.000 0.000 0.000 0.000 
 20 5.738908e+07 3.5657 4.1959 3.4470  7.6153 1.4779 0.0044 0.9791 0.0002 0.0003 0.135 0.407  0.974 0.000 0.212 0.000 0.000 0.000 0.000 0.000 0.000 
 21 5.744544e+07 3.5764 4.2049 3.4723  7.6314 1.5300 0.0023 0.9812 0.0002 0.0003 0.132 0.407  0.948 0.000 0.229 0.000 0.000 0.000 0.000 0.000 0.000 
 22 5.747616e+07 3.5900 4.2145 3.4971  7.6497 1.5937 0.0010 0.9825 0.0002 0.0003 0.125 0.407  0.897 0.000 0.249 0.000 0.000 0.000 0.000 0.000 0.000 
 23 5.749347e+07 3.6069 4.2242 3.5190  7.6719 1.6825 0.0004 0.9832 0.0002 0.0003 0.110 0.407  0.801 0.000 0.277 0.000 0.000 0.000 0.000 0.000 0.000 
 24 5.750709e+07 3.6181 4.2313 3.5362  7.6995 1.9228 0.0000 0.9835 0.0002 0.0003 0.000 0.407  0.918 0.000 0.329 0.000 0.000 0.000 0.000 0.000 0.000 tmaxlms
 25 5.751292e+07 3.5925 4.2247 3.5354  7.6882 2.0565 0.0000 0.9835 0.0002 0.0003 0.000 0.407  1.251 0.023 0.312 0.000 0.000 0.000 0.000 0.000 0.000 
 26 5.751655e+07 3.5700 4.2166 3.5255  7.6863 2.1257 0.0000 0.9835 0.0002 0.0003 0.000 0.407  1.290 0.035 0.304 0.000 0.000 0.000 0.000 0.000 0.000 
 27 5.752019e+07 3.5539 4.2065 3.5012  7.6887 2.1917 0.0000 0.9835 0.0002 0.0003 0.000 0.407  1.323 0.041 0.299 0.000 0.000 0.000 0.000 0.000 0.000 
 28 5.752339e+07 3.5502 4.1997 3.4777  7.6910 2.2313 0.0000 0.9835 0.0002 0.0003 0.000 0.407  1.330 0.047 0.294 0.000 0.000 0.000 0.000 0.000 0.000 lminsgb
 29 5.752740e+07 3.5518 4.1918 3.4445  7.6944 2.2762 0.0000 0.9835 0.0002 0.0003 0.000 0.407  1.329 0.050 0.289 0.000 0.000 0.000 0.000 0.000 0.000 
 30 5.753152e+07 3.5590 4.1825 3.4001  7.6988 2.3262 0.0000 0.9835 0.0002 0.0003 0.000 0.407  1.315 0.054 0.281 0.000 0.000 0.000 0.000 0.000 0.000 
 31 5.753563e+07 3.5697 4.1716 3.3458  7.7045 2.3818 0.0000 0.9835 0.0002 0.0003 0.000 0.407  1.292 0.060 0.273 0.000 0.000 0.000 0.000 0.000 0.000 
 32 5.753993e+07 3.5805 4.1597 3.2874  7.7113 2.4396 0.0000 0.9835 0.0002 0.0003 0.000 0.407  1.270 0.066 0.268 0.000 0.000 0.000 0.000 0.000 0.000 
 33 5.754429e+07 3.5851 4.1535 3.2580  7.7149 2.4685 0.0000 0.9835 0.0002 0.0003 0.000 0.407  1.260 0.070 0.264 0.000 0.000 0.000 0.000 0.000 0.000 
 34 5.754854e+07 3.5926 4.1402 3.1973  7.7229 2.5265 0.0000 0.9835 0.0002 0.0003 0.000 0.407  1.244 0.073 0.256 0.000 0.000 0.000 0.000 0.000 0.000 
 35 5.755287e+07 3.5955 4.1332 3.1664  7.7273 2.5556 0.0000 0.9835 0.0002 0.0003 0.000 0.407  1.237 0.076 0.252 0.000 0.000 0.000 0.000 0.000 0.000 
 36 5.755714e+07 3.5995 4.1183 3.1028  7.7366 2.6138 0.0000 0.9835 0.0002 0.0003 0.000 0.407  1.229 0.083 0.249 0.000 0.000 0.000 0.000 0.000 0.000 
 37 5.756125e+07 3.6007 4.1104 3.0700  7.7417 2.6433 0.0000 0.9835 0.0002 0.0003 0.000 0.407  1.226 0.083 0.245 0.000 0.000 0.000 0.000 0.000 0.000 
 38 5.756536e+07 3.6014 4.1021 3.0361  7.7470 2.6726 0.0000 0.9835 0.0002 0.0003 0.000 0.407  1.224 0.086 0.241 0.000 0.000 0.000 0.000 0.000 0.000 
 39 5.756685e+07 3.6016 4.0935 3.0015  7.7525 2.7019 0.0000 0.9835 0.0002 0.0003 0.000 0.407  1.224 0.089 0.241 0.000 0.000 0.000 0.000 0.000 0.000 lmaxsgb
 40 5.757076e+07 3.6014 4.0844 2.9653  7.7583 2.7313 0.0000 0.9835 0.0002 0.0003 0.000 0.407  1.222 0.091 0.235 0.000 0.000 0.000 0.000 0.000 0.000 
 41 5.757447e+07 3.6005 4.0748 2.9278  7.7643 2.7608 0.0000 0.9835 0.0002 0.0003 0.000 0.407  1.224 0.092 0.233 0.000 0.000 0.000 0.000 0.000 0.000 
 42 5.757818e+07 3.5990 4.0638 2.8853  7.7711 2.7933 0.0000 0.9835 0.0002 0.0003 0.000 0.407  1.226 0.096 0.229 0.000 0.000 0.000 0.000 0.000 0.000 
 43 5.758160e+07 3.5975 4.0551 2.8520  7.7766 2.8181 0.0000 0.9835 0.0002 0.0003 0.000 0.407  1.229 0.097 0.229 0.000 0.000 0.000 0.000 0.000 0.000 
 44 5.758504e+07 3.5953 4.0453 2.8150  7.7824 2.8441 0.0000 0.9835 0.0002 0.0003 0.000 0.407  1.233 0.099 0.225 0.000 0.000 0.000 0.000 0.000 0.000 
 45 5.758824e+07 3.5923 4.0347 2.7756  7.7886 2.8710 0.0000 0.9835 0.0002 0.0003 0.000 0.407  1.238 0.100 0.223 0.000 0.000 0.000 0.000 0.000 0.000 
 46 5.759130e+07 3.5894 4.0254 2.7413  7.7940 2.8935 0.0000 0.9835 0.0002 0.0003 0.000 0.407  1.243 0.102 0.220 0.000 0.000 0.000 0.000 0.000 0.000 
 47 5.759423e+07 3.5853 4.0137 2.6986  7.8006 2.9205 0.0000 0.9835 0.0002 0.0003 0.000 0.407  1.251 0.105 0.218 0.000 0.000 0.000 0.000 0.000 0.000 
 48 5.759708e+07 3.5827 4.0067 2.6732  7.8045 2.9359 0.0000 0.9835 0.0002 0.0003 0.000 0.407  1.255 0.105 0.216 0.000 0.000 0.000 0.000 0.000 0.000 
 49 5.759986e+07 3.5795 3.9990 2.6456  7.8087 2.9528 0.0000 0.9835 0.0002 0.0003 0.000 0.407  1.260 0.107 0.215 0.000 0.000 0.000 0.000 0.000 0.000 
 50 5.760241e+07 3.5757 3.9898 2.6126  7.8135 2.9713 0.0000 0.9835 0.0002 0.0003 0.000 0.407  1.267 0.108 0.213 0.000 0.000 0.000 0.000 0.000 0.000 
 51 5.760495e+07 3.5685 3.9730 2.5526  7.8220 3.0032 0.0000 0.9835 0.0002 0.0003 0.000 0.407  1.280 0.110 0.211 0.000 0.000 0.000 0.000 0.000 0.000 
 52 5.760738e+07 3.5637 3.9626 2.5158  7.8270 3.0219 0.0000 0.9835 0.0002 0.0003 0.000 0.407  1.291 0.112 0.209 0.000 0.000 0.000 0.000 0.000 0.000 
 53 5.760965e+07 3.5591 3.9532 2.4828  7.8314 3.0381 0.0000 0.9835 0.0002 0.0003 0.000 0.407  1.298 0.114 0.209 0.000 0.000 0.000 0.000 0.000 0.000 
 54 5.761182e+07 3.5548 3.9449 2.4539  7.8352 3.0519 0.0000 0.9835 0.0002 0.0003 0.000 0.407  1.307 0.114 0.207 0.000 0.000 0.000 0.000 0.000 0.000 
 55 5.761394e+07 3.5491 3.9344 2.4176  7.8399 3.0684 0.0000 0.9835 0.0002 0.0003 0.000 0.407  1.317 0.116 0.206 0.000 0.000 0.000 0.000 0.000 0.000 
 56 5.761591e+07 3.5456 3.9281 2.3959  7.8426 3.0779 0.0000 0.9835 0.0002 0.0003 0.000 0.407  1.323 0.116 0.206 0.000 0.000 0.000 0.000 0.000 0.000 
 57 5.761785e+07 3.5369 3.9129 2.3438  7.8488 3.0998 0.0000 0.9835 0.0002 0.0003 0.000 0.407  1.341 0.117 0.203 0.000 0.000 0.000 0.000 0.000 0.000 
 58 5.761964e+07 3.5315 3.9036 2.3120  7.8525 3.1124 0.0000 0.9835 0.0002 0.0003 0.000 0.407  1.351 0.119 0.203 0.000 0.000 0.000 0.000 0.000 0.000 
 59 5.762139e+07 3.5251 3.8928 2.2752  7.8566 3.1263 0.0000 0.9835 0.0002 0.0003 0.000 0.407  1.365 0.119 0.201 0.000 0.000 0.000 0.000 0.000 0.000 
 60 5.762305e+07 3.5192 3.8830 2.2419  7.8602 3.1385 0.0000 0.9835 0.0002 0.0003 0.000 0.407  1.377 0.120 0.201 0.000 0.000 0.000 0.000 0.000 0.000 
 61 5.762464e+07 3.5135 3.8733 2.2088  7.8636 3.1502 0.0000 0.9835 0.0002 0.0003 0.000 0.407  1.391 0.120 0.200 0.000 0.000 0.000 0.000 0.000 0.000 
 62 5.762616e+07 3.5069 3.8627 2.1730  7.8673 3.1623 0.0000 0.9835 0.0002 0.0003 0.000 0.407  1.403 0.122 0.200 0.000 0.000 0.000 0.000 0.000 0.000 
 63 5.762761e+07 3.5009 3.8533 2.1414  7.8704 3.1725 0.0000 0.9835 0.0002 0.0003 0.000 0.407  1.415 0.122 0.198 0.000 0.000 0.000 0.000 0.000 0.000 
 64 5.762899e+07 3.4973 3.8477 2.1226  7.8722 3.1784 0.0000 0.9835 0.0002 0.0003 0.000 0.407  1.425 0.123 0.197 0.000 0.000 0.000 0.000 0.000 0.000 
 65 5.763034e+07 3.4884 3.8341 2.0771  7.8763 3.1920 0.0000 0.9835 0.0002 0.0003 0.000 0.407  1.444 0.123 0.196 0.000 0.000 0.000 0.000 0.000 0.000 
 66 5.763160e+07 3.4829 3.8259 2.0498  7.8787 3.1999 0.0000 0.9835 0.0002 0.0003 0.000 0.407  1.456 0.124 0.196 0.000 0.000 0.000 0.000 0.000 0.000 
 67 5.763283e+07 3.4766 3.8165 2.0185  7.8814 3.2085 0.0000 0.9835 0.0002 0.0003 0.000 0.407  1.471 0.124 0.195 0.000 0.000 0.000 0.000 0.000 0.000 
 68 5.763402e+07 3.4676 3.8035 1.9755  7.8849 3.2198 0.0000 0.9835 0.0002 0.0003 0.000 0.407  1.491 0.125 0.195 0.000 0.000 0.000 0.000 0.000 0.000 
 69 5.763515e+07 3.4608 3.7938 1.9435  7.8875 3.2280 0.0000 0.9835 0.0002 0.0003 0.000 0.407  1.508 0.125 0.194 0.000 0.000 0.000 0.000 0.000 0.000 
 70 5.763626e+07 3.4534 3.7830 1.9077  7.8902 3.2367 0.0000 0.9835 0.0002 0.0003 0.000 0.407  1.528 0.126 0.194 0.000 0.000 0.000 0.000 0.000 0.000 
 71 5.763728e+07 3.4482 3.7756 1.8833  7.8921 3.2424 0.0000 0.9835 0.0002 0.0003 0.000 0.407  1.541 0.126 0.194 0.000 0.000 0.000 0.000 0.000 0.000 
 72 5.763828e+07 3.4416 3.7662 1.8523  7.8943 3.2494 0.0000 0.9835 0.0002 0.0003 0.000 0.407  1.557 0.127 0.193 0.000 0.000 0.000 0.000 0.000 0.000 
 73 5.763922e+07 3.4330 3.7543 1.8133  7.8969 3.2578 0.0000 0.9835 0.0002 0.0003 0.000 0.407  1.579 0.127 0.193 0.000 0.000 0.000 0.000 0.000 0.000 
 74 5.764012e+07 3.4277 3.7472 1.7902  7.8985 3.2627 0.0000 0.9835 0.0002 0.0003 0.000 0.407  1.592 0.127 0.192 0.000 0.000 0.000 0.000 0.000 0.000 
 75 5.764099e+07 3.4216 3.7391 1.7639  7.9002 3.2680 0.0000 0.9835 0.0002 0.0003 0.000 0.407  1.609 0.127 0.192 0.000 0.000 0.000 0.000 0.000 0.000 
 76 5.764182e+07 3.4144 3.7300 1.7347  7.9021 3.2739 0.0000 0.9835 0.0002 0.0003 0.000 0.407  1.628 0.127 0.191 0.000 0.000 0.000 0.000 0.000 0.000 
 77 5.764266e+07 3.4006 3.7137 1.6833  7.9054 3.2841 0.0000 0.9835 0.0002 0.0003 0.000 0.407  1.668 0.129 0.191 0.000 0.000 0.000 0.000 0.000 0.000 
 78 5.764358e+07 3.3915 3.7048 1.6568  7.9074 3.2902 0.0000 0.9835 0.0002 0.0003 0.000 0.407  1.697 0.129 0.190 0.000 0.000 0.000 0.000 0.000 0.000 
 79 5.764462e+07 3.3797 3.6950 1.6294  7.9098 3.2977 0.0000 0.9835 0.0002 0.0003 0.000 0.407  1.732 0.129 0.190 0.000 0.000 0.000 0.000 0.000 0.000 
 80 5.764566e+07 3.3662 3.6853 1.6041  7.9123 3.3054 0.0000 0.9835 0.0002 0.0003 0.000 0.407  1.778 0.129 0.189 0.000 0.000 0.000 0.000 0.000 0.000 
 81 5.764712e+07 3.3468 3.6760 1.5863  7.9157 3.3157 0.0000 0.9835 0.0002 0.0003 0.000 0.407  1.839 0.130 0.188 0.000 0.000 0.000 0.000 0.000 0.000 
 82 5.764899e+07 3.3208 3.6678 1.5795  7.9203 3.3295 0.0000 0.9835 0.0002 0.0003 0.000 0.407  1.926 0.130 0.188 0.000 0.000 0.000 0.000 0.000 0.000 
 83 5.765111e+07 3.3002 3.6625 1.5789  7.9241 3.3412 0.0000 0.9835 0.0002 0.0003 0.000 0.407  1.991 0.131 0.187 0.000 0.000 0.000 0.000 0.000 0.000 
 84 5.765331e+07 3.2706 3.6509 1.5621  7.9313 3.3626 0.0000 0.9835 0.0002 0.0003 0.000 0.407  2.077 0.132 0.186 0.000 0.000 0.000 0.000 0.000 0.000 
 85 5.765376e+07 3.2706 3.6509 1.5621  7.9313 3.3626 0.0000 0.9835 0.0002 0.0003 0.000 0.407  2.077 0.132 0.186 0.000 0.000 0.000 0.000 0.000 0.000 brgb
 86 5.765617e+07 3.2769 3.6437 1.5270  7.9363 3.3773 0.0000 0.9835 0.0002 0.0003 0.000 0.407  2.011 0.133 0.184 0.000 0.000 0.000 0.000 0.000 0.000 
 87 5.765762e+07 3.3113 3.6351 1.4582  7.9417 3.3930 0.0000 0.9835 0.0002 0.0003 0.000 0.407  1.827 0.134 0.183 0.000 0.000 0.000 0.000 0.000 0.000 
 88 5.765877e+07 3.3453 3.6301 1.4042  7.9446 3.4016 0.0000 0.9835 0.0002 0.0003 0.000 0.407  1.679 0.134 0.183 0.000 0.000 0.000 0.000 0.000 0.000 
 89 5.765976e+07 3.3912 3.6246 1.3363  7.9477 3.4109 0.0000 0.9835 0.0002 0.0003 0.000 0.404  1.504 0.135 0.183 0.000 0.000 0.000 0.000 0.000 0.000 
 90 5.766072e+07 3.3912 3.6246 1.3363  7.9477 3.4109 0.0000 0.9835 0.0002 0.0003 0.000 0.404  1.504 0.135 0.183 0.000 0.000 0.000 0.000 0.000 0.000 
 91 5.766173e+07 3.4437 3.6190 1.2614  7.9512 3.4209 0.0000 0.9835 0.0002 0.0003 0.000 0.397  1.334 0.135 0.182 0.000 0.000 0.000 0.000 0.000 0.000 
 92 5.766286e+07 3.4919 3.6141 1.1936  7.9546 3.4309 0.0000 0.9835 0.0002 0.0003 0.000 0.391  1.200 0.136 0.182 0.000 0.000 0.000 0.000 0.000 0.000 
 93 5.766428e+07 3.5314 3.6108 1.1409  7.9578 3.4404 0.0000 0.9835 0.0002 0.0003 0.000 0.381  1.106 0.136 0.182 0.000 0.000 0.000 0.000 0.000 0.000 
 94 5.766637e+07 3.5779 3.6064 1.0768  7.9634 3.4571 0.0000 0.9835 0.0002 0.0003 0.000 0.375  1.013 0.137 0.181 0.000 0.000 0.000 0.000 0.000 0.000 
 95 5.767052e+07 3.6172 3.6026 1.0223  7.9729 3.4853 0.0000 0.9835 0.0002 0.0003 0.000 0.345  0.958 0.138 0.180 0.000 0.000 0.000 0.000 0.000 0.000 
 96 5.767879e+07 3.6564 3.5990 0.9687  7.9922 3.5428 0.0000 0.9835 0.0002 0.0003 0.000 0.318  0.938 0.140 0.179 0.000 0.000 0.000 0.000 0.000 0.000 
 97 5.768863e+07 3.6959 3.5952 0.9140  8.0157 3.6120 0.0000 0.9835 0.0002 0.0003 0.000 0.293  0.929 0.144 0.178 0.000 0.000 0.002 0.000 0.000 0.000 
 98 5.769903e+07 3.7318 3.5924 0.8669  8.0379 3.6762 0.0000 0.9835 0.0002 0.0003 0.000 0.273  0.923 0.147 0.177 0.000 0.000 0.009 0.000 0.000 0.000 
 99 5.770965e+07 3.7715 3.5887 0.8124  8.0637 3.7476 0.0000 0.9835 0.0003 0.0003 0.000 0.254  0.918 0.149 0.176 0.000 0.000 0.018 0.000 0.000 0.000 
100 5.772074e+07 3.8096 3.5854 0.7611  8.0957 3.8064 0.0000 0.9828 0.0009 0.0003 0.001 0.239  0.913 0.153 0.176 0.005 0.000 0.020 0.000 0.000 0.000 
101 5.773440e+07 3.8491 3.5820 0.7074  8.1344 3.8024 0.0000 0.9814 0.0022 0.0003 0.026 0.226  0.899 0.156 0.176 0.086 0.000 0.018 0.000 0.000 0.000 
102 5.777409e+07 3.8702 3.5799 0.6779  8.1384 3.6938 0.0000 0.9758 0.0072 0.0003 0.050 0.222  0.918 0.162 0.180 0.075 0.000 0.021 0.000 0.000 0.000 trgb
103 5.797099e+07 3.8333 3.5837 0.7287  8.1466 3.6328 0.0000 0.9460 0.0350 0.0005 0.053 0.223  0.900 0.178 0.195 0.094 0.000 0.025 0.000 0.000 0.000 
104 5.809831e+07 3.7964 3.5870 0.7782  8.1499 3.6045 0.0000 0.9374 0.0433 0.0007 0.070 0.223  0.881 0.185 0.201 0.114 0.000 0.026 0.000 0.000 0.000 
105 5.820421e+07 3.7608 3.5901 0.8262  8.1530 3.5911 0.0000 0.9231 0.0570 0.0009 0.073 0.223  0.861 0.189 0.206 0.134 0.000 0.027 0.000 0.000 0.000 
106 5.829346e+07 3.7211 3.5940 0.8809  8.1553 3.5800 0.0000 0.9092 0.0705 0.0012 0.075 0.223  0.839 0.192 0.209 0.157 0.000 0.028 0.000 0.000 0.000 
107 5.837793e+07 3.6871 3.5970 0.9269  8.1570 3.5722 0.0000 0.8974 0.0820 0.0015 0.076 0.224  0.818 0.195 0.211 0.178 0.000 0.029 0.000 0.000 0.000 
108 5.846014e+07 3.6419 3.6013 0.9887  8.1590 3.5635 0.0000 0.8818 0.0972 0.0020 0.078 0.224  0.787 0.198 0.214 0.209 0.000 0.030 0.000 0.000 0.000 
109 5.854624e+07 3.6096 3.6040 1.0318  8.1604 3.5580 0.0000 0.8697 0.1088 0.0024 0.080 0.224  0.763 0.199 0.215 0.233 0.000 0.030 0.000 0.000 0.000 
110 5.864402e+07 3.5649 3.6082 1.0926  8.1624 3.5512 0.0000 0.8503 0.1274 0.0032 0.081 0.224  0.725 0.201 0.217 0.271 0.000 0.030 0.000 0.000 0.000 
111 5.875870e+07 3.5299 3.6114 1.1404  8.1641 3.5457 0.0000 0.8325 0.1443 0.0040 0.082 0.224  0.690 0.203 0.219 0.306 0.000 0.031 0.000 0.000 0.000 
112 5.890556e+07 3.4929 3.6158 1.1944  8.1664 3.5400 0.0000 0.8068 0.1686 0.0054 0.084 0.224  0.647 0.205 0.221 0.349 0.000 0.032 0.000 0.000 0.000 
113 5.913031e+07 3.4536 3.6209 1.2541  8.1701 3.5339 0.0000 0.7627 0.2096 0.0084 0.086 0.225  0.588 0.224 0.226 0.407 0.000 0.033 0.000 0.000 0.000 
114 5.941913e+07 3.4368 3.6269 1.2943  8.1744 3.5289 0.0000 0.7092 0.2582 0.0132 0.089 0.225  0.540 0.211 0.230 0.453 0.000 0.034 0.000 0.000 0.000 lmincheb
115 5.963500e+07 3.4568 3.6339 1.3023  8.1776 3.5267 0.0000 0.6700 0.2929 0.0176 0.091 0.226  0.528 0.212 0.232 0.451 0.000 0.035 0.000 0.000 0.000 
116 5.969144e+07 3.4910 3.6408 1.2950  8.1787 3.5264 0.0000 0.6562 0.3050 0.0194 0.092 0.227  0.536 0.213 0.234 0.422 0.000 0.035 0.000 0.000 0.000 
117 5.972254e+07 3.5061 3.6441 1.2931  8.1790 3.5262 0.0000 0.6531 0.3077 0.0198 0.092 0.227  0.540 0.213 0.234 0.409 0.000 0.036 0.000 0.000 0.000 
118 5.974317e+07 3.5269 3.6494 1.2935  8.1793 3.5263 0.0000 0.6491 0.3112 0.0203 0.092 0.227  0.547 0.214 0.235 0.390 0.000 0.036 0.000 0.000 0.000 
119 5.975880e+07 3.5466 3.6569 1.3038  8.1795 3.5266 0.0000 0.6455 0.3142 0.0208 0.092 0.227  0.555 0.214 0.235 0.373 0.000 0.036 0.000 0.000 0.000 
120 5.976818e+07 3.5714 3.6730 1.3434  8.1798 3.5269 0.0000 0.6409 0.3183 0.0214 0.092 0.228  0.572 0.214 0.236 0.353 0.000 0.036 0.000 0.000 0.000 
121 5.977487e+07 3.5783 3.6839 1.3801  8.1799 3.5270 0.0000 0.6394 0.3196 0.0216 0.092 0.228  0.579 0.214 0.236 0.348 0.000 0.036 0.000 0.000 0.000 
122 5.978132e+07 3.5834 3.6934 1.4130  8.1800 3.5271 0.0000 0.6381 0.3207 0.0218 0.092 0.228  0.585 0.214 0.236 0.344 0.000 0.036 0.000 0.000 0.000 
123 5.978736e+07 3.5889 3.7060 1.4579  8.1801 3.5272 0.0000 0.6365 0.3220 0.0220 0.092 0.228  0.593 0.214 0.237 0.340 0.000 0.036 0.000 0.000 0.000 
124 5.979342e+07 3.5918 3.7133 1.4842  8.1802 3.5272 0.0000 0.6356 0.3228 0.0221 0.092 0.228  0.597 0.214 0.237 0.338 0.000 0.036 0.000 0.000 0.000 
125 5.979965e+07 3.5947 3.7212 1.5129  8.1803 3.5273 0.0000 0.6346 0.3237 0.0222 0.092 0.228  0.602 0.214 0.237 0.336 0.000 0.036 0.000 0.000 0.000 
126 5.980629e+07 3.5977 3.7293 1.5423  8.1804 3.5274 0.0000 0.6335 0.3246 0.0224 0.092 0.228  0.607 0.214 0.237 0.334 0.000 0.036 0.000 0.000 0.000 
127 5.981367e+07 3.6039 3.7465 1.6049  8.1806 3.5275 0.0000 0.6310 0.3268 0.0227 0.092 0.228  0.617 0.214 0.238 0.330 0.000 0.036 0.000 0.000 0.000 
128 5.982186e+07 3.6071 3.7553 1.6369  8.1807 3.5276 0.0000 0.6296 0.3280 0.0230 0.092 0.228  0.622 0.214 0.238 0.328 0.000 0.036 0.000 0.000 0.000 
129 5.983068e+07 3.6104 3.7642 1.6692  8.1808 3.5276 0.0000 0.6280 0.3294 0.0232 0.092 0.229  0.627 0.214 0.238 0.326 0.000 0.036 0.000 0.000 0.000 
130 5.984079e+07 3.6137 3.7730 1.7011  8.1810 3.5277 0.0000 0.6262 0.3309 0.0234 0.092 0.229  0.632 0.215 0.239 0.324 0.000 0.036 0.000 0.000 0.000 
131 5.985168e+07 3.6171 3.7819 1.7333  8.1811 3.5277 0.0000 0.6243 0.3325 0.0237 0.092 0.229  0.637 0.215 0.239 0.322 0.000 0.036 0.000 0.000 0.000 
132 5.986418e+07 3.6207 3.7908 1.7653  8.1813 3.5277 0.0000 0.6222 0.3343 0.0240 0.092 0.229  0.642 0.215 0.239 0.321 0.000 0.036 0.000 0.000 0.000 
133 5.987791e+07 3.6244 3.7996 1.7968  8.1815 3.5276 0.0000 0.6201 0.3361 0.0243 0.092 0.229  0.646 0.215 0.240 0.319 0.000 0.036 0.000 0.000 0.000 
134 5.989311e+07 3.6322 3.8176 1.8610  8.1819 3.5274 0.0000 0.6152 0.3402 0.0251 0.092 0.230  0.654 0.215 0.241 0.315 0.000 0.036 0.000 0.000 0.000 
135 5.990932e+07 3.6364 3.8268 1.8936  8.1822 3.5273 0.0000 0.6123 0.3427 0.0255 0.093 0.230  0.658 0.215 0.241 0.313 0.000 0.036 0.000 0.000 0.000 
136 5.992699e+07 3.6408 3.8361 1.9264  8.1826 3.5270 0.0000 0.6091 0.3454 0.0260 0.093 0.231  0.661 0.216 0.242 0.312 0.000 0.036 0.000 0.000 0.000 
137 5.994588e+07 3.6453 3.8455 1.9595  8.1829 3.5268 0.0000 0.6056 0.3483 0.0266 0.093 0.231  0.664 0.216 0.242 0.309 0.000 0.036 0.000 0.000 0.000 
138 5.996697e+07 3.6495 3.8542 1.9901  8.1832 3.5267 0.0000 0.6020 0.3513 0.0271 0.093 0.232  0.667 0.216 0.243 0.308 0.000 0.036 0.000 0.000 0.000 
139 5.999017e+07 3.6532 3.8620 2.0176  8.1835 3.5265 0.0000 0.5986 0.3542 0.0277 0.093 0.232  0.670 0.216 0.243 0.306 0.000 0.036 0.000 0.000 0.000 
140 6.001602e+07 3.6600 3.8764 2.0684  8.1842 3.5259 0.0000 0.5919 0.3598 0.0288 0.094 0.233  0.675 0.217 0.245 0.305 0.000 0.036 0.000 0.000 0.000 
141 6.004705e+07 3.6645 3.8862 2.1031  8.1847 3.5256 0.0000 0.5861 0.3645 0.0298 0.094 0.233  0.679 0.217 0.246 0.304 0.000 0.036 0.000 0.000 0.000 
142 6.008967e+07 3.6692 3.8970 2.1416  8.1855 3.5254 0.0000 0.5774 0.3717 0.0313 0.094 0.234  0.684 0.241 0.246 0.304 0.000 0.037 0.000 0.000 0.000 
143 6.020484e+07 3.6736 3.9073 2.1784  8.1878 3.5245 0.0000 0.5541 0.3906 0.0357 0.095 0.237  0.691 0.219 0.239 0.310 0.000 0.038 0.000 0.000 0.000 tmaxcheb
144 6.039556e+07 3.6719 3.8971 2.1393  8.1916 3.5256 0.0000 0.5142 0.4221 0.0439 0.096 0.239  0.682 0.221 0.241 0.324 0.000 0.039 0.000 0.000 0.000 
145 6.078320e+07 3.6762 3.8873 2.0958  8.1998 3.5292 0.0000 0.4358 0.4799 0.0643 0.099 0.241  0.653 0.225 0.243 0.348 0.000 0.041 0.000 0.000 0.000 
146 6.149328e+07 3.6863 3.8781 2.0489  8.2192 3.5459 0.0000 0.2894 0.5660 0.1239 0.105 0.246  0.603 0.228 0.248 0.400 0.000 0.045 0.000 0.000 0.000 
147 6.177416e+07 3.6873 3.8681 2.0079  8.2287 3.5587 0.0000 0.2333 0.5872 0.1582 0.107 0.248  0.577 0.230 0.250 0.425 0.000 0.047 0.000 0.000 0.000 
148 6.179650e+07 3.6873 3.8672 2.0043  8.2295 3.5599 0.0000 0.2290 0.5884 0.1613 0.107 0.248  0.576 0.230 0.250 0.428 0.000 0.047 0.000 0.000 0.000 lmaxcheb
149 6.197412e+07 3.6863 3.8571 1.9643  8.2367 3.5714 0.0000 0.1937 0.5957 0.1891 0.109 0.249  0.558 0.231 0.250 0.447 0.000 0.050 0.000 0.000 0.000 
150 6.210166e+07 3.6841 3.8463 1.9233  8.2429 3.5819 0.0000 0.1675 0.5974 0.2133 0.110 0.250  0.542 0.232 0.251 0.464 0.000 0.051 0.000 0.000 0.000 
151 6.220579e+07 3.6817 3.8363 1.8857  8.2478 3.5912 0.0000 0.1486 0.5955 0.2339 0.111 0.251  0.529 0.233 0.251 0.477 0.000 0.053 0.000 0.000 0.000 
152 6.229188e+07 3.6795 3.8270 1.8507  8.2519 3.5996 0.0000 0.1344 0.5923 0.2512 0.112 0.251  0.518 0.233 0.251 0.487 0.000 0.053 0.000 0.000 0.000 
153 6.236241e+07 3.6763 3.8165 1.8119  8.2560 3.6079 0.0000 0.1211 0.5880 0.2688 0.113 0.251  0.507 0.234 0.252 0.499 0.000 0.054 0.000 0.000 0.000 
154 6.242587e+07 3.6730 3.8064 1.7748  8.2598 3.6159 0.0000 0.1101 0.5832 0.2846 0.113 0.251  0.498 0.234 0.252 0.513 0.000 0.055 0.000 0.000 0.000 
155 6.247954e+07 3.6698 3.7964 1.7380  8.2629 3.6228 0.0000 0.1012 0.5781 0.2985 0.113 0.252  0.488 0.234 0.252 0.519 0.000 0.056 0.000 0.000 0.000 
156 6.252741e+07 3.6664 3.7865 1.7018  8.2658 3.6297 0.0000 0.0934 0.5729 0.3115 0.114 0.252  0.479 0.234 0.252 0.528 0.000 0.056 0.000 0.000 0.000 
157 6.256762e+07 3.6627 3.7765 1.6655  8.2685 3.6354 0.0000 0.0868 0.5677 0.3232 0.114 0.252  0.471 0.235 0.252 0.538 0.000 0.057 0.000 0.000 0.000 
158 6.260459e+07 3.6595 3.7673 1.6319  8.2708 3.6409 0.0000 0.0814 0.5631 0.3333 0.114 0.252  0.464 0.235 0.252 0.545 0.000 0.057 0.000 0.000 0.000 
159 6.263661e+07 3.6557 3.7564 1.5921  8.2732 3.6467 0.0000 0.0762 0.5577 0.3440 0.115 0.252  0.456 0.235 0.252 0.553 0.000 0.058 0.000 0.000 0.000 
160 6.266654e+07 3.6536 3.7508 1.5718  8.2744 3.6496 0.0000 0.0736 0.5548 0.3494 0.115 0.253  0.452 0.235 0.252 0.558 0.000 0.058 0.000 0.000 0.000 
161 6.269272e+07 3.6487 3.7382 1.5263  8.2769 3.6561 0.0000 0.0683 0.5489 0.3606 0.115 0.253  0.443 0.235 0.252 0.568 0.000 0.058 0.000 0.000 0.000 
162 6.271552e+07 3.6457 3.7311 1.5009  8.2783 3.6589 0.0000 0.0658 0.5458 0.3662 0.115 0.253  0.438 0.235 0.252 0.576 0.000 0.059 0.000 0.000 0.000 
163 6.273675e+07 3.6397 3.7158 1.4457  8.2808 3.6651 0.0000 0.0611 0.5396 0.3772 0.115 0.253  0.427 0.236 0.252 0.586 0.000 0.059 0.000 0.000 0.000 
164 6.275689e+07 3.6363 3.7078 1.4171  8.2821 3.6684 0.0000 0.0587 0.5364 0.3827 0.115 0.253  0.422 0.236 0.252 0.592 0.000 0.059 0.000 0.000 0.000 
165 6.277503e+07 3.6325 3.6995 1.3877  8.2833 3.6717 0.0000 0.0565 0.5333 0.3880 0.115 0.252  0.417 0.236 0.252 0.599 0.000 0.059 0.000 0.000 0.000 
166 6.279317e+07 3.6284 3.6914 1.3594  8.2846 3.6749 0.0000 0.0544 0.5303 0.3931 0.116 0.253  0.411 0.236 0.252 0.606 0.000 0.059 0.000 0.001 0.000 
167 6.281086e+07 3.6237 3.6834 1.3321  8.2858 3.6780 0.0000 0.0524 0.5272 0.3982 0.116 0.253  0.406 0.236 0.252 0.614 0.000 0.060 0.000 0.001 0.000 
168 6.282781e+07 3.6116 3.6667 1.2774  8.2882 3.6844 0.0000 0.0487 0.5209 0.4083 0.116 0.253  0.392 0.236 0.252 0.635 0.000 0.060 0.000 0.001 0.000 
169 6.285092e+07 3.5952 3.6562 1.2518  8.2907 3.6912 0.0000 0.0448 0.5152 0.4178 0.116 0.253  0.376 0.236 0.251 0.661 0.000 0.061 0.000 0.001 0.000 
170 6.287412e+07 3.5755 3.6479 1.2383  8.2930 3.6976 0.0000 0.0416 0.5099 0.4263 0.116 0.253  0.356 0.236 0.251 0.694 0.000 0.061 0.000 0.001 0.000 
171 6.289459e+07 3.5493 3.6403 1.2341  8.2953 3.7038 0.0000 0.0385 0.5048 0.4345 0.116 0.253  0.330 0.236 0.251 0.740 0.000 0.061 0.000 0.001 0.000 
172 6.291612e+07 3.5229 3.6333 1.2325  8.2975 3.7100 0.0000 0.0357 0.4998 0.4423 0.116 0.253  0.295 0.236 0.251 0.789 0.000 0.061 0.000 0.001 0.000 
173 6.293688e+07 3.5103 3.6276 1.2217  8.2997 3.7163 0.0000 0.0331 0.4949 0.4498 0.116 0.253  0.256 0.236 0.250 0.813 0.000 0.062 0.000 0.001 0.000 lmin1cheb
174 6.305874e+07 3.5284 3.6176 1.1636  8.3191 3.7732 0.0000 0.0161 0.4569 0.5049 0.112 0.253  0.205 0.237 0.249 0.784 0.000 0.064 0.000 0.001 0.000 
175 6.316838e+07 3.5597 3.6119 1.1095  8.3563 3.8896 0.0000 0.0031 0.4208 0.5539 0.100 0.253  0.250 0.238 0.248 0.667 0.000 0.065 0.000 0.002 0.000 
176 6.319406e+07 3.5970 3.6074 1.0542  8.3993 4.0408 0.0000 0.0002 0.4122 0.5654 0.061 0.253  0.315 0.238 0.247 0.227 0.116 0.135 0.000 0.004 0.000 
177 6.320148e+07 3.6327 3.6035 1.0029  8.4244 4.1768 0.0000 0.0000 0.4117 0.5660 0.000 0.253  0.326 0.238 0.247 0.226 0.026 0.147 0.000 0.005 0.000 
178 6.320894e+07 3.6642 3.6004 0.9590  8.4285 4.2703 0.0000 0.0000 0.4117 0.5660 0.000 0.253  0.244 0.238 0.247 0.749 0.053 0.147 0.000 0.005 0.000 lmaxeagb
179 6.322190e+07 3.6375 3.6032 0.9969  8.4286 4.3688 0.0000 0.0000 0.4117 0.5660 0.000 0.253  0.094 0.238 0.247 0.911 0.096 0.148 0.000 0.005 0.000 lmineagb
180 6.323769e+07 3.6702 3.5994 0.9484  8.4357 4.5006 0.0000 0.0000 0.4117 0.5660 0.000 0.253  0.005 0.238 0.246 1.034 0.076 0.147 0.000 0.005 0.000 
181 6.324620e+07 3.7085 3.5960 0.8965  8.4405 4.5566 0.0000 0.0000 0.4117 0.5660 0.000 0.253  0.001 0.238 0.245 1.018 0.071 0.147 0.000 0.005 0.000 
182 6.325585e+07 3.7459 3.5924 0.8447  8.4465 4.6147 0.0000 0.0000 0.4117 0.5660 0.000 0.253  0.000 0.238 0.244 1.000 0.071 0.147 0.000 0.005 0.000 
183 6.326776e+07 3.7788 3.5892 0.7990  8.4535 4.6731 0.0000 0.0000 0.4117 0.5660 0.000 0.253  0.000 0.238 0.243 0.989 0.071 0.147 0.000 0.005 0.000 
184 6.328224e+07 3.8221 3.5852 0.7397  8.4656 4.7610 0.0000 0.0000 0.4117 0.5660 0.000 0.253  0.000 0.239 0.242 0.979 0.073 0.148 0.000 0.006 0.000 
185 6.329910e+07 3.8607 3.5813 0.6855  8.4795 4.8495 0.0000 0.0000 0.4117 0.5660 0.000 0.253  0.000 0.240 0.241 0.972 0.076 0.148 0.000 0.007 0.000 
186 6.331826e+07 3.8963 3.5778 0.6359  8.4948 4.9384 0.0000 0.0000 0.4117 0.5660 0.000 0.253  0.000 0.000 0.000 0.969 0.080 0.148 0.000 0.008 0.000 
187 6.333877e+07 3.9297 3.5744 0.5889  8.5109 5.0279 0.0000 0.0000 0.4117 0.5660 0.000 0.253  0.000 0.000 0.000 0.966 0.084 0.148 0.000 0.010 0.000 
188 6.336131e+07 3.9713 3.5701 0.5294  8.5330 5.1482 0.0000 0.0000 0.4117 0.5660 0.000 0.253  0.000 0.000 0.000 0.963 0.091 0.150 0.000 0.014 0.000 
189 6.338452e+07 4.0101 3.5661 0.4746  8.5550 5.2700 0.0000 0.0000 0.4117 0.5660 0.000 0.251  0.000 0.000 0.000 0.961 0.098 0.149 0.000 0.019 0.000 
190 6.340593e+07 4.0474 3.5620 0.4209  8.5765 5.3932 0.0000 0.0000 0.4117 0.5660 0.000 0.249  0.000 0.000 0.000 0.956 0.105 0.150 0.000 0.028 0.000 
191 6.342534e+07 4.0870 3.5575 0.3627  8.5969 5.5298 0.0000 0.0000 0.4117 0.5660 0.000 0.247  0.000 0.000 0.000 0.945 0.112 0.150 0.000 0.042 0.000 
192 6.344268e+07 4.1260 3.5536 0.3081  8.6134 5.6772 0.0000 0.0000 0.4117 0.5660 0.000 0.245  0.000 0.000 0.000 0.936 0.119 0.150 0.000 0.070 0.000 
193 6.345850e+07 4.1618 3.5498 0.2571  8.6287 5.8341 0.0000 0.0000 0.4117 0.5660 0.000 0.244  0.000 0.000 0.000 0.934 0.125 0.150 0.000 0.113 0.001 
194 6.347277e+07 4.1918 3.5465 0.2139  8.6411 6.0374 0.0000 0.0000 0.4117 0.5660 0.000 0.241  0.000 0.000 0.000 0.937 0.130 0.149 0.000 0.203 0.017 
195 6.348536e+07 4.2092 3.5470 0.1979  8.6395 6.2695 0.0000 0.0000 0.4117 0.5660 0.000 0.211  0.000 0.000 0.000 0.925 0.136 0.149 0.003 0.389 0.045 
196 6.348646e+07 4.1712 3.5512 0.2527  8.6369 6.2974 0.0000 0.0000 0.4117 0.5660 0.000 0.191  0.000 0.000 0.000 0.972 0.137 0.149 0.004 0.459 0.046 
197 6.348822e+07 4.2093 3.5481 0.2022  8.6327 6.3383 0.0000 0.0000 0.4117 0.5660 0.000 0.178  0.000 0.000 0.000 0.890 0.138 0.149 0.005 0.470 0.051 
198 6.349167e+07 4.2459 3.5440 0.1492  8.6210 6.4227 0.0000 0.0000 0.4117 0.5660 0.000 0.171  0.000 0.000 0.000 0.858 0.139 0.149 0.012 0.538 0.058 
199 6.349560e+07 4.2814 3.5391 0.0941  8.5979 6.5324 0.0000 0.0000 0.4117 0.5660 0.000 0.165  0.000 0.000 0.000 0.841 0.141 0.149 0.034 0.647 0.065 
200 6.349906e+07 4.3184 3.5346 0.0391  8.5653 6.6382 0.0000 0.0000 0.4117 0.5660 0.000 0.161  0.000 0.000 0.000 0.825 0.143 0.149 0.097 0.752 0.072 
201 6.350226e+07 4.3559 3.5307 -0.0140  8.5212 6.7309 0.0000 0.0000 0.4117 0.5660 0.000 0.158  0.000 0.000 0.000 0.806 0.144 0.149 0.438 0.858 0.064 
202 6.350256e+07 4.3593 3.5304 -0.0186  8.5133 6.7362 0.0000 0.0000 0.4117 0.5660 0.000 0.158  0.000 0.000 0.000 0.793 0.144 0.149 1.017 0.889 0.062 1sttp
